original_game_id,user_id,game_id,category_id,level_id,position
k6qqkx6g,18qko9d8,pdvzyn96,9d8e4j6d,592r5g7d,3
k6qqkx6g,18qko9d8,pdvzyn96,zd3owl8d,z985e2r9,1
k6qqkx6g,18qko9d8,pdvzyn96,zd3owl8d,rdnxrk5w,1
k6qqkx6g,18qko9d8,pdvzyn96,9d8e4j6d,5wkepzvw,2
k6qqkx6g,18qko9d8,pdvzyn96,xd14g37d,592r5g7d,2
k6qqkx6g,18qko9d8,pdvzyn96,zd3owl8d,592r5g7d,2
k6qqkx6g,18qko9d8,pdvzyn96,9d8e4j6d,rdnxrk5w,2
k6qqkx6g,18qko9d8,pdvzyn96,9d8e4j6d,xd4ex7qw,3
k6qqkx6g,18qko9d8,pdvzyn96,9d8e4j6d,ewpormyd,2
k6qqkx6g,18qko9d8,yd4wjg6e,xd1mnm4d,z98jlkrw,3
k6qqkx6g,18qko9d8,k6qqkx6g,rklgq3rd,None,18
k6qqkx6g,18qko9d8,j1nemqe1,mkerpend,None,2
k6qqkx6g,18qko9d8,j1nemqe1,xd1l7zzk,None,1
k6qqkx6g,18qko9d8,j1nemqe1,5dw8ej0d,None,1
k6qqkx6g,18qko9d8,j1nemqe1,zd387zek,None,1
k6qqkx6g,18qko9d8,m1mnxlkd,ndxe3wvk,None,10
k6qqkx6g,18qko9d8,j1lvy7dg,w20w45vd,r9g42gk9,7
k6qqkx6g,18qko9d8,4d7rml17,q2587nj2,None,4
k6qqkx6g,18qko9d8,4d7rml17,z273prgd,None,9
k6qqkx6g,18qko9d8,j1nemqe1,7kjqyvzd,5925ry39,2
k6qqkx6g,18qko9d8,j1nemqe1,7kjqyvzd,29v20qld,2
k6qqkx6g,18qko9d8,j1nemqe1,7kjqyvzd,xd4xelr9,2
k6qqkx6g,18qko9d8,j1nemqe1,7kjqyvzd,xd0xn84d,1
k6qqkx6g,18qko9d8,y654o37d,vdoz18vk,None,12
k6qqkx6g,18qko9d8,v1pxomz6,xk9pvpyd,None,1
k6qqkx6g,18qko9d8,pdvzyn96,9d8e4j6d,rdnxrk5w,2
k6qqkx6g,18qko9d8,y654o37d,mkevlr82,None,10
k6qqkx6g,18qko9d8,y654o37d,mkevlr82,None,5
k6qqkx6g,18qko9d8,y654o37d,mkevlr82,None,2
k6qqkx6g,18qko9d8,y654o37d,mkevlr82,None,8
k6qqkx6g,18qko9d8,v1pxomz6,xk9pvpyd,None,4
k6qqkx6g,18qko9d8,y654o37d,wdm96xok,None,5
k6qqkx6g,18qko9d8,y654o37d,wkp931w2,None,5
k6qqkx6g,18qko9d8,y654o37d,wkp931w2,None,3
k6qqkx6g,18qko9d8,pdvzyn96,xd14g37d,rdnxrk5w,2
k6qqkx6g,18qko9d8,pdvzyn96,xd14g37d,rdnxrk5w,1
k6qqkx6g,18qko9d8,o1y9emk6,xk9ewqx2,gdroreed,2
k6qqkx6g,18qko9d8,pdvzyn96,9d8e4j6d,owo5y1jd,4
k6qqkx6g,18qko9d8,pdvzyn96,xd14g37d,5wkepzvw,2
k6qqkx6g,18qko9d8,pdvzyn96,9d8e4j6d,kwj6pl0d,3
k6qqkx6g,18qko9d8,pdvzyn96,jdz69p32,None,2
k6qqkx6g,18qko9d8,pdvzyn96,jdz69p32,None,1
k6qqkx6g,18qko9d8,o1y9emk6,xk9ewqx2,nwlz0lod,2
k6qqkx6g,18qko9d8,o1y9emk6,7dg0154k,None,3
k6qqkx6g,18qko9d8,pdvzyn96,9d8e4j6d,rw6g3pp9,3
k6qqkx6g,18qko9d8,pdvzyn96,9d8e4j6d,29v02eqw,3
k6qqkx6g,18qko9d8,o1y9emk6,n2ye9m1k,None,8
k6qqkx6g,18qko9d8,pdvzyn96,xd14g37d,5d7x8kq9,2
k6qqkx6g,18qko9d8,pdvzyn96,xd14g37d,rdqol2ow,6
k6qqkx6g,18qko9d8,pdvzyn96,xd14g37d,kwj6pl0d,2
k6qqkx6g,18qko9d8,pdvzyn96,xd14g37d,xd1yxezd,3
k6qqkx6g,18qko9d8,pdvzyn96,xd14g37d,ewpormyd,2
k6qqkx6g,18qko9d8,o1y9emk6,xk9ewqx2,rdnx305w,5
k6qqkx6g,18qko9d8,pdvzyn96,9d8e4j6d,5d7x8kq9,4
k6qqkx6g,18qko9d8,pdvzyn96,9d8e4j6d,xd0nxrm9,5
k6qqkx6g,18qko9d8,pdvzyn96,9d8e4j6d,z985e2r9,4
k6qqkx6g,18qko9d8,y654o37d,wdm96xok,None,12
k6qqkx6g,18qko9d8,pdvzyn96,9d8e4j6d,xd1yxezd,6
k6qqkx6g,18qko9d8,pdvzyn96,9d8e4j6d,xd1yxezd,6
k6qqkx6g,18qko9d8,pdvzyn96,xd14g37d,xd4ex7qw,3
k6qqkx6g,18qko9d8,yd4wjg6e,xk9lng6k,None,1
k6qqkx6g,18qko9d8,y654o37d,w2083g5d,None,3
k6qqkx6g,18qko9d8,y654o37d,w2083g5d,None,7
k6qqkx6g,18qko9d8,y654o37d,w2083g5d,None,9
k6qqkx6g,18qko9d8,y654o37d,w2083g5d,None,8
k6qqkx6g,18qko9d8,y654o37d,w2083g5d,None,9
k6qqkx6g,18qko9d8,4d794qg1,wkpvl3vk,None,27
k6qqkx6g,18qko9d8,4d794qg1,5dw8eggd,None,16
k6qqkx6g,18qko9d8,j1nemqe1,9d8g97lk,None,1
k6qqkx6g,18qko9d8,268r8k1p,jdzpxv6k,None,5
k6qqkx6g,18qko9d8,268r8k1p,xk9golyd,None,5
k6qqkx6g,18qko9d8,o6glxjnd,7kjqlg4d,None,7
k6qqkx6g,18qko9d8,o6glxjnd,xk9n5w62,None,10
k6qqkx6g,18qko9d8,o6glxjnd,z27o5wzd,None,8
k6qqkx6g,18qko9d8,o6glxjnd,zd37mnv2,None,5
k6qqkx6g,18qko9d8,nd2erv5d,wdm8le42,None,7
k6qqkx6g,18qko9d8,kdkzj52d,zd378782,None,2
k6qqkx6g,18qko9d8,kdkzj52d,zd378782,None,8
k6qqkx6g,18qko9d8,kdkzj52d,zd378782,None,37
k6qqkx6g,18qko9d8,kdkzj52d,9kvy7yok,None,20
k6qqkx6g,18qko9d8,kdkzvmld,n2y5pv7k,None,28
k6qqkx6g,8e9pwlpj,o1yn5kdq,7kjvog4k,None,2
k6qqkx6g,8e9pwlpj,o1yn5kdq,n2yqevmk,None,19
k6qqkx6g,8e9pwlpj,369p9o21,zd3xyved,None,101
k6qqkx6g,8e9pwlpj,76r30rl6,zd3rq78d,None,4
k6qqkx6g,8e9pwlpj,k6q474zd,9d83wxq2,None,1
k6qqkx6g,8e9pwlpj,k6q474zd,w20348v2,None,4
k6qqkx6g,8e9pwlpj,k6q474zd,xd1vz6wd,None,5
k6qqkx6g,8e9pwlpj,k6q474zd,q25m6zyd,None,1
k6qqkx6g,8e9pwlpj,k6q474zd,xd1vz6wd,None,1
k6qqkx6g,8e9pwlpj,o1yn5kdq,824909ed,None,1
k6qqkx6g,8e9pwlpj,w6jx45dj,w20xn6j2,None,1
k6qqkx6g,8e9pwlpj,w6jx45dj,02qmxn9d,None,3
k6qqkx6g,8e9pwlpj,w6jx45dj,xk9w8mx2,None,2
k6qqkx6g,8e9pwlpj,w6jx45dj,zdnoy7x2,None,1
k6qqkx6g,8e9pwlpj,w6jx45dj,xk9w8mx2,None,3
k6qqkx6g,8e9pwlpj,w6jx45dj,xk9w8mx2,None,2
k6qqkx6g,8e9pwlpj,46w27w96,xd1wj6r2,None,5
k6qqkx6g,8e9pwlpj,v1px7pm6,w20ew05d,None,12
k6qqkx6g,8e9pwlpj,v1px7pm6,xk95gwv2,None,6
k6qqkx6g,8e9pwlpj,v1poq468,mkezzxk6,None,3
k6qqkx6g,8e9pwlpj,y654r7ed,mkeree8d,None,2
k6qqkx6g,8e9pwlpj,268weko6,n2yee61k,None,61
k6qqkx6g,8e9pwlpj,k6q488md,wk6v8rxd,None,4
k6qqkx6g,8e9pwlpj,pdv270r6,wk6r0mrk,None,7
k6qqkx6g,8e9pwlpj,pdv270r6,wk6r0mrk,None,10
k6qqkx6g,8e9pwlpj,k6qylzdg,rklxly8k,None,8
k6qqkx6g,8e9pwlpj,j1nyw96p,824pqxn2,None,9
k6qqkx6g,8e9pwlpj,ldelvl63,xd17744d,None,3
k6qqkx6g,8e9pwlpj,ldelvl63,xd17744d,None,1
k6qqkx6g,8e9pwlpj,ldelvl63,xd17744d,None,2
k6qqkx6g,8e9pwlpj,ldelvl63,xd17744d,None,3
k6qqkx6g,8e9pwlpj,ldelvl63,xd17744d,None,2
k6qqkx6g,8e9pwlpj,k6q45gxd,jdrlwwgd,None,9
k6qqkx6g,8e9pwlpj,4d7nqel6,zd3570vk,None,3
k6qqkx6g,8e9pwlpj,4d7nqel6,xd1w7r42,None,2
k6qqkx6g,8e9pwlpj,pd0wo0l1,wk60mwek,None,2
k6qqkx6g,8e9pwlpj,ldejrox1,02qerpj2,None,2
k6qqkx6g,8e9pwlpj,ldejrox1,02qerpj2,None,2
k6qqkx6g,8e9pwlpj,ldejrox1,02qerpj2,None,2
k6qqkx6g,8e9pwlpj,ldejrox1,824q81mk,None,2
k6qqkx6g,8e9pwlpj,k6qqkx6g,rklgq3rd,None,6
k6qqkx6g,8e9pwlpj,nd2e9erd,n2ygp372,None,19
k6qqkx6g,8e9pwlpj,3698e30d,q2553jj2,None,3
k6qqkx6g,8e9pwlpj,3698e30d,jdrwernk,None,5
k6qqkx6g,8e9pwlpj,ldelvl63,xd17744d,None,10
k6qqkx6g,8e9pwlpj,ldelvl63,xd17744d,None,56
k6qqkx6g,8e9pwlpj,ldelvl63,xd17744d,None,9
k6qqkx6g,8e9pwlpj,ldelvl63,xd17744d,None,5
k6qqkx6g,8e9pwlpj,ldelvl63,xd17744d,None,11
k6qqkx6g,8e9pwlpj,ldelvl63,xd17744d,None,63
k6qqkx6g,8e9pwlpj,ldelvl63,xd17744d,None,6
k6qqkx6g,8e9pwlpj,ldelvl63,xd17744d,None,1
k6qqkx6g,8e9pwlpj,ldelvl63,xd17744d,None,2
k6qqkx6g,8e9pwlpj,ldelvl63,9d8gge3k,None,5
k6qqkx6g,8e9pwlpj,ldelvl63,xd17744d,None,1
k6qqkx6g,8e9pwlpj,ldelvl63,xd17744d,None,8
k6qqkx6g,8e9pwlpj,46wv59dr,wdm4l13d,None,1
k6qqkx6g,8e9pwlpj,46wv59dr,zd30r6ed,None,2
k6qqkx6g,8e9pwlpj,j1npme6p,mkeyl926,None,598
k6qqkx6g,8e9pwlpj,j1npme6p,xd14pv8d,None,85
k6qqkx6g,8e9pwlpj,76r2nvd8,xk904wvk,None,158
k6qqkx6g,8e9pwlpj,76r2nvd8,7dggz4pd,None,93
k6qqkx6g,8e9pwlpj,76r2nvd8,xd1l1zwk,None,21
k6qqkx6g,8e9pwlpj,76r2nvd8,7kjr59z2,None,73
k6qqkx6g,8e9pwlpj,76r2nvd8,xk9lyxgk,None,42
k6qqkx6g,8e9pwlpj,76r2nvd8,z277pvo2,None,47
k6qqkx6g,8e9pwlpj,m1zovmd0,9d8v94lk,None,46
k6qqkx6g,8e9pwlpj,ldelvl63,xd17744d,None,57
k6qqkx6g,8e9pwlpj,ldelvl63,xd17744d,None,8
k6qqkx6g,8e9pwlpj,ldelvl63,xd17744d,None,6
k6qqkx6g,8e9pwlpj,ldelvl63,xd17744d,None,5
k6qqkx6g,8e9pwlpj,y654my0d,zd36x9ed,None,2
k6qqkx6g,8e9pwlpj,y654r7ed,w20vp7zk,None,1
k6qqkx6g,8e9pwlpj,o6gnyy81,jdrwg85k,None,11
k6qqkx6g,8e9pwlpj,m1mn203d,9kvrwgo2,None,8
k6qqkx6g,8e9pwlpj,m1mn203d,zd35pm8k,None,7
k6qqkx6g,8e9pwlpj,j1npme6p,mkeyl926,None,155
k6qqkx6g,8e9pwlpj,36989m0d,wk6rp0ek,None,1
k6qqkx6g,8e9pwlpj,j1npme6p,wk63eek1,None,5
k6qqkx6g,8e9pwlpj,3dxkj5p1,xk9pjo6d,None,26
k6qqkx6g,8e9pwlpj,j1n894e1,jdrr44xd,None,20
k6qqkx6g,8e9pwlpj,j1n894e1,jdrr44xd,None,6
k6qqkx6g,8e9pwlpj,j1n894e1,jdrr44xd,None,4
k6qqkx6g,8e9pwlpj,j1n894e1,jdrr44xd,None,2
k6qqkx6g,8e9pwlpj,j1n894e1,jdrr44xd,None,1
k6qqkx6g,8e9pwlpj,j1n894e1,jdrr44xd,None,1
k6qqkx6g,8e9pwlpj,j1n894e1,jdrr44xd,None,1
k6qqkx6g,8e9pwlpj,j1npme6p,mkeyl926,None,232
k6qqkx6g,8e9pwlpj,pdv8mk6w,zd309end,None,10
k6qqkx6g,8e9pwlpj,76rvnv18,9kvp3n0k,None,5
k6qqkx6g,8e9pwlpj,268ekxy6,mke9q6jd,None,89
k6qqkx6g,8e9pwlpj,76rxmvl6,8240yymd,None,6
k6qqkx6g,8e9pwlpj,268ekxy6,9d8x83q2,None,70
k6qqkx6g,8e9pwlpj,w6jmm26j,9d8lxv62,None,43
k6qqkx6g,8e9pwlpj,268w8ey6,jdrn7wnk,None,1
k6qqkx6g,8e9pwlpj,76rxmvl6,9kv9wwo2,None,16
k6qqkx6g,8e9pwlpj,268ekxy6,n2y7rvz2,None,192
k6qqkx6g,8e9pwlpj,4d7zpl67,02q6jpky,None,24
k6qqkx6g,8e9pwlpj,pd0wx9w1,zd36l5rd,None,1776
k6qqkx6g,8e9pwlpj,v1pgyz18,w2094z2n,None,69
k6qqkx6g,8e9pwlpj,76rxmvl6,9kv9wwo2,None,32
k6qqkx6g,8e9pwlpj,j1n894e1,jdrr44xd,None,16
k6qqkx6g,8e9pwlpj,j1n894e1,jdrr44xd,None,3
k6qqkx6g,8e9pwlpj,j1n894e1,jdrr44xd,None,2
k6qqkx6g,8e9pwlpj,k6q4rqzd,9kv7gzok,r9grpgqw,2
k6qqkx6g,8e9pwlpj,pdvywrdw,q257mrjd,None,13
k6qqkx6g,8e9pwlpj,pdvywrdw,q257mrjd,None,3
k6qqkx6g,8e9pwlpj,j1n894e1,jdrr44xd,None,14
k6qqkx6g,8e9pwlpj,j1n894e1,jdrr44xd,None,4
k6qqkx6g,8e9pwlpj,j1n894e1,jdrr44xd,None,4
k6qqkx6g,8e9pwlpj,268rko1p,w201ogjk,None,10
k6qqkx6g,8e9pwlpj,o6gxkxd2,9kvpqrjk,None,40
k6qqkx6g,8e9pwlpj,w6j7vpx6,z27weg5k,None,34
k6qqkx6g,8e9pwlpj,nd2e9erd,z27lj0gd,None,32
k6qqkx6g,8e9pwlpj,m1mneyxd,z27w7ezk,None,1
k6qqkx6g,8e9pwlpj,j1npme6p,mkeyl926,None,256
k6qqkx6g,8e9pwlpj,pd0qq4v1,n2yey9mk,None,21
k6qqkx6g,8e9pwlpj,pd0qq4v1,jdr968xd,None,74
k6qqkx6g,8e9pwlpj,j1nl3xdp,ndxpoy52,None,10
k6qqkx6g,8e9pwlpj,k6qwwj96,wkp9r7j2,None,2
k6qqkx6g,8e9pwlpj,k6qwrgz6,mkey58x2,None,5
k6qqkx6g,8e9pwlpj,nd2e9erd,ndx5pwjk,None,15
k6qqkx6g,8e9pwlpj,nd2e9erd,7dg4popd,None,11
k6qqkx6g,8e9pwlpj,nd2e9erd,7dg4popd,None,47
k6qqkx6g,8e9pwlpj,nd2e9erd,mkeqm06k,None,10
k6qqkx6g,8e9pwlpj,nd2e9erd,mkeqm06k,None,50
k6qqkx6g,8e9pwlpj,nd2e9erd,mkeqm06k,None,8
k6qqkx6g,8e9pwlpj,nd2e9erd,vdom79v2,None,45
k6qqkx6g,8e9pwlpj,nd2e9erd,z27lj0gd,None,68
k6qqkx6g,8e9pwlpj,nd2e9erd,vdom79v2,None,63
k6qqkx6g,8e9pwlpj,nd2e9erd,n2ygp372,None,31
k6qqkx6g,8e9pwlpj,nd2e9erd,wk6vy5xd,None,15
k6qqkx6g,8e9pwlpj,nd2e9erd,7kj1wexk,None,41
k6qqkx6g,8e9pwlpj,nd2e9erd,jdrlexgd,None,8
k6qqkx6g,8e9pwlpj,nd2e9erd,q25gyyyd,None,42
k6qqkx6g,8e9pwlpj,nd2e9erd,mkeqm06k,None,71
k6qqkx6g,8e9pwlpj,yd4oppg1,jdrl8ngd,None,5
k6qqkx6g,8e9pwlpj,4d7mv3d7,9kvx1082,None,14
k6qqkx6g,8e9pwlpj,y65ex46e,7kjrv032,None,88
k6qqkx6g,8e9pwlpj,3dxk23v1,wkp903w2,None,2
k6qqkx6g,8e9pwlpj,nd2e9erd,vdom79v2,None,39
k6qqkx6g,8e9pwlpj,nd2e9erd,q25gyyyd,None,30
k6qqkx6g,8e9pwlpj,nd2e9erd,ndx5pwjk,None,8
k6qqkx6g,8e9pwlpj,nd2e9erd,ndx5pwjk,None,32
k6qqkx6g,8e9pwlpj,pd0wpq21,ndx79m12,r9grxj5w,125
k6qqkx6g,8e9pwlpj,nd2e9erd,mkelpj9d,None,46
k6qqkx6g,8e9pwlpj,nd2e9erd,vdom79v2,None,35
k6qqkx6g,8e9pwlpj,w6j78e6j,jdz74vkv,None,5
k6qqkx6g,8e9pwlpj,y654r7ed,jdrx5ond,None,2
k6qqkx6g,8e9pwlpj,k6q474zd,9kv9g702,None,1
k6qqkx6g,8e9pwlpj,k6q474zd,9d83z7l2,None,12
k6qqkx6g,8e9pwlpj,k6q474zd,8240o13d,None,4
k6qqkx6g,8e9pwlpj,pd0py36e,vdo3oqyd,None,231
k6qqkx6g,8e9pwlpj,k6q474zd,xd1vz6wd,None,1
k6qqkx6g,8e9pwlpj,k6q474zd,q25m6zyd,None,1
k6qqkx6g,8e9pwlpj,y654r7ed,zdn46j9k,None,2
k6qqkx6g,8e9pwlpj,y654r7ed,wk6ommqk,None,3
k6qqkx6g,8e9pwlpj,y654r7ed,5dw800ed,None,2
k6qqkx6g,8e9pwlpj,nd2elmvd,7kj6jxx2,None,1
k6qqkx6g,0jmopoy8,o6gn38o1,zdnzynqd,None,1
k6qqkx6g,0jmopoy8,kdknvedm,9kvjonok,None,1
k6qqkx6g,0jmopoy8,w6jl2z4d,z274yw02,None,1
k6qqkx6g,0jmopoy8,o1yj0pr1,n2yv8112,None,4
k6qqkx6g,0jmopoy8,o1yj0pr1,zdnzeqxd,None,1
k6qqkx6g,0jmopoy8,w6j7exe6,vdo5906k,None,1
k6qqkx6g,0jmopoy8,4d7ywld7,vdoo1pvd,None,1
k6qqkx6g,0jmopoy8,k6qw8306,7kj9j4n2,None,1
k6qqkx6g,0jmopoy8,k6qw8306,n2ynpxzk,None,1
k6qqkx6g,0jmopoy8,v1pxv3p6,xk9xqvxk,None,3
k6qqkx6g,0jmopoy8,9do88le1,wk60q8rk,None,1
k6qqkx6g,0jmopoy8,pdv2vrv6,vdoyj1o2,None,1
k6qqkx6g,0jmopoy8,k6q45mzd,vdo1z1y2,None,1
k6qqkx6g,0jmopoy8,76rlz568,w20p018k,5wk7npd4,2
k6qqkx6g,0jmopoy8,o6glkzxd,9kvm3xek,None,1
k6qqkx6g,0jmopoy8,o6glkzxd,824jjlg2,None,1
k6qqkx6g,0jmopoy8,o6glkzxd,9kv66q82,None,1
k6qqkx6g,0jmopoy8,w6jl2z4d,z274yw02,None,1
k6qqkx6g,0jmopoy8,w6jl2z4d,z274yw02,None,1
k6qqkx6g,0jmopoy8,m1mnzexd,5dwxqrg2,ldyzolkw,1
k6qqkx6g,0jmopoy8,m1mnzexd,zdn7oe7k,ldyzolkw,1
k6qqkx6g,0jmopoy8,m1mnzexd,7kj7lmgk,ldyzolkw,1
k6qqkx6g,0jmopoy8,m1mnzexd,7kj7lmgk,xd0586x9,1
k6qqkx6g,0jmopoy8,m1mnzexd,z279585d,ldyzolkw,1
k6qqkx6g,0jmopoy8,m1mnzexd,n2ymr8e2,ldyzolkw,1
k6qqkx6g,0jmopoy8,m1mnzexd,wk64rzed,ldyzolkw,1
k6qqkx6g,0jmopoy8,76rlz568,7dg4jngd,None,1
k6qqkx6g,0jmopoy8,46w2er96,w20nyj8d,None,1
k6qqkx6g,0jmopoy8,w6jl2z4d,z274yw02,None,1
k6qqkx6g,0jmopoy8,w6jl2z4d,z274yw02,None,1
k6qqkx6g,0jmopoy8,76rlz568,mkeq69jk,None,1
k6qqkx6g,0jmopoy8,76rlz568,mkeq69jk,None,1
k6qqkx6g,0jmopoy8,4pdv0o1w,q254gyjd,None,1
k6qqkx6g,0jmopoy8,8nd2gv10,wkpmv3wk,xd0lgp4d,1
k6qqkx6g,0jmopoy8,w6jl2z4d,z274yw02,None,1
k6qqkx6g,0jmopoy8,w6jl2z4d,z274yw02,None,2
k6qqkx6g,0jmopoy8,w6jl2z4d,z274yw02,None,1
k6qqkx6g,0jmopoy8,w6jl2z4d,z274yw02,None,1
k6qqkx6g,0jmopoy8,4pdv0o1w,7wk60xk1,None,1
k6qqkx6g,0jmopoy8,w6jl2z4d,z274yw02,None,1
k6qqkx6g,0jmopoy8,3698ow2d,rklnj6q2,rw6x8gnw,1
k6qqkx6g,0jmopoy8,w6jl2z4d,z274yw02,None,1
k6qqkx6g,0jmopoy8,3698ow2d,rklnj6q2,n93ergrw,1
k6qqkx6g,0jmopoy8,3698ow2d,rklnj6q2,n93ergrw,1
k6qqkx6g,0jmopoy8,3698ow2d,rklnj6q2,n93ergrw,1
k6qqkx6g,0jmopoy8,4pdv0o1w,mkeqr46k,owol0jyw,2
k6qqkx6g,0jmopoy8,4pdv0o1w,mkeqr46k,29vj36n9,1
k6qqkx6g,0jmopoy8,8nd2gv10,wkpmv3wk,rdnr03vw,3
k6qqkx6g,0jmopoy8,46w2m36r,w20gq8kn,None,1
k6qqkx6g,0jmopoy8,3698ow2d,rklnj6q2,rw6x8gnw,1
k6qqkx6g,0jmopoy8,3698ow2d,rklnj6q2,rw6x8gnw,1
k6qqkx6g,0jmopoy8,w6jl2z4d,z274yw02,None,1
k6qqkx6g,0jmopoy8,w6jl2z4d,z274yw02,None,1
k6qqkx6g,0jmopoy8,3698ow2d,rklnj6q2,rw6x8gnw,1
k6qqkx6g,0jmopoy8,76rlz568,zd30plyd,None,1
k6qqkx6g,0jmopoy8,3698ow2d,rklnj6q2,rw6x8gnw,1
k6qqkx6g,0jmopoy8,76rlz568,ndxjyp52,owopek96,1
k6qqkx6g,0jmopoy8,76rlz568,mkeq69jk,None,1
k6qqkx6g,0jmopoy8,3698ow2d,rklnj6q2,z98qy579,1
k6qqkx6g,0jmopoy8,76rlz568,zd30plyd,None,3
k6qqkx6g,0jmopoy8,4pdv0o1w,mkeqr46k,69zx37od,1
k6qqkx6g,0jmopoy8,w6jl2z4d,z274yw02,None,1
k6qqkx6g,0jmopoy8,3698ow2d,rklnj6q2,z98qy579,1
k6qqkx6g,0jmopoy8,kdkzkeld,w2035lj2,None,1
k6qqkx6g,0jmopoy8,8nd2gv10,wkpmv3wk,5923zm3d,1
k6qqkx6g,0jmopoy8,3698ow2d,rklnj6q2,z98qy579,1
k6qqkx6g,0jmopoy8,76rlz568,zd30plyd,None,1
k6qqkx6g,0jmopoy8,4d78jr67,wk6j07ed,None,1
k6qqkx6g,0jmopoy8,76rlz568,w20p018k,y9morxw5,1
k6qqkx6g,0jmopoy8,76rlz568,7dg4jngd,None,1
k6qqkx6g,0jmopoy8,76rlz568,w20p018k,owopek96,2
k6qqkx6g,0jmopoy8,kdkm3p21,zd3v74n2,None,1
k6qqkx6g,0jmopoy8,k6q4l7md,9kv96xj2,5924vygw,1
k6qqkx6g,0jmopoy8,k6q4l7md,9kv96xj2,29vz1o1d,1
k6qqkx6g,0jmopoy8,k6q4l7md,9kv96xj2,xd4kvq0w,1
k6qqkx6g,0jmopoy8,k6q4l7md,9kv96xj2,rw6mkjn9,1
k6qqkx6g,0jmopoy8,k6q4l7md,9kv96xj2,n93m267d,1
k6qqkx6g,0jmopoy8,k6q4l7md,9kv96xj2,nwl2krpd,1
k6qqkx6g,0jmopoy8,k6q4l7md,9kv96xj2,yweqz6qw,1
k6qqkx6g,0jmopoy8,3698ow2d,rklnj6q2,ldy64ez9,1
k6qqkx6g,0jmopoy8,3698ow2d,rklnj6q2,ldy64ez9,1
k6qqkx6g,0jmopoy8,3698ow2d,rklnj6q2,ldy64ez9,1
k6qqkx6g,0jmopoy8,3698ow2d,rklnj6q2,ldy64ez9,1
k6qqkx6g,0jmopoy8,k6q4l7md,9kv96xj2,xd14vnqd,1
k6qqkx6g,0jmopoy8,3698ow2d,rklnj6q2,ldy64ez9,1
k6qqkx6g,0jmopoy8,k6q4l7md,9kv96xj2,ldy34mj9,1
k6qqkx6g,0jmopoy8,k6q4l7md,9kv96xj2,69z8mk69,1
k6qqkx6g,0jmopoy8,k6q4l7md,9kv96xj2,gdryk58w,1
k6qqkx6g,0jmopoy8,8nd2gv10,ndx5jmvk,None,2
k6qqkx6g,0jmopoy8,8nd2gv10,wz27wgk0,None,1
k6qqkx6g,0jmopoy8,76rlz568,w2011rzk,xd4oyr9m,3
k6qqkx6g,0jmopoy8,8nd2gv10,wz27wgk0,None,18
k6qqkx6g,0jmopoy8,8nd2gv10,wkpmv3wk,ywen10rw,1
k6qqkx6g,0jmopoy8,k6q4l7md,w2033lz2,None,1
k6qqkx6g,0jmopoy8,46w2m36r,w20gq8kn,None,2
k6qqkx6g,0jmopoy8,k6q4l7md,9kv96xj2,rdnqkend,1
k6qqkx6g,0jmopoy8,k6q4l7md,9kv96xj2,ewp8kll9,1
k6qqkx6g,0jmopoy8,k6q4l7md,9kv96xj2,y9m2knld,1
k6qqkx6g,0jmopoy8,k6q4l7md,9kv96xj2,5wkqg35w,1
k6qqkx6g,0jmopoy8,k6q4l7md,9kv96xj2,xd04vz0w,1
k6qqkx6g,0jmopoy8,k6q4l7md,9kv96xj2,z98m217w,1
k6qqkx6g,0jmopoy8,k6q4l7md,w2033lz2,None,1
k6qqkx6g,0jmopoy8,4d79o031,wdmxq93k,None,1
k6qqkx6g,0jmopoy8,268e5lo6,rkljy5wd,None,3
k6qqkx6g,0jmopoy8,76rlz568,w2011rzk,xd1q35wo,1
k6qqkx6g,0jmopoy8,kdkzkeld,ndx40go2,None,1
k6qqkx6g,0jmopoy8,kdkzkeld,ndx40go2,None,1
k6qqkx6g,0jmopoy8,76rlz568,w2011rzk,owopek96,3
k6qqkx6g,0jmopoy8,46wxnl1r,zdnqn47d,None,2
k6qqkx6g,0jmopoy8,w6j4y56j,xd1rjrzk,None,2
k6qqkx6g,0jmopoy8,9dowlek1,7dgnmqg2,None,2
k6qqkx6g,0jmopoy8,kdkzkeld,rklrzp6k,None,2
k6qqkx6g,0jmopoy8,kdkzkeld,rklrzp6k,None,2
k6qqkx6g,0jmopoy8,nd2ex93d,wk6nwje2,None,1
k6qqkx6g,0jmopoy8,kdkzkeld,rklrzp6k,None,5
k6qqkx6g,0jmopoy8,k6q4z2xd,zd373xe2,None,2
k6qqkx6g,0jmopoy8,4d79lz31,ndx953rd,None,1
k6qqkx6g,0jmopoy8,9dokjk1p,zd3jye2n,None,1
k6qqkx6g,0jmopoy8,9d3rv59d,jdre5jgk,None,1
k6qqkx6g,0jmopoy8,268pjodp,5dwjp6lk,None,9
k6qqkx6g,0jmopoy8,lde3ez56,02q3vyzk,None,1
k6qqkx6g,0jmopoy8,4d79lz31,9kvo67o2,None,3
k6qqkx6g,0jmopoy8,76rlz568,vdoml862,None,2
k6qqkx6g,0jmopoy8,pdvznrk6,wdm8g6e2,None,2
k6qqkx6g,0jmopoy8,pdvznrk6,wdm8g6e2,None,4
k6qqkx6g,0jmopoy8,76rlz568,w2011rzk,ldyjqkjd,5
k6qqkx6g,0jmopoy8,76rlz568,vdoml862,None,1
k6qqkx6g,0jmopoy8,9dow2071,jdz7xmvk,None,1
k6qqkx6g,0jmopoy8,4pdv0o1w,q254gyjd,None,1
k6qqkx6g,0jmopoy8,76rlz568,vdoml862,None,3
k6qqkx6g,0jmopoy8,o1ywkvdq,wdmq9842,None,2
k6qqkx6g,0jmopoy8,o1yxvv6q,xk9jn84d,None,1
k6qqkx6g,0jmopoy8,3693x36l,zdnq1yqd,None,2
k6qqkx6g,0jmopoy8,76rlz568,w2011rzk,y9morxw5,2
k6qqkx6g,0jmopoy8,4d7ywld7,xk9j696d,None,1
k6qqkx6g,0jmopoy8,m1zjv260,5dwy30kg,None,1
k6qqkx6g,0jmopoy8,3dx4846y,02q3wvyk,None,1
k6qqkx6g,0jmopoy8,4d7ywld7,vdoo1pvd,None,1
k6qqkx6g,0jmopoy8,4d7ywld7,jdzp0exk,None,1
k6qqkx6g,0jmopoy8,76rlz568,7dg4jngd,None,1
k6qqkx6g,0jmopoy8,4pdv0o1w,7wk60xk1,None,5
k6qqkx6g,0jmopoy8,m1mxjp46,zdnx1m92,None,2
k6qqkx6g,0jmopoy8,m1mxjp46,jdre70nk,None,1
k6qqkx6g,0jmopoy8,m1mxjp46,jdz7vqgk,None,1
k6qqkx6g,0jmopoy8,o1yxvv6q,n2yj37z2,None,2
k6qqkx6g,0jmopoy8,46w2m36r,w20gq8kn,None,1
k6qqkx6g,0jmopoy8,46w2m36r,w20prejk,None,2
k6qqkx6g,0jmopoy8,46w2m36r,xk90ozxk,None,3
k6qqkx6g,0jmopoy8,46w3l231,wk6vpzrd,None,1
k6qqkx6g,0jmopoy8,m9do9edp,5dwjz5kg,None,5
k6qqkx6g,0jmopoy8,j1lk3e6g,xd1mlq4d,None,13
k6qqkx6g,0jmopoy8,m1zl82d0,7dg86172,None,2
k6qqkx6g,0jmopoy8,m1zl82d0,mkeo4w8d,None,2
k6qqkx6g,0jmopoy8,o6g7m962,9d8p7j7k,None,4
k6qqkx6g,0jmopoy8,o6glkzxd,zd37lme2,None,1
k6qqkx6g,0jmopoy8,76rlz568,w2011rzk,29vrllwv,3
k6qqkx6g,0jmopoy8,o6glkzxd,xd173xzd,None,1
k6qqkx6g,0jmopoy8,yo1yv1q5,5dwp84ek,None,8
k6qqkx6g,0jmopoy8,j1llwz1g,9d86ql2n,None,254
k6qqkx6g,0jmopoy8,9d38w01l,02ql3yky,None,34
k6qqkx6g,0jmopoy8,3693x36l,824prjm2,None,2
k6qqkx6g,0jmopoy8,kdke4edm,jdzywvkv,None,3
k6qqkx6g,0jmopoy8,k6q0gm1g,rklqvqq2,None,1
k6qqkx6g,0jmopoy8,k6q0gm1g,q25on88k,None,9
k6qqkx6g,0jmopoy8,j1lj5vdg,jdz3g9v2,None,36
k6qqkx6g,0jmopoy8,k6qqkx6g,rklgq3rd,None,10
k6qqkx6g,0jmopoy8,9donwm1p,wk6pe3qd,None,9
k6qqkx6g,0jmopoy8,4d795gn1,rkll6l6k,None,32
k6qqkx6g,0jmopoy8,y65gr3de,q2544vjd,None,1
k6qqkx6g,0jmopoy8,pdv8mk6w,zd309end,None,11
k6qqkx6g,0jmopoy8,xldennd3,l824v325,None,2
k6qqkx6g,0jmopoy8,268pjodp,9kvno0dg,None,3
k6qqkx6g,0jmopoy8,268pjodp,zd3qwnkn,None,5
k6qqkx6g,0jmopoy8,pdv5wo6w,824xgzgd,None,4
k6qqkx6g,0jmopoy8,9d38w01l,02ql3yky,None,33
k6qqkx6g,0jmopoy8,pdv5wo6w,jdz39xv2,None,7
k6qqkx6g,0jmopoy8,9d38w01l,7dg8yv72,y9m5280d,6
k6qqkx6g,0jmopoy8,9d38w01l,7dg8yv72,59203mgd,5
k6qqkx6g,0jmopoy8,9d38w01l,7dg8yv72,y9m5y0ld,14
k6qqkx6g,0jmopoy8,9d38w01l,7dg8yv72,owo7l8v9,5
k6qqkx6g,0jmopoy8,9d38w01l,7dg8yv72,kwj730rw,6
k6qqkx6g,0jmopoy8,9d38w01l,7dg8yv72,29vmj619,22
k6qqkx6g,0jmopoy8,9d38w01l,7dg8yv72,rdnor7qw,3
k6qqkx6g,0jmopoy8,9d38w01l,7dg8yv72,ewp7enlw,12
k6qqkx6g,0jmopoy8,9d38w01l,7dg8yv72,5wkk805w,8
k6qqkx6g,0jmopoy8,9d38w01l,7dg8yv72,z98re3gd,23
k6qqkx6g,0jmopoy8,pdv5wo6w,02qg36pd,None,8
k6qqkx6g,0jmopoy8,76rlz568,w20p018k,29vrllwv,2
k6qqkx6g,0jmopoy8,v1poq468,mkezzxk6,None,70
k6qqkx6g,0jmopoy8,2687zkdp,5dwypyek,None,2
k6qqkx6g,0jmopoy8,yd490w1e,wkpqyogd,None,1
k6qqkx6g,0jmopoy8,46wm9ndr,02q8jlj2,None,1
k6qqkx6g,0jmopoy8,2687zkdp,zdn0xj72,None,1
k6qqkx6g,0jmopoy8,j1lqme6g,xk9rogk0,None,4
k6qqkx6g,j2wl4enj,o6gn37o1,jdzllyx2,y9m60plw,3
k6qqkx6g,j2wl4enj,pd0qpl31,ndxn6qrk,z98q0op9,4
k6qqkx6g,j2wl4enj,pd0qpl31,ndxryq5d,None,2
k6qqkx6g,j2wl4enj,pd0qpl31,ndxn6qrk,rw6x01rw,2
k6qqkx6g,j2wl4enj,pd0qpl31,ndxn6qrk,rdn8v7qd,8
k6qqkx6g,j2wl4enj,pd0qpl31,ndxn6qrk,z98q03p9,2
k6qqkx6g,j2wl4enj,pd0qpl31,ndxn6qrk,r9g5olpd,3
k6qqkx6g,j2wl4enj,o1y9k4k6,rklrw36k,None,2
k6qqkx6g,j2wl4enj,o1y9k4k6,vdo16z62,None,1
k6qqkx6g,j2wl4enj,o1y9k4k6,vdo16z62,None,1
k6qqkx6g,j2wl4enj,3dx4gv6y,rklevrr2,n93gnjzd,1
k6qqkx6g,j2wl4enj,3dx4gv6y,zd3l8x8d,gdrq8vl9,2
k6qqkx6g,j2wl4enj,3dx4gv6y,zd3l8x8d,n93gnjzd,1
k6qqkx6g,j2wl4enj,3dx4gv6y,9kvj79ok,n93gnjzd,1
k6qqkx6g,j2wl4enj,o6gn37o1,q25jjywd,None,3
k6qqkx6g,j2wl4enj,o6gn37o1,jdzllyx2,xd41p20d,2
k6qqkx6g,j2wl4enj,o6gn37o1,jdzllyx2,5wkx0r59,3
k6qqkx6g,j2wl4enj,o6gn37o1,824nnw3k,5wkx0r59,2
k6qqkx6g,j2wl4enj,o6gn37o1,jdrrrz0d,None,1
k6qqkx6g,j2wl4enj,o1y9k4k6,vdo16z62,None,2
k6qqkx6g,j2wl4enj,o1y9k4k6,vdo16z62,None,1
k6qqkx6g,j2wl4enj,o1y9k4k6,w2030xj2,None,2
k6qqkx6g,j2wl4enj,o1y9k4k6,w2030xj2,None,1
k6qqkx6g,j2wl4enj,o1y9k4k6,w2030xj2,None,2
k6qqkx6g,j2wl4enj,o1y9k4k6,vdo16z62,None,1
k6qqkx6g,j2wl4enj,o1y9k4k6,vdo16z62,None,1
k6qqkx6g,j2wl4enj,o1y9k4k6,vdo16z62,None,2
k6qqkx6g,j2wl4enj,o1y9k4k6,vdo16z62,None,3
k6qqkx6g,j2wl4enj,o1y9k4k6,vdo16z62,None,2
k6qqkx6g,j2wl4enj,o1y9k4k6,vdo16z62,None,1
k6qqkx6g,j2wl4enj,o1y9k4k6,vdo16z62,None,2
k6qqkx6g,j2wl4enj,o1y9k4k6,vdo16z62,None,2
k6qqkx6g,j2wl4enj,o1y9k4k6,vdo16z62,None,1
k6qqkx6g,j2wl4enj,o1y9k4k6,vdo16z62,None,2
k6qqkx6g,j2wl4enj,o1y9k4k6,vdo16z62,None,1
k6qqkx6g,j2wl4enj,o1y9k4k6,vdo16z62,None,2
k6qqkx6g,j2wl4enj,o1y9k4k6,vdo16z62,None,3
k6qqkx6g,j2wl4enj,o1y9k4k6,vdo16z62,None,2
k6qqkx6g,j2wl4enj,o1y9k4k6,vdo16z62,None,2
k6qqkx6g,j2wl4enj,o1y9k4k6,vdo16z62,None,2
k6qqkx6g,j2wl4enj,k6qqkx6g,rklgq3rd,None,7
k6qqkx6g,j2wl4enj,o1y9k4k6,w2030xj2,None,2
k6qqkx6g,j2wl4enj,pd0wg921,wdm63v4k,None,60
k6qqkx6g,j2wl4enj,3dx0o4dy,jdr46026,None,27
k6qqkx6g,j2wl4enj,y65ex46e,z27m6n02,None,20
k6qqkx6g,j2wl4enj,o1y9k4k6,ndx4y5o2,None,3
k6qqkx6g,j2wl4enj,o1y9k4k6,w2030xj2,None,5
k6qqkx6g,j2wl4enj,o1y9pyk6,mke9xe9d,5d7e0vvw,60
k6qqkx6g,j2wl4enj,2689591p,rklr48kn,None,101
k6qqkx6g,j2wl4enj,k6qpy9dg,mkeq68xk,None,6
k6qqkx6g,y8d3z5x6,36984ldl,mke90nd6,None,9
k6qqkx6g,y8d3z5x6,36984ldl,n2yop1do,None,1
k6qqkx6g,y8d3z5x6,268wk056,xd1wr6w2,None,4
k6qqkx6g,y8d3z5x6,k6q4rqzd,z27lez0d,None,12
k6qqkx6g,y8d3z5x6,k6q4rqzd,9kv7gz8k,None,898
k6qqkx6g,y8d3z5x6,o1yjy341,mkey3882,None,1
k6qqkx6g,y8d3z5x6,3dx335dy,7kjv713k,592nmg96,2
k6qqkx6g,y8d3z5x6,j1nmny6p,wkp7ogkr,None,6
k6qqkx6g,y8d3z5x6,76rxljl6,n2ygxrz2,None,2
k6qqkx6g,y8d3z5x6,nd22oed0,9d8ploqk,None,32
k6qqkx6g,y8d3z5x6,9d3w9w1l,vdoxvydp,None,2
k6qqkx6g,y8d3z5x6,nd2q55d0,wk6jqzqd,None,13
k6qqkx6g,y8d3z5x6,v1pxggz6,wkp5zngd,None,2
k6qqkx6g,y8d3z5x6,v1pxggz6,5dw1znek,None,1
k6qqkx6g,y8d3z5x6,v1pxggz6,mkexmy8d,None,1
k6qqkx6g,y8d3z5x6,w6jll5xd,9d86e562,None,3
k6qqkx6g,y8d3z5x6,yd4o2k51,q25e75j2,None,5
k6qqkx6g,y8d3z5x6,yd4o2k51,jdro7wnd,None,3
k6qqkx6g,y8d3z5x6,yd4o2k51,jdz6vrr2,None,4
k6qqkx6g,y8d3z5x6,268ln71p,n2y5vp1k,None,3
k6qqkx6g,y8d3z5x6,j1n2k91p,z271wr02,o9xxl109,11
k6qqkx6g,y8d3z5x6,j1n2k91p,z271wr02,495m8k0w,16
k6qqkx6g,y8d3z5x6,2680yk1p,jdrpe4l2,None,1
k6qqkx6g,y8d3z5x6,kdkq3ldm,q25m7wdo,None,14
k6qqkx6g,y8d3z5x6,j1nmny6p,7dgqr724,None,8
k6qqkx6g,y8d3z5x6,9d38pw1l,z27r8od0,None,3
k6qqkx6g,y8d3z5x6,4d722r67,jdr1x0l2,None,44
k6qqkx6g,y8d3z5x6,76rxwxv6,jdz84vrd,None,2
k6qqkx6g,y8d3z5x6,kdknpgdm,jdr1ov52,None,2
k6qqkx6g,y8d3z5x6,kdknpgdm,q258egv2,None,3
k6qqkx6g,y8d3z5x6,k6qxqo1g,z2734rzd,None,2
k6qqkx6g,y8d3z5x6,k6qxqo1g,xk9jer6d,None,2
k6qqkx6g,y8d3z5x6,w6jw3x1j,9d8v383k,None,3
k6qqkx6g,y8d3z5x6,369lj36l,wkpqxz0d,None,2
k6qqkx6g,y8d3z5x6,kdkgrg1m,9kvx9382,None,2
k6qqkx6g,y8d3z5x6,76rxwxv6,9kvmxr3k,None,2
k6qqkx6g,y8d3z5x6,pdvx4k1w,wdm43jxd,None,2
k6qqkx6g,y8d3z5x6,k6qnzo6g,ndx84lrk,None,4
k6qqkx6g,y8d3z5x6,76rx9gv6,wdmwg5e2,None,6
k6qqkx6g,y8d3z5x6,nd2e7xed,zd36e4yd,None,4
k6qqkx6g,y8d3z5x6,o1y992v6,wk67veqd,None,6
k6qqkx6g,y8d3z5x6,o1y992v6,n2y579zk,None,5
k6qqkx6g,y8d3z5x6,4d79xln1,7kjpjo3k,None,4
k6qqkx6g,y8d3z5x6,m1z5l010,xk90g86k,None,5
k6qqkx6g,y8d3z5x6,v1popy76,5dw5rwnd,None,4
k6qqkx6g,y8d3z5x6,w6j4k76j,zd38yl8k,None,2
k6qqkx6g,y8d3z5x6,w6j4k76j,xk98xqv2,rw6r246w,1
k6qqkx6g,y8d3z5x6,m1zq7z10,mkeme826,None,5
k6qqkx6g,y8d3z5x6,yd4w456e,7kjrqj32,None,4
k6qqkx6g,y8d3z5x6,o6gww812,wdm9e3kq,None,8
k6qqkx6g,y8d3z5x6,lde3wen6,xd1epn72,None,13
k6qqkx6g,y8d3z5x6,j1n3yldp,w20p7njk,None,6
k6qqkx6g,y8d3z5x6,9d38pw1l,7kj3mz23,None,5
k6qqkx6g,y8d3z5x6,9d38pw1l,xk9r3gk0,None,4
k6qqkx6g,y8d3z5x6,9d38pw1l,n2yo81do,None,6
k6qqkx6g,y8d3z5x6,k6q5pz6g,5dwpmq5k,None,2
k6qqkx6g,y8d3z5x6,76rzzvd8,wdm4o94d,None,1
k6qqkx6g,y8d3z5x6,m1z9yzd0,7kjzjygd,None,2
k6qqkx6g,y8d3z5x6,ldenzld3,rklx9x6k,None,2
k6qqkx6g,y8d3z5x6,9donro1p,ndxjejo2,None,3
k6qqkx6g,y8d3z5x6,9d3enw1l,02q5vp2y,None,4
k6qqkx6g,y8d3z5x6,y65754de,02q8rvz2,None,4
k6qqkx6g,y8d3z5x6,268eeoo6,wk678xod,None,2
k6qqkx6g,y8d3z5x6,268eeoo6,5dw5gm5d,None,2
k6qqkx6g,y8d3z5x6,v1pxxz68,zd37j82n,nwl7gg9v,6
k6qqkx6g,y8d3z5x6,v1pxxz68,jdr7rg26,4958k49p,8
k6qqkx6g,y8d3z5x6,v1pxxz68,ndx1352q,nwl7gg9v,6
k6qqkx6g,y8d3z5x6,m1zn4310,jdr680d6,None,11
k6qqkx6g,y8d3z5x6,w6j78e6j,jdz74vkv,None,57
k6qqkx6g,y8d3z5x6,nd20rr60,rklgrp6d,None,4
k6qqkx6g,y8d3z5x6,nd20rr60,02qjmg7d,None,5
k6qqkx6g,y8d3z5x6,nd20rr60,02qjmg7d,None,4
k6qqkx6g,y8d3z5x6,j1llwz1g,9d86ql2n,None,887
k6qqkx6g,y8d3z5x6,4d795gn1,rkll6l6k,None,83
k6qqkx6g,y8d3z5x6,76rokq68,jdz3nvr2,None,4
k6qqkx6g,y8d3z5x6,kdknmqdm,9d8j437k,None,3
k6qqkx6g,y8d3z5x6,yd47mkde,ndxlo5dq,None,1
k6qqkx6g,y8d3z5x6,v1pe3pd8,xd1r1l8k,None,3
k6qqkx6g,y8d3z5x6,yd47mkde,xd1o87k8,29v2jqdv,2
k6qqkx6g,y8d3z5x6,yd47mkde,xd1o87k8,xd4xnq9m,1
k6qqkx6g,y8d3z5x6,yd47mkde,xd1o87k8,xd0xlmdq,2
k6qqkx6g,y8d3z5x6,yd47mkde,xd1o87k8,rw63rpw7,2
k6qqkx6g,y8d3z5x6,yd47mkde,xd1o87k8,n93on290,2
k6qqkx6g,y8d3z5x6,yd47mkde,xd1o87k8,z98nzr9l,1
k6qqkx6g,y8d3z5x6,yd47mkde,xd1o87k8,rdnnl5dm,1
k6qqkx6g,y8d3z5x6,yd47mkde,xd1o87k8,ldy25pw3,2
k6qqkx6g,y8d3z5x6,yd47mkde,xd1o87k8,gdr28e9z,1
k6qqkx6g,y8d3z5x6,o1y7pv1q,mke53vnk,None,34
k6qqkx6g,y8d3z5x6,o1y7pv1q,9d8v5eqk,None,20
k6qqkx6g,y8d3z5x6,o1y7pv1q,xd1mw48d,None,15
k6qqkx6g,y8d3z5x6,o1y7pv1q,ndx8o4vk,None,5
k6qqkx6g,y8d3z5x6,v1pe3pd8,9d8poxqk,None,8
k6qqkx6g,y8d3z5x6,76rokq68,jdrqn7nk,None,9
k6qqkx6g,y8d3z5x6,yd4p9gde,vdoq6j1k,None,6
k6qqkx6g,y8d3z5x6,o1y7pv1q,mke53vnk,None,47
k6qqkx6g,y8d3z5x6,2685n56p,9kv5o8dg,None,24
k6qqkx6g,y8d3z5x6,o1ylvk6q,wdmw07e2,None,19
k6qqkx6g,y8d3z5x6,pd0wx401,9d86vzw2,None,7
k6qqkx6g,y8d3z5x6,yd47mkde,9kv483kg,29v2jqdv,1
k6qqkx6g,y8d3z5x6,yd47mkde,9kv483kg,n93on290,1
k6qqkx6g,y8d3z5x6,9doromdp,vdovgo2p,None,331
k6qqkx6g,y8d3z5x6,pdvywrdw,q257mrjd,None,124
k6qqkx6g,y8d3z5x6,yd47mkde,rkl758dn,z98nzr9l,1
k6qqkx6g,y8d3z5x6,yd47mkde,9d88m6dn,29v2jqdv,2
k6qqkx6g,y8d3z5x6,pd03z2de,jdz3yor2,None,1
k6qqkx6g,y8d3z5x6,yd47mkde,9kv483kg,gdr28e9z,1
k6qqkx6g,y8d3z5x6,yd47mkde,9d88m6dn,xd0xlmdq,5
k6qqkx6g,y8d3z5x6,4d72rl67,z273ozod,None,11
k6qqkx6g,y8d3z5x6,pdvqwv6w,02qj0r7d,None,10
k6qqkx6g,y8d3z5x6,m1m3rk62,jdrmpg26,rw6537d7,38
k6qqkx6g,y8d3z5x6,m1m3rk62,jdrmpg26,rw6537d7,38
k6qqkx6g,y8d3z5x6,m1m3rk62,xk969xk0,rw6537d7,25
k6qqkx6g,y8d3z5x6,m1m3rk62,xk969xk0,rw6537d7,25
k6qqkx6g,y8d3z5x6,o6gvoo62,jdz396g2,xd0k0e49,8
k6qqkx6g,y8d3z5x6,yd47mkde,9d88m6dn,n93on290,2
k6qqkx6g,y8d3z5x6,kdkyyx1m,jdz37wg2,None,4
k6qqkx6g,y8d3z5x6,yd4vvgde,vdo0m31d,None,8
k6qqkx6g,y8d3z5x6,o6gvoo62,jdz396g2,rw6qv7gd,6
k6qqkx6g,y8d3z5x6,76rmpe18,q258ejy2,None,3
k6qqkx6g,y8d3z5x6,j1nvqw6p,jdr11z02,ldypygpd,1
k6qqkx6g,y8d3z5x6,j1nvqw6p,jdr11z02,n93g747d,1
k6qqkx6g,y8d3z5x6,yd47mkde,z270lgd0,None,1
k6qqkx6g,y8d3z5x6,yd47mkde,zd33jrdn,29v2jqdv,1
k6qqkx6g,y8d3z5x6,yd47mkde,zd33jrdn,xd4xnq9m,1
k6qqkx6g,y8d3z5x6,yd47mkde,zd33jrdn,xd0xlmdq,1
k6qqkx6g,y8d3z5x6,yd47mkde,zd33jrdn,rw63rpw7,2
k6qqkx6g,y8d3z5x6,yd47mkde,zd33jrdn,n93on290,1
k6qqkx6g,y8d3z5x6,yd47mkde,zd33jrdn,z98nzr9l,1
k6qqkx6g,y8d3z5x6,yd47mkde,zd33jrdn,rdnnl5dm,1
k6qqkx6g,y8d3z5x6,yd47mkde,zd33jrdn,ldy25pw3,2
k6qqkx6g,y8d3z5x6,yd47mkde,zd33jrdn,gdr28e9z,1
k6qqkx6g,y8d3z5x6,yd497w1e,zd3ly78d,None,3
k6qqkx6g,y8d3z5x6,yd497w1e,9kvjxyok,None,3
k6qqkx6g,y8d3z5x6,yd497w1e,rklegjr2,None,3
k6qqkx6g,y8d3z5x6,yd497w1e,ndxp8152,None,3
k6qqkx6g,y8d3z5x6,yd497w1e,xd13m77k,None,2
k6qqkx6g,y8d3z5x6,yd47mkde,q25l38ko,None,1
k6qqkx6g,y8d3z5x6,j1n80l1p,8240nwd5,None,3
k6qqkx6g,y8d3z5x6,k6qw3x6g,02qv4ydy,None,6
k6qqkx6g,y8d3z5x6,3dxxvydy,xk9lgr4k,None,4
k6qqkx6g,y8d3z5x6,o6gqrn12,jdrqzwlk,None,2
k6qqkx6g,y8d3z5x6,yd47mkde,rkl758dn,29v2jqdv,1
k6qqkx6g,y8d3z5x6,yd47mkde,rkl758dn,xd4xnq9m,1
k6qqkx6g,y8d3z5x6,yd47mkde,rkl758dn,xd0xlmdq,2
k6qqkx6g,y8d3z5x6,yd47mkde,rkl758dn,rw63rpw7,1
k6qqkx6g,y8d3z5x6,yd47mkde,rkl758dn,n93on290,1
k6qqkx6g,y8d3z5x6,yd47mkde,rkl758dn,rdnnl5dm,1
k6qqkx6g,y8d3z5x6,yd47mkde,rkl758dn,ldy25pw3,1
k6qqkx6g,y8d3z5x6,yd47mkde,rkl758dn,gdr28e9z,1
k6qqkx6g,y8d3z5x6,w6jmm26j,82481pmk,None,200
k6qqkx6g,y8d3z5x6,w6jmm26j,q25qoe82,None,65
k6qqkx6g,y8d3z5x6,lde5y5d3,n2yj53z2,None,50
k6qqkx6g,y8d3z5x6,lde5y5d3,mkejl762,None,39
k6qqkx6g,y8d3z5x6,lde5y5d3,5dwy6xlk,None,26
k6qqkx6g,y8d3z5x6,lde5y5d3,wk61e4xd,None,29
k6qqkx6g,y8d3z5x6,lde5y5d3,xd13qz7k,None,29
k6qqkx6g,y8d3z5x6,lde5y5d3,zd3lrz8d,None,48
k6qqkx6g,y8d3z5x6,lde5y5d3,9kvjl1ok,None,32
k6qqkx6g,y8d3z5x6,lde5y5d3,jdrpz352,rdq02pow,38
k6qqkx6g,y8d3z5x6,lde5y5d3,jdrpz352,5d77knqd,31
k6qqkx6g,y8d3z5x6,lde5y5d3,jdrpz352,rdnpk5n9,31
k6qqkx6g,y8d3z5x6,lde5y5d3,jdrpz352,ldyp4ejd,20
k6qqkx6g,y8d3z5x6,lde5y5d3,jdrpz352,gdrqkj89,22
k6qqkx6g,y8d3z5x6,lde5y5d3,jdrpz352,nwl7k6p9,15
k6qqkx6g,y8d3z5x6,yd4vq5de,n2yqonzk,None,78
k6qqkx6g,y8d3z5x6,3dxv5y6y,wk6p41pd,None,30
k6qqkx6g,y8d3z5x6,yd47mkde,w20mr8kn,None,2
k6qqkx6g,y8d3z5x6,yd47mkde,zd34382n,29v2jqdv,3
k6qqkx6g,y8d3z5x6,yd47mkde,zd34382n,xd4xnq9m,4
k6qqkx6g,y8d3z5x6,yd47mkde,zd34382n,xd0xlmdq,5
k6qqkx6g,y8d3z5x6,yd47mkde,zd34382n,rw63rpw7,4
k6qqkx6g,y8d3z5x6,yd47mkde,zd34382n,z98nzr9l,3
k6qqkx6g,y8d3z5x6,yd47mkde,zd34382n,rdnnl5dm,3
k6qqkx6g,y8d3z5x6,yd47mkde,zd34382n,ldy25pw3,3
k6qqkx6g,y8d3z5x6,yd47mkde,zd34382n,gdr28e9z,2
k6qqkx6g,y8d3z5x6,4d7eog67,02qgj07d,None,105
k6qqkx6g,y8d3z5x6,w6jmm26j,8246xjgd,owo0q03w,17
k6qqkx6g,y8d3z5x6,w6jmm26j,8246xjgd,owo0q03w,10
k6qqkx6g,y8d3z5x6,w6jmm26j,8246xjgd,kwj51519,66
k6qqkx6g,y8d3z5x6,w6jmm26j,8246xjgd,kwj51519,33
k6qqkx6g,y8d3z5x6,w6jmm26j,8246xjgd,ewpj0j4w,34
k6qqkx6g,y8d3z5x6,w6jmm26j,9d86pe32,5d7vzved,21
k6qqkx6g,y8d3z5x6,w6jmm26j,8246xjgd,5d7vzved,82
k6qqkx6g,y8d3z5x6,w6jmm26j,8246xjgd,5d7vzved,94
k6qqkx6g,y8d3z5x6,kdke4edm,jdzywvkv,None,13
k6qqkx6g,y8d3z5x6,w6jmm26j,9d86pe32,xd1787yd,7
k6qqkx6g,y8d3z5x6,w6jmm26j,9d86pe32,ldyy8gpd,5
k6qqkx6g,y8d3z5x6,w6jmm26j,8246xjgd,ldyy8gpd,10
k6qqkx6g,y8d3z5x6,w6jmm26j,9d86pe32,rdn02z5w,4
k6qqkx6g,y8d3z5x6,w6jmm26j,8246xjgd,rdn02z5w,10
k6qqkx6g,y8d3z5x6,w6jmm26j,9d86pe32,z986g7rd,8
k6qqkx6g,y8d3z5x6,w6jmm26j,9d86pe32,z986g7rd,8
k6qqkx6g,y8d3z5x6,w6jmm26j,8246xjgd,z986g7rd,10
k6qqkx6g,y8d3z5x6,w6jmm26j,9d86pe32,n937y42d,5
k6qqkx6g,y8d3z5x6,w6jmm26j,8246xjgd,n937y42d,11
k6qqkx6g,y8d3z5x6,w6jmm26j,8246xjgd,xd1787yd,32
k6qqkx6g,y8d3z5x6,w6jmm26j,8246xjgd,592znz69,10
k6qqkx6g,y8d3z5x6,w6jmm26j,8246xjgd,69z3n2xd,10
k6qqkx6g,y8d3z5x6,w6jmm26j,8246xjgd,xd0g3gjw,17
k6qqkx6g,y8d3z5x6,w6jmm26j,8246xjgd,ewpj0j4w,26
k6qqkx6g,y8d3z5x6,j1nxyldp,zd30g1nd,None,7
k6qqkx6g,y8d3z5x6,4d78nn67,rklgl3rd,None,23
k6qqkx6g,y8d3z5x6,j1nxv9dp,5dwpjq0k,None,3
k6qqkx6g,y8d3z5x6,268q956p,824mnlw2,None,7
k6qqkx6g,y8d3z5x6,ldep5j13,02qj76jd,None,6
k6qqkx6g,y8d3z5x6,46w0ql1r,vdoqz99k,None,6
k6qqkx6g,y8d3z5x6,v1p5emd8,xd13417k,owo28y3d,1
k6qqkx6g,y8d3z5x6,v1p5emd8,xd13417k,ewpqnr49,1
k6qqkx6g,y8d3z5x6,v1p5emd8,xd13417k,29vkgjxd,2
k6qqkx6g,y8d3z5x6,v1p5emd8,xd13417k,o9xl6z79,1
k6qqkx6g,y8d3z5x6,v1pn4pd8,mkej6g82,None,34
k6qqkx6g,y8d3z5x6,yd4p0pde,w20zr7vd,None,11
k6qqkx6g,y8d3z5x6,v1p5emd8,xd13417k,z988pe19,2
k6qqkx6g,y8d3z5x6,v1p5emd8,xd13417k,y9mp0y09,1
k6qqkx6g,y8d3z5x6,v1p5emd8,xd13417k,r9g36j2w,1
k6qqkx6g,y8d3z5x6,v1p5emd8,xd13417k,ewpqne49,1
k6qqkx6g,y8d3z5x6,v1p5emd8,xd13417k,5wkr08x9,1
k6qqkx6g,y8d3z5x6,v1p5emd8,xd13417k,ldypqj7d,1
k6qqkx6g,y8d3z5x6,v1p5emd8,xd13417k,ywe80n4w,1
k6qqkx6g,y8d3z5x6,v1p5emd8,xd13417k,o9xl6k79,1
k6qqkx6g,y8d3z5x6,v1p5emd8,xd13417k,29vkg2xd,2
k6qqkx6g,y8d3z5x6,v1p5emd8,xd13417k,kwje0319,1
k6qqkx6g,y8d3z5x6,v1p5emd8,xd13417k,ywe80j4w,1
k6qqkx6g,y8d3z5x6,v1p5emd8,xd13417k,y9mp0809,1
k6qqkx6g,y8d3z5x6,v1p5emd8,xd13417k,nwl70ng9,2
k6qqkx6g,y8d3z5x6,v1p5emd8,xd13417k,gdrqrgk9,1
k6qqkx6g,y8d3z5x6,v1p5emd8,xd13417k,5d73ple9,2
k6qqkx6g,y8d3z5x6,v1p5emd8,xd13417k,xd43px89,1
k6qqkx6g,y8d3z5x6,v1p5emd8,xd13417k,rdnp3r69,2
k6qqkx6g,y8d3z5x6,v1p5emd8,xd13417k,592om36d,1
k6qqkx6g,y8d3z5x6,v1p5emd8,xd13417k,owo28l3d,1
k6qqkx6g,y8d3z5x6,v1p5emd8,xd13417k,rdnp3n69,2
k6qqkx6g,y8d3z5x6,v1p5emd8,xd13417k,69z47q4w,1
k6qqkx6g,y8d3z5x6,v1p5emd8,xd13417k,xd15p6yw,1
k6qqkx6g,y8d3z5x6,v1p5emd8,xd13417k,xd07pxjw,1
k6qqkx6g,y8d3z5x6,v1p5emd8,xd13417k,xd43pn89,1
k6qqkx6g,y8d3z5x6,v1p5emd8,xd13417k,ldypq27d,1
k6qqkx6g,y8d3z5x6,v1p5emd8,xd13417k,rw6n2r6d,1
k6qqkx6g,y8d3z5x6,v1p5emd8,xd13417k,592om56d,1
k6qqkx6g,y8d3z5x6,v1p5emd8,xd13417k,r9g36r2w,1
k6qqkx6g,y8d3z5x6,v1p5emd8,xd13417k,5wkr0px9,2
k6qqkx6g,y8d3z5x6,v1p5emd8,xd13417k,n93gk8rd,1
k6qqkx6g,y8d3z5x6,v1p5emd8,xd13417k,rdq1ygg9,2
k6qqkx6g,y8d3z5x6,v1p5emd8,xd13417k,xd15pxyw,1
k6qqkx6g,y8d3z5x6,v1p5emd8,xd13417k,4958py49,1
k6qqkx6g,y8d3z5x6,v1p5emd8,xd13417k,rw6n236d,1
k6qqkx6g,y8d3z5x6,v1p5emd8,xd13417k,gdrqr8k9,2
k6qqkx6g,y8d3z5x6,v1p5emd8,xd13417k,nwl70yg9,2
k6qqkx6g,y8d3z5x6,v1p5emd8,xd13417k,xd07pljw,1
k6qqkx6g,y8d3z5x6,w6jmm26j,8246xjgd,z986g7rd,43
k6qqkx6g,y8d3z5x6,w6jmm26j,8246xjgd,ldyy8gpd,24
k6qqkx6g,y8d3z5x6,w6jmm26j,8246xjgd,29v353xw,15
k6qqkx6g,y8d3z5x6,w6jmm26j,8246xjgd,n937y7rd,16
k6qqkx6g,y8d3z5x6,w6jmm26j,8246xjgd,29v353xw,21
k6qqkx6g,y8d3z5x6,w6jmm26j,8246xjgd,592znz69,27
k6qqkx6g,y8d3z5x6,w6jmm26j,8246xjgd,ewpj0j4w,13
k6qqkx6g,y8d3z5x6,w6jmm26j,9d86pe32,29v353xw,5
k6qqkx6g,y8d3z5x6,w6jmm26j,9d86pe32,z986g61d,4
k6qqkx6g,y8d3z5x6,w6jmm26j,8246xjgd,ldyy8gpd,27
k6qqkx6g,y8d3z5x6,w6jmm26j,8246xjgd,29v353xw,7
k6qqkx6g,y8d3z5x6,w6jmm26j,8246xjgd,xd4jrj8d,6
k6qqkx6g,y8d3z5x6,w6jmm26j,9d86pe32,owo0q03w,5
k6qqkx6g,y8d3z5x6,w6jmm26j,9d86pe32,xd1787yd,4
k6qqkx6g,y8d3z5x6,w6jmm26j,9d86pe32,owo0q03w,5
k6qqkx6g,y8d3z5x6,w6jmm26j,9d86pe32,ldyy8gpd,6
k6qqkx6g,y8d3z5x6,w6jmm26j,9d86pe32,rdn02z5w,6
k6qqkx6g,y8d3z5x6,w6jmm26j,9d86pe32,n937y7rd,4
k6qqkx6g,y8d3z5x6,w6jmm26j,9d86pe32,xd0g3gjw,8
k6qqkx6g,y8d3z5x6,w6jmm26j,9d86pe32,592znz69,6
k6qqkx6g,y8d3z5x6,w6jmm26j,9d86pe32,xd4jrj8d,5
k6qqkx6g,y8d3z5x6,w6jmm26j,9d86pe32,z986g7rd,5
k6qqkx6g,y8d3z5x6,w6jmm26j,9d86pe32,n937y42d,4
k6qqkx6g,y8d3z5x6,w6jmm26j,9d86pe32,gdre1xe9,6
k6qqkx6g,y8d3z5x6,w6jmm26j,9d86pe32,rw64e469,5
k6qqkx6g,y8d3z5x6,w6jmm26j,8246xjgd,n937y7rd,8
k6qqkx6g,y8d3z5x6,369r986l,ndxp40r2,None,4
k6qqkx6g,y8d3z5x6,369r986l,ndxp40r2,None,1
k6qqkx6g,y8d3z5x6,369r986l,ndxp40r2,None,1
k6qqkx6g,y8d3z5x6,m1m9rj62,wkpqm1gd,None,10
k6qqkx6g,y8d3z5x6,y658506e,mke5px9k,None,379
k6qqkx6g,y8d3z5x6,3dx2jv41,z2763l0d,None,3
k6qqkx6g,y8d3z5x6,76rxwge6,wkpoy0w2,29v3z5qw,8
k6qqkx6g,y8d3z5x6,kdknmqdm,9d8j437k,None,4
k6qqkx6g,y8d3z5x6,kdknmqdm,9d8j436k,None,7
k6qqkx6g,y8d3z5x6,76rxwge6,wkpoy0w2,xd0g43mw,10
k6qqkx6g,y8d3z5x6,76rxwge6,wkpoy0w2,rw64mep9,9
k6qqkx6g,y8d3z5x6,kdknmqdm,9d8j436k,None,5
k6qqkx6g,y8d3z5x6,kdknmqdm,9d8j436k,None,5
k6qqkx6g,y8d3z5x6,kdknmqdm,9kvjo9jk,None,4
k6qqkx6g,y8d3z5x6,kdknmqdm,9kvjo9jk,None,5
k6qqkx6g,y8d3z5x6,kdknmqdm,9d8j436k,None,6
k6qqkx6g,y8d3z5x6,kdknmqdm,9d8j437k,None,5
k6qqkx6g,y8d3z5x6,kdknmqdm,9d8j436k,None,4
k6qqkx6g,y8d3z5x6,kdknmqdm,9kvjo9ok,None,3
k6qqkx6g,y8d3z5x6,kdknmqdm,zd3lwx8d,None,4
k6qqkx6g,y8d3z5x6,j1ne7991,xd1ern82,None,5
k6qqkx6g,y8d3z5x6,j1ne7991,vdoo09od,4956l20d,3
k6qqkx6g,y8d3z5x6,j1ne7991,vdoo09od,rdqj58k9,3
k6qqkx6g,y8d3z5x6,j1ne7991,vdoo09od,5d7vz1gd,3
k6qqkx6g,y8d3z5x6,j1ne7991,vdoo09od,kwj51gn9,3
k6qqkx6g,y8d3z5x6,j1ne7991,vdoo09od,owo0qjow,2
k6qqkx6g,y8d3z5x6,m1z9pxd0,xd1eev42,None,3
k6qqkx6g,y8d3z5x6,xv1pg718,37dg0pk4,None,95
k6qqkx6g,y8d3z5x6,76r2nvd8,xk9lyxgk,None,52
k6qqkx6g,y8d3z5x6,76r2nvd8,z277pvo2,None,55
k6qqkx6g,y8d3z5x6,76r2nvd8,7dggz4pd,None,79
k6qqkx6g,y8d3z5x6,369v301l,9d8p447k,None,3
k6qqkx6g,y8d3z5x6,v1pk27d8,02q8pmj2,None,28
k6qqkx6g,y8d3z5x6,yd47mkde,zd34382n,n93on290,2
k6qqkx6g,y8d3z5x6,yd47mkde,9d88m6dn,ldy25pw3,4
k6qqkx6g,y8d3z5x6,yd47mkde,9d88m6dn,gdr28e9z,4
k6qqkx6g,y8d3z5x6,76r2nvd8,7kjr59z2,None,72
k6qqkx6g,y8d3z5x6,yd47mkde,rklm7rdn,None,4
k6qqkx6g,y8d3z5x6,yd47mkde,9d88m6dn,z98nzr9l,4
k6qqkx6g,y8d3z5x6,yd47mkde,9d88m6dn,rdnnl5dm,3
k6qqkx6g,y8d3z5x6,yd47mkde,9d88m6dn,xd4xnq9m,6
k6qqkx6g,y8d3z5x6,yd47mkde,9d88m6dn,rw63rpw7,8
k6qqkx6g,y8d3z5x6,pd0mqw6e,02qjjw9d,None,14
k6qqkx6g,y8d3z5x6,o1y7zk1q,zd30gmed,None,18
k6qqkx6g,y8d3z5x6,o1ypx21q,jdz5vz6d,None,69
k6qqkx6g,y8d3z5x6,j1n2zl1p,jdrq8lnk,None,8
k6qqkx6g,y8d3z5x6,k6qxm91g,vdoq84ok,None,6
k6qqkx6g,y8d3z5x6,j1nl2xdp,rkle0g62,None,8
k6qqkx6g,y8d3z5x6,kdkn7xdm,wkpq5jjd,None,104
k6qqkx6g,y8d3z5x6,o1yzerdq,02qgvwjd,None,15
k6qqkx6g,y8d3z5x6,26843kdp,xd170e4d,None,31
k6qqkx6g,y8d3z5x6,pdvwvr6w,02qjep7d,None,3
k6qqkx6g,y8d3z5x6,lde07e63,824x61wd,None,21
k6qqkx6g,y8d3z5x6,76rlre68,zd3nzekn,None,2
k6qqkx6g,y8d3z5x6,kdkl4l6m,z273o9gd,None,28
k6qqkx6g,y8d3z5x6,kdkl4l6m,q2587982,None,38
k6qqkx6g,y8d3z5x6,j1n2ql1p,xd1rqxrk,None,31
k6qqkx6g,y8d3z5x6,nd2l0360,wk6173xd,None,11
k6qqkx6g,y8d3z5x6,y658036e,z277zv52,None,4
k6qqkx6g,y8d3z5x6,268jkydp,7kjrl6g2,None,8
k6qqkx6g,y8d3z5x6,76r89ed8,vdoqlyok,None,3
k6qqkx6g,y8d3z5x6,76r89ed8,9kvjz6ek,None,10
k6qqkx6g,y8d3z5x6,76r89ed8,wkpqw1jd,None,7
k6qqkx6g,y8d3z5x6,pd0gg36e,824m6ve2,None,12
k6qqkx6g,y8d3z5x6,pdv7z9dw,5dwjr90k,None,31
k6qqkx6g,y8d3z5x6,k6q7qxdg,vdoq3g9k,None,7
k6qqkx6g,y8d3z5x6,4d7rml17,jdr175n2,None,32
k6qqkx6g,y8d3z5x6,w6jqm21j,ndxp38o2,None,5
k6qqkx6g,y8d3z5x6,kdkmoe1m,xd1lx4k8,None,11
k6qqkx6g,y8d3z5x6,kdkmoe1m,9d8xw32n,None,40
k6qqkx6g,y8d3z5x6,76rl7v68,zdnw1m7d,None,16
k6qqkx6g,y8d3z5x6,w6jln7dj,zd30lvvd,gdr4pewz,14
k6qqkx6g,y8d3z5x6,3dx0o4dy,jdr46026,None,21
k6qqkx6g,y8d3z5x6,k6qqkx6g,rklgq3rd,None,16
k6qqkx6g,y8d3z5x6,9d3000dl,xd1v5w4d,xd04qgxw,25
k6qqkx6g,y8d3z5x6,o1yx446q,zdn8ow7d,xd04q61w,48
k6qqkx6g,y8d3z5x6,o6ggz562,9d8vyl7k,None,5
k6qqkx6g,y8d3z5x6,kdkn9ldm,7kjzo53d,None,19
k6qqkx6g,y8d3z5x6,pdv5gr6w,xk9lwp6k,None,12
k6qqkx6g,y8d3z5x6,pdv5gr6w,jdrq7rgk,None,6
k6qqkx6g,y8d3z5x6,pdv5gr6w,824p0we2,None,7
k6qqkx6g,y8d3z5x6,pdv5gr6w,xd1mv0zd,None,7
k6qqkx6g,y8d3z5x6,pdv5gr6w,02qjv57d,None,5
k6qqkx6g,y8d3z5x6,pdv5gr6w,9d8v3rwk,None,5
k6qqkx6g,y8d3z5x6,pdv5gr6w,zd3yj5y2,None,4
k6qqkx6g,y8d3z5x6,o6g2k512,q258gzg2,None,30
k6qqkx6g,y8d3z5x6,46wv59dr,zd30r6ed,None,3
k6qqkx6g,y8d3z5x6,j1n29w1p,z2739god,None,109
k6qqkx6g,y8d3z5x6,j1n29w1p,w20pel5k,None,8
k6qqkx6g,y8d3z5x6,j1n29w1p,wdmzmeo2,None,13
k6qqkx6g,y8d3z5x6,j1n29w1p,n2yjm372,None,22
k6qqkx6g,y8d3z5x6,o1yy041q,jdz3o562,None,11
k6qqkx6g,y8d3z5x6,268rko1p,w201ogjk,None,9
k6qqkx6g,y8d3z5x6,k6qew96g,7kjzy63d,None,270
k6qqkx6g,y8d3z5x6,j1lz8z6g,z27ggx42,None,69
k6qqkx6g,y8d3z5x6,lder2l63,jdz5qv3d,None,41
k6qqkx6g,y8d3z5x6,yd4pjkde,wk61mmrd,None,6
k6qqkx6g,y8d3z5x6,yd4pjkde,wk61mmrd,None,5
k6qqkx6g,y8d3z5x6,kdkevldm,ndxxx1dq,xd45kpwm,14
k6qqkx6g,y8d3z5x6,kdkevldm,ndxxx1dq,xd0e419q,38
k6qqkx6g,y8d3z5x6,nd2e9erd,vdom79v2,None,157
k6qqkx6g,y8d3z5x6,nd2e9erd,vdom79v2,None,138
k6qqkx6g,y8d3z5x6,nd2e9erd,vdom79v2,None,108
k6qqkx6g,y8d3z5x6,v1pkl8d8,7kjzr4zd,None,18
k6qqkx6g,y8d3z5x6,j1nrnedp,q25474wd,None,4
k6qqkx6g,y8d3z5x6,v1pxxz68,xd17j7d8,5d73ye9y,8
k6qqkx6g,y8d3z5x6,v1pxxz68,zdn1nekq,gdrqpk9z,12
k6qqkx6g,y8d3z5x6,v1pxxz68,zdn1nekq,nwl7gg9v,16
k6qqkx6g,y8d3z5x6,v1pxxz68,wdm8552q,r9g3y2w2,6
k6qqkx6g,y8d3z5x6,v1pxxz68,q257xydo,nwl7gg9v,7
k6qqkx6g,y8d3z5x6,v1pxxz68,q257xydo,gdrqpk9z,10
k6qqkx6g,y8d3z5x6,v1pxxz68,xd17j7d8,gdrqpk9z,11
k6qqkx6g,y8d3z5x6,v1pxxz68,jdr7rg26,nwl7gg9v,8
k6qqkx6g,y8d3z5x6,v1pxxz68,824rnmd5,nwl7gg9v,8
k6qqkx6g,y8d3z5x6,v1pxxz68,ndx1352q,o9xl179l,7
k6qqkx6g,y8d3z5x6,v1pxxz68,vdo35ydp,o9xl179l,10
k6qqkx6g,y8d3z5x6,v1pxxz68,5dw81edg,rdq1zg9x,6
k6qqkx6g,y8d3z5x6,v1pxxz68,xd17j7d8,kwje719g,5
k6qqkx6g,y8d3z5x6,v1pxxz68,9kvy8okg,kwje719g,6
k6qqkx6g,y8d3z5x6,3dxzqv1y,n2y59gmk,None,136
k6qqkx6g,y8d3z5x6,268pjodp,zd3qwnkn,None,54
k6qqkx6g,y8d3z5x6,268pjodp,5dwjp6lk,None,16
k6qqkx6g,y8d3z5x6,v1poq468,mkezzxk6,None,70
k6qqkx6g,y8d3z5x6,9doye36p,7kjv3yxk,None,190
k6qqkx6g,y8d3z5x6,m1m8y3d2,jdzpexvk,None,5
k6qqkx6g,y8d3z5x6,w6j2841j,9kvjz1jk,None,3
k6qqkx6g,y8d3z5x6,v1p0x468,n2y1j1m2,r9gy0g29,1
k6qqkx6g,y8d3z5x6,v1p0x468,n2y1j1m2,o9x15e7d,1
k6qqkx6g,y8d3z5x6,v1p0x468,n2y1j1m2,495ko149,1
k6qqkx6g,y8d3z5x6,v1p0x468,n2y1j1m2,rdqz2kgd,1
k6qqkx6g,y8d3z5x6,v1p0x468,n2y1j1m2,5d7ykmed,1
k6qqkx6g,y8d3z5x6,v1p0x468,n2y1j1m2,kwj7lq1w,1
k6qqkx6g,y8d3z5x6,o1y7pv1q,02qjeeyd,None,4
k6qqkx6g,y8d3z5x6,o1y7pv1q,jdz5rrgd,None,5
k6qqkx6g,y8d3z5x6,o1y7pv1q,xk9l556k,None,12
k6qqkx6g,y8d3z5x6,o1y7pv1q,n2y1rrm2,None,2
k6qqkx6g,y8d3z5x6,o1y7pv1q,5dwpqqnk,None,9
k6qqkx6g,y8d3z5x6,o1y7pv1q,5dwy7nlk,None,5
k6qqkx6g,y8d3z5x6,o1y7pv1q,5dwprrnk,None,6
k6qqkx6g,y8d3z5x6,o1y7pv1q,7dggllxd,None,3
k6qqkx6g,y8d3z5x6,o1y7pv1q,wkpy660k,None,5
k6qqkx6g,y8d3z5x6,o1y7pv1q,9kvx55j2,None,7
k6qqkx6g,y8d3z5x6,o1y7pv1q,zd3ynny2,None,5
k6qqkx6g,y8d3z5x6,o1y7pv1q,n2y1rxz2,None,6
k6qqkx6g,y8d3z5x6,o1y7pv1q,wk6jr6qd,None,9
k6qqkx6g,y8d3z5x6,o1y7pv1q,mke5w88k,None,8
k6qqkx6g,y8d3z5x6,o1y7pv1q,7dgg137d,None,11
k6qqkx6g,y8d3z5x6,o1y7pv1q,vdo4pgy2,None,4
k6qqkx6g,y8d3z5x6,o1y7pv1q,w20zem8d,None,9
k6qqkx6g,y8d3z5x6,o1y7pv1q,ndx8rl5k,None,4
k6qqkx6g,y8d3z5x6,o1y7pv1q,9kvxr3o2,None,8
k6qqkx6g,y8d3z5x6,o1y7pv1q,9kvxr3o2,None,8
k6qqkx6g,y8d3z5x6,o1y7pv1q,xd1mword,None,3
k6qqkx6g,y8d3z5x6,o1y7pv1q,824pq9w2,None,8
k6qqkx6g,y8d3z5x6,o1y7pv1q,02qje7yd,None,4
k6qqkx6g,y8d3z5x6,o1y7pv1q,02qje7yd,None,5
k6qqkx6g,y8d3z5x6,o1y7pv1q,jdrpw852,None,10
k6qqkx6g,y8d3z5x6,o1y7pv1q,5dwpqxnk,None,7
k6qqkx6g,y8d3z5x6,o1y7pv1q,wkpygr0k,None,8
k6qqkx6g,y8d3z5x6,o1y7pv1q,vdo4pn12,None,9
k6qqkx6g,y8d3z5x6,o1y7pv1q,rklg0zqd,None,7
k6qqkx6g,y8d3z5x6,o1y7pv1q,zd3y5ry2,None,8
k6qqkx6g,y8d3z5x6,46wq436r,jdzpo56k,None,6
k6qqkx6g,y8d3z5x6,ldelvl63,n2yj0o12,None,66
k6qqkx6g,y8d3z5x6,ldelvl63,n2yj0o12,None,21
k6qqkx6g,y8d3z5x6,ldelvl63,n2yj0o12,None,32
k6qqkx6g,y8d3z5x6,o1y7pv1q,vdo4ww12,None,7
k6qqkx6g,y8d3z5x6,o1y7pv1q,q2545jvd,None,15
k6qqkx6g,y8d3z5x6,o1y7pv1q,mke5wyxk,None,5
k6qqkx6g,y8d3z5x6,o1y7pv1q,q25451vd,None,6
k6qqkx6g,y8d3z5x6,o1y7pv1q,7dgg11xd,None,11
k6qqkx6g,y8d3z5x6,o1y7pv1q,5dwpqqnk,None,3
k6qqkx6g,y8d3z5x6,m1zrx3d0,zdnr98n2,None,33
k6qqkx6g,y8d3z5x6,w6jl72dj,w20155kn,None,4
k6qqkx6g,y8d3z5x6,j1np4l6p,9kvq53dg,None,10
k6qqkx6g,y8d3z5x6,j1np4l6p,9kvx3w32,29v2g1dv,12
k6qqkx6g,y8d3z5x6,o1y7pv1q,ndxpqpv2,None,6
k6qqkx6g,y8d3z5x6,o1y7pv1q,wk61v3xd,None,3
k6qqkx6g,y8d3z5x6,o1y7pv1q,mke533xk,None,7
k6qqkx6g,y8d3z5x6,o1y7pv1q,mke533xk,None,6
k6qqkx6g,y8d3z5x6,o1y7pv1q,7dggllxd,None,5
k6qqkx6g,y8d3z5x6,o1y7pv1q,7dggllxd,None,5
k6qqkx6g,y8d3z5x6,lde5y5d3,jdrpz352,owo2g2vd,3
k6qqkx6g,y8d3z5x6,j1np4l6p,xd119wd8,None,15
k6qqkx6g,y8d3z5x6,w6jl72dj,824x5nnd,None,7
k6qqkx6g,y8d3z5x6,j1np4l6p,9kvx3w32,29v2g1dv,16
k6qqkx6g,y8d3z5x6,o1y7pv1q,7dggllxd,None,5
k6qqkx6g,y8d3z5x6,j1n29w1p,zdnr7wx2,None,47
k6qqkx6g,y8d3z5x6,76r2nvd8,xk904wvk,None,175
k6qqkx6g,y8d3z5x6,76r2nvd8,xk9l93yk,None,26
k6qqkx6g,y8d3z5x6,76r2nvd8,xk9l93yk,None,7
k6qqkx6g,y8d3z5x6,76r2nvd8,xk9l93yk,None,15
k6qqkx6g,y8d3z5x6,76r2nvd8,xk9l93yk,None,27
k6qqkx6g,y8d3z5x6,76r2nvd8,xk9l93yk,None,24
k6qqkx6g,y8d3z5x6,j1np4l6p,xd119wd8,None,32
k6qqkx6g,y8d3z5x6,j1np4l6p,xd119wd8,None,30
k6qqkx6g,y8d3z5x6,j1np4l6p,xd119wd8,None,118
k6qqkx6g,y8d3z5x6,j1np4l6p,9kvq53dg,None,14
k6qqkx6g,y8d3z5x6,j1np4l6p,9kvq53dg,None,12
k6qqkx6g,y8d3z5x6,j1np4l6p,9kvq53dg,None,63
k6qqkx6g,y8d3z5x6,j1np4l6p,9kvx3w32,rw6v57n9,25
k6qqkx6g,y8d3z5x6,j1np4l6p,9kvx3w32,rw6v57n9,13
k6qqkx6g,y8d3z5x6,j1np4l6p,9kvx3w32,xd0xp0dq,19
k6qqkx6g,y8d3z5x6,j1np4l6p,9kvx3w32,xd0xp0dq,23
k6qqkx6g,y8d3z5x6,j1np4l6p,9kvx3w32,xd0xp0dq,28
k6qqkx6g,y8d3z5x6,j1np4l6p,9kvx3w32,29v2g1dv,12
k6qqkx6g,y8d3z5x6,j1np4l6p,9kvx3w32,29v2g1dv,15
k6qqkx6g,y8d3z5x6,j1np4l6p,9kvx3w32,29v2g1dv,16
k6qqkx6g,y8d3z5x6,j1np4l6p,9kvx3w32,29v2g1dv,9
k6qqkx6g,y8d3z5x6,j1np4l6p,9kvx3w32,29v2g1dv,10
k6qqkx6g,y8d3z5x6,j1np4l6p,9kvx3w32,29v2g1dv,13
k6qqkx6g,y8d3z5x6,j1np4l6p,9kvx3w32,29v2g1dv,12
k6qqkx6g,y8d3z5x6,j1np4l6p,9kvx3w32,29v2g1dv,13
k6qqkx6g,y8d3z5x6,nd2zled0,9kvpj88k,None,4
k6qqkx6g,y8d3z5x6,o1y7pv1q,z2775vz2,None,8
k6qqkx6g,y8d3z5x6,o1y7pv1q,7kjrl4n2,None,8
k6qqkx6g,y8d3z5x6,o1y7pv1q,xk9l514k,None,16
k6qqkx6g,y8d3z5x6,o1y7pv1q,jdz5rngd,None,5
k6qqkx6g,y8d3z5x6,o1y7pv1q,wkpy660k,None,5
k6qqkx6g,y8d3z5x6,o1y7pv1q,jdz5rngd,None,9
k6qqkx6g,y8d3z5x6,o1y7pv1q,wkpy660k,None,5
k6qqkx6g,y8d3z5x6,o1y7pv1q,jdz5rngd,None,8
k6qqkx6g,y8d3z5x6,o1y7pv1q,zd3y55y2,None,5
k6qqkx6g,y8d3z5x6,o1y7pv1q,rklg00qd,None,10
k6qqkx6g,y8d3z5x6,o1y7pv1q,ndx8rr1k,None,7
k6qqkx6g,y8d3z5x6,o1y7pv1q,wdmqmmx2,None,9
k6qqkx6g,y8d3z5x6,o1y7pv1q,wdmqmmx2,None,8
k6qqkx6g,y8d3z5x6,o1y7pv1q,vdo4pp12,None,12
k6qqkx6g,y8d3z5x6,o1y7pv1q,mke5wwxk,None,6
k6qqkx6g,y8d3z5x6,o1y7pv1q,wk6jrrrd,None,7
k6qqkx6g,y8d3z5x6,o1y7pv1q,n2y1rrm2,None,11
k6qqkx6g,y8d3z5x6,o1y7pv1q,n2y1rrm2,None,11
k6qqkx6g,y8d3z5x6,o1y7pv1q,z27755z2,None,8
k6qqkx6g,y8d3z5x6,o1y7pv1q,z27755z2,None,8
k6qqkx6g,y8d3z5x6,o1y7pv1q,z27755z2,None,7
k6qqkx6g,y8d3z5x6,o1y7pv1q,z27755z2,None,6
k6qqkx6g,y8d3z5x6,o1y7pv1q,z27755z2,None,6
k6qqkx6g,y8d3z5x6,o1y7pv1q,q25455vd,None,13
k6qqkx6g,y8d3z5x6,o1y7pv1q,jdrpww52,None,9
k6qqkx6g,y8d3z5x6,o1y7pv1q,jdrpww52,None,12
k6qqkx6g,y8d3z5x6,o1y7pv1q,9d8v586k,None,4
k6qqkx6g,y8d3z5x6,o1y7pv1q,02qjeeyd,None,6
k6qqkx6g,y8d3z5x6,o1y7pv1q,q2545jvd,None,6
k6qqkx6g,y8d3z5x6,o1y7pv1q,824pqqw2,None,10
k6qqkx6g,y8d3z5x6,o1y7pv1q,xd1mwqrd,None,11
k6qqkx6g,y8d3z5x6,o1y7pv1q,wkpygn0k,None,16
k6qqkx6g,y8d3z5x6,o1y7pv1q,wk6jrwrd,None,6
k6qqkx6g,y8d3z5x6,o1y7pv1q,rklg0nqd,None,9
k6qqkx6g,y8d3z5x6,o1y7pv1q,9kvxrlj2,None,7
k6qqkx6g,y8d3z5x6,o1y7pv1q,rklg0zqd,None,5
k6qqkx6g,y8d3z5x6,o1y7pv1q,ndx8r01k,None,7
k6qqkx6g,y8d3z5x6,o1y7pv1q,ndx8r01k,None,5
k6qqkx6g,y8d3z5x6,o1y7pv1q,vdo4pn12,None,6
k6qqkx6g,y8d3z5x6,o1y7pv1q,vdo4pn12,None,9
k6qqkx6g,y8d3z5x6,o1y7pv1q,7dgg17xd,None,12
k6qqkx6g,y8d3z5x6,o1y7pv1q,7dgg17xd,None,12
k6qqkx6g,y8d3z5x6,o1y7pv1q,7dgg17xd,None,6
k6qqkx6g,y8d3z5x6,o1y7pv1q,wk6jr4rd,None,8
k6qqkx6g,y8d3z5x6,o1y7pv1q,xk9l596k,None,10
k6qqkx6g,y8d3z5x6,o1y7pv1q,ndx8o4vk,None,12
k6qqkx6g,y8d3z5x6,o1y7pv1q,z27759z2,None,11
k6qqkx6g,y8d3z5x6,o1y7pv1q,z27759z2,None,6
k6qqkx6g,y8d3z5x6,o1y7pv1q,zdnqo79d,None,3
k6qqkx6g,y8d3z5x6,o1y7pv1q,q25459vd,None,8
k6qqkx6g,y8d3z5x6,o1y7pv1q,02qje7yd,None,7
k6qqkx6g,y8d3z5x6,o1y7pv1q,824pq9w2,None,7
k6qqkx6g,y8d3z5x6,o1y7pv1q,824pq9w2,None,5
k6qqkx6g,y8d3z5x6,o1y7pv1q,9d8v587k,None,8
k6qqkx6g,y8d3z5x6,o1y7pv1q,zd3y5on2,None,28
k6qqkx6g,y8d3z5x6,o1y7pv1q,ndx8rn1k,None,27
k6qqkx6g,y8d3z5x6,o1y7pv1q,5dwpq1nk,None,3
k6qqkx6g,y8d3z5x6,o1y7pv1q,9kvxrnj2,None,22
k6qqkx6g,y8d3z5x6,o1y7pv1q,rklg0nqd,None,23
k6qqkx6g,y8d3z5x6,o1y7pv1q,wdmqmrx2,None,12
k6qqkx6g,y8d3z5x6,o1y7pv1q,vdo4py12,None,16
k6qqkx6g,y8d3z5x6,o1y7pv1q,mke5wyxk,None,4
k6qqkx6g,y8d3z5x6,o1y7pv1q,mke5wyxk,None,10
k6qqkx6g,y8d3z5x6,o1y7pv1q,5dwpqnnk,None,8
k6qqkx6g,y8d3z5x6,o1y7pv1q,5dwpqnnk,None,9
k6qqkx6g,y8d3z5x6,o1y7pv1q,5dwpqnnk,None,10
k6qqkx6g,y8d3z5x6,o1y7pv1q,5dwpqnnk,None,10
k6qqkx6g,y8d3z5x6,o1y7pv1q,5dwpqnnk,None,13
k6qqkx6g,y8d3z5x6,o1y7pv1q,5dwpqnnk,None,10
k6qqkx6g,y8d3z5x6,o1y7pv1q,5dwpqnnk,None,10
k6qqkx6g,y8d3z5x6,o1y7pv1q,5dwpqnnk,None,12
k6qqkx6g,y8d3z5x6,o1y7pv1q,wk6jr3rd,None,12
k6qqkx6g,y8d3z5x6,o1y7pv1q,n2y1rnm2,None,22
k6qqkx6g,y8d3z5x6,o1y7pv1q,xk9l5x6k,None,7
k6qqkx6g,y8d3z5x6,o1y7pv1q,z2775vz2,None,15
k6qqkx6g,y8d3z5x6,o1y7pv1q,z2775vz2,None,12
k6qqkx6g,y8d3z5x6,o1y7pv1q,mke5w7xk,None,3
k6qqkx6g,y8d3z5x6,o1y7pv1q,zd3y54y2,None,6
k6qqkx6g,y8d3z5x6,o1y7pv1q,zd3y54y2,None,5
k6qqkx6g,y8d3z5x6,o1y7pv1q,xd1mwo7d,None,9
k6qqkx6g,y8d3z5x6,o1y7pv1q,7dgg1yxd,None,6
k6qqkx6g,y8d3z5x6,o1y7pv1q,02qjeryd,None,4
k6qqkx6g,y8d3z5x6,o1y7pv1q,02qjeryd,None,5
k6qqkx6g,y8d3z5x6,o1y7pv1q,9d8v5n7k,None,5
k6qqkx6g,y8d3z5x6,o1y7pv1q,n2y1rmm2,None,2
k6qqkx6g,y8d3z5x6,o1y7pv1q,mke53vnk,None,46
k6qqkx6g,y8d3z5x6,nd2zled0,xk90r3gk,None,3
k6qqkx6g,y8d3z5x6,o1y7pv1q,9d8v5n7k,None,4
k6qqkx6g,y8d3z5x6,o1y7pv1q,xd1mword,None,3
k6qqkx6g,y8d3z5x6,o1y7pv1q,7kjrll42,None,3
k6qqkx6g,y8d3z5x6,o1y7pv1q,7kjrll42,None,5
k6qqkx6g,y8d3z5x6,o1y7pv1q,7kjrll42,None,5
k6qqkx6g,y8d3z5x6,o1y7pv1q,7kjrll42,None,6
k6qqkx6g,y8d3z5x6,o1y7pv1q,q25455vd,None,7
k6qqkx6g,y8d3z5x6,o1y7pv1q,w20ze5vd,None,10
k6qqkx6g,y8d3z5x6,o1y7pv1q,n2y1rmm2,None,5
k6qqkx6g,y8d3z5x6,o1y7pv1q,q25459vd,None,6
k6qqkx6g,y8d3z5x6,o1y7pv1q,q25459vd,None,6
k6qqkx6g,y8d3z5x6,9do5mk1p,q2580yv2,None,32
k6qqkx6g,y8d3z5x6,pd0jev6e,z277yr42,None,39
k6qqkx6g,y8d3z5x6,46w2l76r,02qg3wpd,None,115
k6qqkx6g,y8d3z5x6,9d3vq06l,xd1ry74k,None,3
k6qqkx6g,y8d3z5x6,yd4evx6e,9d8vzr6k,None,9
k6qqkx6g,y8d3z5x6,2680751p,zdnq1gxd,None,8
k6qqkx6g,y8d3z5x6,9j1lk46g,wk6p4pd1,None,12
k6qqkx6g,y8d3z5x6,3dxqv51y,z27gw742,None,7
k6qqkx6g,y8d3z5x6,3693w86l,wdmq4zx2,None,18
k6qqkx6g,y8d3z5x6,369mr01l,vdo4zev2,None,6
k6qqkx6g,y8d3z5x6,w6jp8x6j,zdnr7pe2,None,7
k6qqkx6g,y8d3z5x6,j1l05z1g,824m68g2,None,7
k6qqkx6g,y8d3z5x6,46w22l6r,wk6oork1,None,432
k6qqkx6g,y8d3z5x6,j1nzye1p,n2yq14ek,None,6
k6qqkx6g,y8d3z5x6,268ox71p,5dwpgpgk,None,4
k6qqkx6g,y8d3z5x6,xkdkwldm,9kvxl32g,None,5
k6qqkx6g,y8d3z5x6,w6jp8x6j,q2589wy2,None,3
k6qqkx6g,y8d3z5x6,3dxeqg1y,q2587vj2,None,4
k6qqkx6g,y8d3z5x6,j1lo7z1g,9d8zj3dn,None,19
k6qqkx6g,y8d3z5x6,j1lo7z1g,9kv1j8kg,None,9
k6qqkx6g,y8d3z5x6,m1m5k3d2,9d8jpg6k,None,9
k6qqkx6g,y8d3z5x6,o1yje41q,zd3w1vkn,None,7
k6qqkx6g,y8d3z5x6,ldek75d3,zdnwmj7d,None,3
k6qqkx6g,y8d3z5x6,ldek75d3,z27gpq52,None,3
k6qqkx6g,y8d3z5x6,nd2g3v10,xk97y4d0,None,21
k6qqkx6g,y8d3z5x6,lde8mnd3,9d8jljwk,None,5
k6qqkx6g,y8d3z5x6,pdvqok6w,xd1mye4d,None,4
k6qqkx6g,y8d3z5x6,w6j027dj,rkllpj8k,None,8
k6qqkx6g,y8d3z5x6,lde8mnd3,xd1353zk,None,2
k6qqkx6g,y8d3z5x6,lde8mnd3,zd3lqled,None,1
k6qqkx6g,y8d3z5x6,9d3rr0dl,n2y180m2,None,56
k6qqkx6g,y8d3z5x6,lde2j5d3,vdo0p1od,None,8
k6qqkx6g,y8d3z5x6,nd2zled0,z27gr8o2,None,5
k6qqkx6g,y8d3z5x6,kdkzmxdm,jdz9jv2v,None,146
k6qqkx6g,y8d3z5x6,kdkzmxdm,824g3g25,None,15
k6qqkx6g,y8d3z5x6,ldel0n63,7kjz0rzd,None,6
k6qqkx6g,y8d3z5x6,w6jex71j,5dwwegdg,None,5
k6qqkx6g,y8d3z5x6,nd28gvd0,9kvyv3kg,None,246
k6qqkx6g,y8d3z5x6,268jv7dp,z277v8g2,None,1
k6qqkx6g,y8d3z5x6,w6jw3x1j,02qjvwpd,None,3
k6qqkx6g,y8d3z5x6,pdv2w96w,9kvo432g,None,28
k6qqkx6g,y8d3z5x6,y65457de,jdrvmx26,None,4
k6qqkx6g,y8d3z5x6,o1y7pv1q,vdo4pgy2,None,8
k6qqkx6g,y8d3z5x6,o1y7pv1q,w20zem8d,None,11
k6qqkx6g,y8d3z5x6,ldel0n63,wk61qjpd,None,2
k6qqkx6g,y8d3z5x6,pd0g836e,wk61v1rd,None,2
k6qqkx6g,y8d3z5x6,76r4gv18,xk9vogd0,None,5
k6qqkx6g,y8d3z5x6,pd0g836e,wk61v1rd,None,2
k6qqkx6g,y8d3z5x6,pd0g836e,wk61v1rd,None,2
k6qqkx6g,y8d3z5x6,3dxx4vdy,7dgg93ld,None,1
k6qqkx6g,y8d3z5x6,m1mg3k12,xd14964d,None,2
k6qqkx6g,y8d3z5x6,v1pkqpd8,zd3l6x8d,None,6
k6qqkx6g,y8d3z5x6,o1y7pv1q,w20zem8d,None,11
k6qqkx6g,y8d3z5x6,o1y7pv1q,w20zem8d,None,9
k6qqkx6g,y8d3z5x6,o1y7pv1q,xk9l596k,None,9
k6qqkx6g,y8d3z5x6,o1y7pv1q,824pq8w2,None,7
k6qqkx6g,y8d3z5x6,o1y7pv1q,wkpygg0k,None,9
k6qqkx6g,y8d3z5x6,o1y7pv1q,824pq8w2,None,8
k6qqkx6g,y8d3z5x6,o1y7pv1q,rklg00qd,None,14
k6qqkx6g,y8d3z5x6,o1y7pv1q,wkpygg0k,None,7
k6qqkx6g,y8d3z5x6,o1y7pv1q,xk9l556k,None,11
k6qqkx6g,y8d3z5x6,o1y7pv1q,02qjeeyd,None,12
k6qqkx6g,y8d3z5x6,o1y7pv1q,9d8v5n7k,None,12
k6qqkx6g,y8d3z5x6,3dx22j51,wkpompv2,None,4
k6qqkx6g,y8d3z5x6,nd2z75d0,jdrqqg5k,None,3
k6qqkx6g,y8d3z5x6,3dxq2g1y,zd30o1vd,None,2
k6qqkx6g,y8d3z5x6,y65x441e,q258g982,None,3
k6qqkx6g,y8d3z5x6,nd2z75d0,jdrqqg5k,None,3
k6qqkx6g,y8d3z5x6,9d30yydl,zd3l7w8d,None,4
k6qqkx6g,y8d3z5x6,m1mqjkd2,zdnlq772,None,3
k6qqkx6g,y8d3z5x6,kdk59ldm,jdzpqn6k,None,15
k6qqkx6g,y8d3z5x6,m1zqvz10,n2ylpzdo,None,1
k6qqkx6g,y8d3z5x6,pdven96w,ndx8z3ok,None,6
k6qqkx6g,y8d3z5x6,76rmpe18,z27344zd,None,4
k6qqkx6g,y8d3z5x6,369q9gdl,n2yjj072,None,3
k6qqkx6g,y8d3z5x6,369qx2dl,wkpqvl8d,None,2
k6qqkx6g,y8d3z5x6,lde4jn13,xk9j0q6d,None,2
k6qqkx6g,y8d3z5x6,w6jw521j,q254xevd,None,9
k6qqkx6g,y8d3z5x6,lde4jn13,jdzp3ygk,None,2
k6qqkx6g,y8d3z5x6,lde4jn13,7kjzvx4d,None,3
k6qqkx6g,y8d3z5x6,o1y4lr1q,824x56md,None,10
k6qqkx6g,y8d3z5x6,v1pq8zd8,rklg9w6d,None,1
k6qqkx6g,y8d3z5x6,268pz9dp,xd1jmzd8,None,31
k6qqkx6g,y8d3z5x6,3dxrxydy,jdrpwjx2,None,6
k6qqkx6g,y8d3z5x6,kdkplq1m,7kjrqnz2,None,9
k6qqkx6g,y8d3z5x6,pd0vml6e,jdz5zy3d,None,7
k6qqkx6g,y8d3z5x6,m1zpvm60,zdnrrjn2,None,1
k6qqkx6g,y8d3z5x6,2684wkdp,xd1mxlzd,None,7
k6qqkx6g,y8d3z5x6,w6jemx1j,n2yyle2o,None,10
k6qqkx6g,y8d3z5x6,yd4wxw6e,ndx8rork,None,9
k6qqkx6g,y8d3z5x6,2680751p,jdrp7yl2,None,5
k6qqkx6g,y8d3z5x6,yd4p3xde,5dwpo3gk,None,1
k6qqkx6g,y8d3z5x6,268lk71p,mke5n09k,None,2
k6qqkx6g,y8d3z5x6,pdve946w,q254lmgd,None,1
k6qqkx6g,y8d3z5x6,m9do0odp,9kvxqo2g,None,371
k6qqkx6g,y8d3z5x6,9do5x71p,wk6jxrod,None,7
k6qqkx6g,y8d3z5x6,pd0gvl6e,mkejrpn2,None,2
k6qqkx6g,y8d3z5x6,k6qlv91g,02qjnwzd,None,3
k6qqkx6g,y8d3z5x6,4d7neg67,mkeqejk6,None,3
k6qqkx6g,y8d3z5x6,w6jl7w4d,7kjplexk,None,3
k6qqkx6g,y8d3z5x6,m1me33d2,mke46626,None,2
k6qqkx6g,y8d3z5x6,3dxyxp6y,ndx5l5kq,None,4
k6qqkx6g,y8d3z5x6,kyd4gde4,vdo07jyd,None,73
k6qqkx6g,y8d3z5x6,y65r241e,zd3lolnd,None,1
k6qqkx6g,y8d3z5x6,m1z44060,mkejoj82,None,4
k6qqkx6g,y8d3z5x6,ldeml513,7kj9jx23,None,6
k6qqkx6g,y8d3z5x6,y65r241e,vdo5q6kp,None,3
k6qqkx6g,y8d3z5x6,3690n36l,rkleg3n2,None,4
k6qqkx6g,y8d3z5x6,om1m3625,wdmz042q,None,270
k6qqkx6g,y8d3z5x6,om1m3625,w20p0zkn,None,869
k6qqkx6g,y8d3z5x6,w6jl72dj,xk9ll7vk,None,4
k6qqkx6g,y8d3z5x6,o1y33v6q,z27gvo42,None,12
k6qqkx6g,y8d3z5x6,o1y33v6q,xk90xnvk,None,2
k6qqkx6g,y8d3z5x6,o1y33v6q,wk68qx21,None,2
k6qqkx6g,y8d3z5x6,yd48ew6e,xd10g4k8,None,4
k6qqkx6g,y8d3z5x6,o1y33v6q,n2ygl82o,None,4
k6qqkx6g,y8d3z5x6,v1pegpd8,02qg987d,None,2
k6qqkx6g,y8d3z5x6,yd48ew6e,zd3gwv2n,None,4
k6qqkx6g,y8d3z5x6,yo1ywodq,5dwj30kg,None,32
k6qqkx6g,y8d3z5x6,v1pegpd8,9d8pojwk,None,2
k6qqkx6g,y8d3z5x6,yd48ew6e,9kv0o82g,None,2
k6qqkx6g,y8d3z5x6,v1pegpd8,824xlmed,None,3
k6qqkx6g,y8d3z5x6,k6qrym1g,mkegpj26,None,6
k6qqkx6g,y8d3z5x6,k6qrym1g,wkp8ljdr,None,6
k6qqkx6g,y8d3z5x6,m1mwjxd2,n2yqenmk,None,1
k6qqkx6g,y8d3z5x6,m1mwjxd2,xk90px6k,None,1
k6qqkx6g,y8d3z5x6,j1n99edp,vdoply2p,None,2
k6qqkx6g,y8d3z5x6,m1mwjxd2,wk6p03rd,None,3
k6qqkx6g,y8d3z5x6,m1mp9312,824p76g2,None,1
k6qqkx6g,y8d3z5x6,kdkz7ldm,ndx71j2q,None,87
k6qqkx6g,y8d3z5x6,m1zk0310,9d83jq2n,None,4
k6qqkx6g,y8d3z5x6,pd04p36e,5dwrye2g,None,2
k6qqkx6g,y8d3z5x6,76ry3418,rklxjewk,None,7
k6qqkx6g,y8d3z5x6,369wx8dl,w20e5vdn,None,3
k6qqkx6g,y8d3z5x6,pd0q301e,vdo8l9kp,None,4
k6qqkx6g,y8d3z5x6,46w2mzn6,z279q1zd,None,1
k6qqkx6g,y8d3z5x6,pd0wqw31,jdz8l7xd,None,2
k6qqkx6g,y8d3z5x6,k6qp9mdg,q25mv8do,rdnzz5dm,5
k6qqkx6g,y8d3z5x6,k6qp9mdg,q25mv8do,ldyggpd3,4
k6qqkx6g,y8d3z5x6,k6qp9mdg,q25mv8do,gdrxxedz,4
k6qqkx6g,y8d3z5x6,k6qp9mdg,q25mv8do,nwlooowv,5
k6qqkx6g,y8d3z5x6,m1mzgjd2,7kjvrw3k,None,7
k6qqkx6g,y8d3z5x6,m1zy7260,jdz6o32v,None,7
k6qqkx6g,y8d3z5x6,k6qp2mdg,zd3x9vdn,nwloyowv,2
k6qqkx6g,y8d3z5x6,k6qp2mdg,9kv9v82g,ewpxeydn,4
k6qqkx6g,y8d3z5x6,k6qp2mdg,9kv9v82g,592q3796,2
k6qqkx6g,y8d3z5x6,369pqg1l,wk673xd1,None,9
k6qqkx6g,y8d3z5x6,k6qp2mdg,zd3x9vdn,ewpxeydn,5
k6qqkx6g,y8d3z5x6,k6qp2mdg,9kv9v82g,29v7jq9v,2
k6qqkx6g,y8d3z5x6,k6qp2mdg,zd3x9vdn,y9mxyzw5,3
k6qqkx6g,y8d3z5x6,k6qp2mdg,9d83ql2n,xd42nqwm,2
k6qqkx6g,y8d3z5x6,k6qp2mdg,9d83ql2n,5wk68v94,3
k6qqkx6g,y8d3z5x6,k6qp2mdg,9d83ql2n,gdrx8edz,2
k6qqkx6g,y8d3z5x6,w6j7xe6j,xd1g8wd8,None,15
k6qqkx6g,y8d3z5x6,j1lnke6g,w20v1ejk,None,4
k6qqkx6g,y8d3z5x6,j1lnke6g,vdomqn62,None,5
k6qqkx6g,y8d3z5x6,369w3ldl,jdz6432v,None,4
k6qqkx6g,y8d3z5x6,k6qp2mdg,9kv9v82g,nwloyowv,2
k6qqkx6g,y8d3z5x6,k6qp2mdg,9d83ql2n,rdnzl5dm,2
k6qqkx6g,y8d3z5x6,k6qp2mdg,9d83ql2n,z987zrwl,2
k6qqkx6g,y8d3z5x6,k6qp2mdg,9kv9v82g,n934n2d0,2
k6qqkx6g,y8d3z5x6,k6qp2mdg,zd3x9vdn,592q3796,3
k6qqkx6g,y8d3z5x6,k6qp2mdg,9kv9v82g,z987zrwl,2
k6qqkx6g,y8d3z5x6,k6qp2mdg,9kv9v82g,rw6orpw7,2
k6qqkx6g,y8d3z5x6,k6qp2mdg,zd3x9vdn,z987zrwl,2
k6qqkx6g,y8d3z5x6,k6qp2mdg,9kv9v82g,rdnzl5dm,2
k6qqkx6g,y8d3z5x6,k6qp2mdg,9d83ql2n,y9mxyzw5,3
k6qqkx6g,y8d3z5x6,k6qp2mdg,zd3x9vdn,xd0qlm9q,2
k6qqkx6g,y8d3z5x6,k6qp2mdg,9d83ql2n,rw6orpw7,2
k6qqkx6g,y8d3z5x6,k6qp2mdg,9d83ql2n,n934n2d0,2
k6qqkx6g,y8d3z5x6,k6qp2mdg,zd3x9vdn,n934n2d0,2
k6qqkx6g,y8d3z5x6,k6qp2mdg,9kv9v82g,xd42nqwm,2
k6qqkx6g,y8d3z5x6,k6qp2mdg,9d83ql2n,xd0qlm9q,2
k6qqkx6g,y8d3z5x6,2689851p,7kj85zd3,None,6
k6qqkx6g,y8d3z5x6,k6qp2mdg,9d83ql2n,ewpxeydn,3
k6qqkx6g,y8d3z5x6,k6qp2mdg,9kv9v82g,y9mxyzw5,3
k6qqkx6g,y8d3z5x6,k6qp2mdg,zd3x9vdn,5wk68v94,3
k6qqkx6g,y8d3z5x6,kdkqjxdm,xd1vy4d8,r9g4xj92,4
k6qqkx6g,y8d3z5x6,kdkqjxdm,xd1vy4d8,o9x743dl,3
k6qqkx6g,y8d3z5x6,kdkqjxdm,xd1vy4d8,5d748qdy,4
k6qqkx6g,y8d3z5x6,kdkqjxdm,xd1vy4d8,owo6yjw6,3
k6qqkx6g,y8d3z5x6,kdkqjxdm,xd1vy4d8,n93482d0,2
k6qqkx6g,y8d3z5x6,kdkqjxdm,xd1vy4d8,o9x7k3dl,2
k6qqkx6g,y8d3z5x6,kdkqjxdm,xd1vy4d8,xd126zwo,2
k6qqkx6g,y8d3z5x6,kdkqjxdm,xd1vy4d8,rdq7go9x,2
k6qqkx6g,y8d3z5x6,k6qp2mdg,9kv9v82g,5wk68v94,3
k6qqkx6g,y8d3z5x6,k6qp2mdg,zd3x9vdn,29v7jq9v,2
k6qqkx6g,y8d3z5x6,k6qp2mdg,zd3x9vdn,xd42nqwm,2
k6qqkx6g,y8d3z5x6,kdkqjxdm,xd1vy4d8,xd12xzwo,3
k6qqkx6g,y8d3z5x6,kdkqjxdm,xd1vy4d8,ewpxrydn,2
k6qqkx6g,y8d3z5x6,kdkqjxdm,xd1vy4d8,owo6ljw6,2
k6qqkx6g,y8d3z5x6,kdkqjxdm,xd1vy4d8,5d74lqdy,4
k6qqkx6g,y8d3z5x6,kdkqjxdm,xd1vy4d8,ywe5nlwl,2
k6qqkx6g,y8d3z5x6,kdkqjxdm,xd1vy4d8,xd42xqwm,2
k6qqkx6g,y8d3z5x6,kdkqjxdm,xd1vy4d8,r9g4rj92,2
k6qqkx6g,y8d3z5x6,kdkqjxdm,xd1vy4d8,gdrxgedz,4
k6qqkx6g,y8d3z5x6,kdkqjxdm,xd1vy4d8,z987erwl,5
k6qqkx6g,y8d3z5x6,kdkqjxdm,xd1vy4d8,kwjz309g,2
k6qqkx6g,y8d3z5x6,kdkqjxdm,xd1vy4d8,nwlonowv,2
k6qqkx6g,y8d3z5x6,kdkqjxdm,xd1vy4d8,ldygjpd3,4
k6qqkx6g,y8d3z5x6,kdkqjxdm,xd1vy4d8,29v72q9v,3
k6qqkx6g,y8d3z5x6,kdkqjxdm,xd1vy4d8,592q5796,2
k6qqkx6g,y8d3z5x6,kdkqjxdm,xd1vy4d8,4955ym9p,4
k6qqkx6g,y8d3z5x6,k6qp2mdg,9d83ql2n,29v7jq9v,2
k6qqkx6g,y8d3z5x6,kdkqjxdm,xd1vy4d8,5wk6pv94,2
k6qqkx6g,y8d3z5x6,o6gnq512,9d84mlkn,None,5
k6qqkx6g,y8d3z5x6,76r3rq68,9kvov32g,None,2
k6qqkx6g,y8d3z5x6,ldej8513,w203wz2n,owo0zyw6,4
k6qqkx6g,y8d3z5x6,ldej8513,wdm6w4kq,owo0zyw6,4
k6qqkx6g,y8d3z5x6,ldej8513,w203wz2n,y9mjl195,4
k6qqkx6g,y8d3z5x6,ldej8513,wdm6w4kq,y9mjl195,4
k6qqkx6g,y8d3z5x6,k6qwq06g,5dw7r0kg,None,7
k6qqkx6g,y8d3z5x6,k6qwqz6g,n2y7812o,None,23
k6qqkx6g,y8d3z5x6,nd2wk3d0,wdmy8odq,ewp3lldn,125
k6qqkx6g,y8d3z5x6,46ww7l6r,n2yqvgek,None,2
k6qqkx6g,y8d3z5x6,v1pewzd8,vdo051od,None,3
k6qqkx6g,y8d3z5x6,o1y9jv6q,xk9re6k0,None,8
k6qqkx6g,y8d3z5x6,j1lpmjdg,wkpj53vk,None,2
k6qqkx6g,y8d3z5x6,k6q8l96g,zdnwyrnd,None,3
k6qqkx6g,y8d3z5x6,nd28xed0,xd1v6zd8,5d7vm6dy,10
k6qqkx6g,y8d3z5x6,nd28xed0,xd1v6zd8,o9xnvpwl,4
k6qqkx6g,y8d3z5x6,pd0p336e,z27l0lod,xd4yv2rd,7
k6qqkx6g,y8d3z5x6,369243dl,mkeox49d,None,3
k6qqkx6g,y8d3z5x6,36950ldl,xd105wk8,None,4
k6qqkx6g,y8d3z5x6,y652846e,jdrrvrld,None,4
k6qqkx6g,y8d3z5x6,pdvpwodw,9kvpnjek,None,6
k6qqkx6g,y8d3z5x6,4d73jg17,n2yqnj7k,None,3
k6qqkx6g,y8d3z5x6,4d73jg17,7kjv9z3k,None,2
k6qqkx6g,y8d3z5x6,369ev2dl,02qg0m9d,None,6
k6qqkx6g,y8d3z5x6,o6gknx12,9kv96j2g,None,17
k6qqkx6g,y8d3z5x6,o1yn82dq,wk684rq2,None,1
k6qqkx6g,y8d3z5x6,9d32jg1l,rklxne6k,None,6
k6qqkx6g,y8d3z5x6,m1mw43d2,jdz3lng2,None,15
k6qqkx6g,y8d3z5x6,m1zyez60,7kj86gd3,None,3
k6qqkx6g,y8d3z5x6,pdvp7kdw,n2yqvoek,None,1
k6qqkx6g,y8d3z5x6,nd223qd0,xd1rjg8k,None,5
k6qqkx6g,y8d3z5x6,2682m96p,jdz3l9x2,None,2
k6qqkx6g,y8d3z5x6,v1plq468,9d8emldn,None,19
k6qqkx6g,y8d3z5x6,369w20dl,xk9evx20,None,5
k6qqkx6g,y8d3z5x6,j1nqxe1p,7dg978gk,None,1
k6qqkx6g,y8d3z5x6,76r4nq18,vdoxgydp,None,9
k6qqkx6g,y8d3z5x6,j1lnke6g,w20v1ejk,None,10
k6qqkx6g,y8d3z5x6,m1mn04d2,ndx935dq,None,4
k6qqkx6g,y8d3z5x6,j1n8kx1p,9d8403kn,None,1
k6qqkx6g,y8d3z5x6,y655g06e,wdmxn3kq,None,6
k6qqkx6g,y8d3z5x6,y655g06e,vdo8r9kp,None,4
k6qqkx6g,y8d3z5x6,y655g06e,wkp188kr,None,5
k6qqkx6g,y8d3z5x6,y655g06e,5dw4r0kg,None,4
k6qqkx6g,y8d3z5x6,y655g06e,7dgnwl24,None,4
k6qqkx6g,y8d3z5x6,nd28xed0,xd1v6zd8,ywe177dl,5
k6qqkx6g,y8d3z5x6,nd28xed0,xd1v6zd8,69z3vgd1,4
k6qqkx6g,y8d3z5x6,nd28xed0,xd1v6zd8,r9g2opd2,5
k6qqkx6g,y8d3z5x6,nd28xed0,xd1v6zd8,rdqjv29x,5
k6qqkx6g,y8d3z5x6,nd28xed0,xd1v6zd8,kwj5q79g,5
k6qqkx6g,y8d3z5x6,nd28xed0,xd1v6zd8,owo0pkw6,4
k6qqkx6g,y8d3z5x6,nd28xed0,xd1v6zd8,ewpj6jwn,6
k6qqkx6g,y8d3z5x6,nd28xed0,xd1v6zd8,y9mjox95,6
k6qqkx6g,y8d3z5x6,m1zkw210,xd1v3zd8,None,3
k6qqkx6g,y8d3z5x6,4d7xkl17,7kj6pg23,y9mj7195,11
k6qqkx6g,y8d3z5x6,4d7xkl17,7kj6pg23,5wkj5qd4,8
k6qqkx6g,y8d3z5x6,4d7xkl17,7kj6pg23,rw648797,11
k6qqkx6g,y8d3z5x6,9d3wo91l,z2716520,xd17e6do,2
k6qqkx6g,y8d3z5x6,9d3wo91l,xk9vgxd0,xd17e6do,4
k6qqkx6g,y8d3z5x6,9d3wo91l,z2716520,o9xn51wl,2
k6qqkx6g,y8d3z5x6,9d3wo91l,xk9vgxd0,o9xn51wl,6
k6qqkx6g,y8d3z5x6,9d3wo91l,z2716520,5d7vkvdy,2
k6qqkx6g,y8d3z5x6,9d3wo91l,xk9vgxd0,5d7vkvdy,3
k6qqkx6g,y8d3z5x6,9d3wo91l,z2716520,nwllqrwv,2
k6qqkx6g,y8d3z5x6,9d3wo91l,z2716520,gdremz9z,2
k6qqkx6g,y8d3z5x6,9d3wo91l,z2716520,owo01yw6,2
k6qqkx6g,y8d3z5x6,9d3wo91l,z2716520,rdqj219x,2
k6qqkx6g,y8d3z5x6,9d3wo91l,xk9vgxd0,rdqj219x,2
k6qqkx6g,y8d3z5x6,9d3wo91l,z2716520,69z3yod1,2
k6qqkx6g,y8d3z5x6,9d3wo91l,xk9vgxd0,69z3yod1,2
k6qqkx6g,y8d3z5x6,9d3wo91l,xk9vgxd0,gdremz9z,2
k6qqkx6g,y8d3z5x6,9d3wo91l,xk9vgxd0,nwllqrwv,2
k6qqkx6g,y8d3z5x6,9d3wo91l,z2716520,kwj5lz9g,2
k6qqkx6g,y8d3z5x6,9d3wo91l,xk9vgxd0,kwj5lz9g,2
k6qqkx6g,y8d3z5x6,9d3wo91l,z2716520,r9g20kd2,2
k6qqkx6g,y8d3z5x6,9d3wo91l,xk9vgxd0,r9g20kd2,2
k6qqkx6g,y8d3z5x6,9d3wo91l,z2716520,ywe1rrdl,2
k6qqkx6g,y8d3z5x6,9d3wo91l,xk9vgxd0,ywe1rrdl,2
k6qqkx6g,y8d3z5x6,9d3wo91l,xk9vgxd0,owo01yw6,2
k6qqkx6g,y8d3z5x6,9d3wo91l,z2716520,4956ojdp,2
k6qqkx6g,y8d3z5x6,9d3wo91l,xk9vgxd0,4956ojdp,3
k6qqkx6g,y8d3z5x6,w6jgze6j,7dg037k4,None,3
k6qqkx6g,18qv300x,4d7e7z67,mkeoz98d,None,118
k6qqkx6g,18qv300x,46wxo91r,wdmqv6x2,None,1
k6qqkx6g,18qv300x,k6qqkx6g,rklgq3rd,None,4
k6qqkx6g,jp407nkj,o1y9pyk6,mke9xe9d,5d7e0vvw,16
k6qqkx6g,jp407nkj,o1y9pyk6,mke9xe9d,5d7e0vvw,40
k6qqkx6g,jp407nkj,9dow0go1,02qm9qzd,5d7xq7q9,9
k6qqkx6g,jp407nkj,o1y9pyk6,mke9xe9d,rdqn141d,46
k6qqkx6g,jp407nkj,o1y9pyk6,mke9xe9d,5d7e0vvw,55
k6qqkx6g,jp407nkj,k6qqkx6g,rklgq3rd,None,9
k6qqkx6g,kj9p77x4,4d7n7l67,wkp3jj2r,None,1
k6qqkx6g,kj9p77x4,4d7n7l67,vdo1062p,None,2
k6qqkx6g,kj9p77x4,j1llj8z1,w20q1xjd,None,2
k6qqkx6g,kj9p77x4,y65797de,zd38qj8k,None,5
k6qqkx6g,kj9p77x4,y65797de,7kjl10g2,None,4
k6qqkx6g,kj9p77x4,46w34q1r,rklqxw2n,None,1
k6qqkx6g,kj9p77x4,46w34q1r,zd36pndn,None,1
k6qqkx6g,kj9p77x4,46w34q1r,xd1e6828,None,2
k6qqkx6g,kj9p77x4,46w34q1r,q255w8v2,None,1
k6qqkx6g,kj9p77x4,nd2erv5d,wdm8le42,None,1
k6qqkx6g,kj9p77x4,76r3l7v6,z27vpx02,None,1
k6qqkx6g,kj9p77x4,v1pxg546,n2yvp7e2,None,8
k6qqkx6g,kj9p77x4,369pvj81,zd38868k,None,1
k6qqkx6g,kj9p77x4,k6qqkx6g,rklgq3rd,None,1
k6qqkx6g,kj9p77x4,3dxogvdy,ndxpjvo2,None,2
k6qqkx6g,kj9p77x4,3dxogvdy,rklexo62,None,1
k6qqkx6g,kj9p77x4,3dxogvdy,9kvjp1ek,None,2
k6qqkx6g,kj9p77x4,3dxogvdy,zd3l0zed,None,1
k6qqkx6g,kj9p77x4,o6gn3jn1,xd1jxgrd,None,1
k6qqkx6g,kj9p77x4,o6gn3jn1,7kj9jyn2,None,1
k6qqkx6g,kj9p77x4,m1mnm5pd,z27w064k,None,1
k6qqkx6g,kj9p77x4,2689591p,ndx4zv2q,None,3
k6qqkx6g,kj9p77x4,2689591p,z271r9o2,None,1
k6qqkx6g,kj9p77x4,2689591p,rklgqlrd,None,1
k6qqkx6g,kj9p77x4,2689591p,rklr48kn,None,13
k6qqkx6g,kj9p77x4,o6glo9d2,xk9j744d,None,1
k6qqkx6g,kj9p77x4,j1llj8z1,n2yvje72,None,1
k6qqkx6g,kj9p77x4,369pvj81,9kv77mok,None,1
k6qqkx6g,kj9p77x4,pdv2rnk6,q25106yd,None,1
k6qqkx6g,kj9p77x4,pdv2rnk6,xd156n72,None,1
k6qqkx6g,kj9p77x4,pdv2rnk6,9d8l7062,None,1
k6qqkx6g,kj9p77x4,pdv2rnk6,8248y3mk,None,1
k6qqkx6g,kj9p77x4,ldejxon1,n2yv0ge2,xd0e74j9,1
k6qqkx6g,kj9p77x4,ldejxon1,n2yv0ge2,rw67nm69,1
k6qqkx6g,kj9p77x4,ldejxon1,n2yv0ge2,n93xgmr9,1
k6qqkx6g,kj9p77x4,ldejxon1,n2yv0ge2,z98o8m1d,1
k6qqkx6g,kj9p77x4,ldejxon1,n2yv0ge2,rdnmpq69,1
k6qqkx6g,kj9p77x4,ldejxon1,n2yv0ge2,ldyrp379,1
k6qqkx6g,kj9p77x4,ldejxon1,n2yv0ge2,gdr0qokd,1
k6qqkx6g,kj9p77x4,ldejxon1,n2yv0ge2,nwlm7zg9,1
k6qqkx6g,kj9p77x4,ldejxon1,n2yv0ge2,ywev834d,1
k6qqkx6g,kj9p77x4,ldejxon1,n2yv0ge2,69zl464d,1
k6qqkx6g,kj9p77x4,ldejxon1,n2yv0ge2,r9gm3n29,1
k6qqkx6g,kj9p77x4,ldejxon1,n2yv0ge2,o9xylo7d,1
k6qqkx6g,kj9p77x4,ldejxon1,n2yv0ge2,495q8z49,1
k6qqkx6g,kj9p77x4,ldejxon1,n2yv0ge2,rdqm1og9,1
k6qqkx6g,kj9p77x4,ldejxon1,n2yv0ge2,5d7j3xed,1
k6qqkx6g,kj9p77x4,ldejxon1,n2yv0ge2,kwjke619,1
k6qqkx6g,kj9p77x4,ldejxon1,n2yv0ge2,owom2539,1
k6qqkx6g,kj9p77x4,ldejxon1,n2yv0ge2,xd1z5yyw,1
k6qqkx6g,kj9p77x4,ldejxon1,n2yv0ge2,ewp2qo49,1
k6qqkx6g,kj9p77x4,ldejxon1,n2yv0ge2,y9mmpg09,1
k6qqkx6g,kj9p77x4,ldejxon1,n2yv0ge2,5wkmrexd,1
k6qqkx6g,kj9p77x4,ldejxon1,n2yv0ge2,5926or6d,1
k6qqkx6g,kj9p77x4,ldejxon1,n2yv0ge2,29v8k0xd,1
k6qqkx6g,kj9p77x4,ldejxon1,n2yv0ge2,xd453e8w,1
k6qqkx6g,kj9p77x4,ldejxon1,n2yv0ge2,xd0e7nj9,1
k6qqkx6g,kj9p77x4,ldejxon1,n2yv0ge2,rw67ng69,1
k6qqkx6g,kj9p77x4,ldejxon1,n2yv0ge2,n93xglr9,1
k6qqkx6g,kj9p77x4,j1llj8z1,n2yvje72,None,1
k6qqkx6g,kj9p77x4,76r374l6,02qrlxzk,None,1
k6qqkx6g,kj9p77x4,76r374l6,q2517pwd,None,1
k6qqkx6g,kj9p77x4,j1nmjy6p,zd3gvr2n,None,1
k6qqkx6g,kj9p77x4,j1nmjy6p,xd101wk8,None,1
k6qqkx6g,kj9p77x4,v1px32m6,9d8l6m72,None,1
k6qqkx6g,kj9p77x4,j1nmjy6p,9d8rol2n,None,1
k6qqkx6g,kj9p77x4,v1px32m6,n2ynvy7k,None,4
k6qqkx6g,kj9p77x4,76rk75d8,jdzvgnxk,None,1
k6qqkx6g,kj9p77x4,kdkme9e1,5dwny15d,None,1
k6qqkx6g,kj9p77x4,j1n8yk91,xk9x5qxk,nwl10309,3
k6qqkx6g,kj9p77x4,j1n8yk91,wk63r9ek,None,1
k6qqkx6g,kj9p77x4,j1n8mry1,rklnewn2,None,1
k6qqkx6g,kj9p77x4,y655ox36,9kvnjl0d,None,1
k6qqkx6g,kj9p77x4,v1px3y76,rklnxl62,None,2
k6qqkx6g,kj9p77x4,m1zn4310,jdr680d6,None,1
k6qqkx6g,kj9p77x4,v1pxl046,5dw10vnk,None,1
k6qqkx6g,kj9p77x4,3dx0o4dy,jdr46026,None,1
k6qqkx6g,kj9p77x4,m1mnv3jd,n2yej71k,None,1
k6qqkx6g,kj9p77x4,pdv2r746,9kvnjx8d,None,1
k6qqkx6g,kj9p77x4,kdkyrl1m,xd1rl7rk,None,1
k6qqkx6g,kj9p77x4,m1zk5w21,z27v7002,None,1
k6qqkx6g,kj9p77x4,m1zk5w21,zdnyq5ek,None,1
k6qqkx6g,kj9p77x4,m1zk5w21,jdrnpjgk,None,1
k6qqkx6g,kj9p77x4,m1zk5w21,jdzn513d,None,1
k6qqkx6g,kj9p77x4,m1zk5w21,q2514lyd,None,2
k6qqkx6g,kj9p77x4,pdv2r5o6,9d8lp872,None,1
k6qqkx6g,kj9p77x4,pdv2r5o6,w20np05d,None,1
k6qqkx6g,kj9p77x4,nd22oed0,9d8ploqk,None,2
k6qqkx6g,kj9p77x4,m1mno0jd,9d8lp062,None,1
k6qqkx6g,kj9p77x4,3dxk2eg1,5dw9njg2,None,2
k6qqkx6g,kj9p77x4,w6j79xe6,wkp51jgd,None,2
k6qqkx6g,kj9p77x4,w6j2r51j,vdoqlryk,None,1
k6qqkx6g,kj9p77x4,pd0qnjw1,n2ynqzzk,ywevg1ld,1
k6qqkx6g,kj9p77x4,pd0qnjw1,n2ynqzzk,69zlj3xd,1
k6qqkx6g,kj9p77x4,pd0qnjw1,n2ynqzzk,r9gm52j9,1
k6qqkx6g,kj9p77x4,pd0qnjw1,n2ynqzzk,o9xyqn3d,1
k6qqkx6g,kj9p77x4,pd0qnjw1,n2ynqzzk,495qg6m9,1
k6qqkx6g,kj9p77x4,pd0qnjw1,n2ynqzzk,rdqmrjo9,1
k6qqkx6g,kj9p77x4,pd0qnjw1,n2ynqzzk,5d7j5vqd,1
k6qqkx6g,kj9p77x4,pd0qnjw1,n2ynqzzk,kwjkj509,1
k6qqkx6g,kj9p77x4,pd0qnjw1,n2ynqzzk,29v8x3qd,1
k6qqkx6g,kj9p77x4,pd0qnjw1,n2ynqzzk,5wkmojvd,1
k6qqkx6g,kj9p77x4,pd0qnjw1,n2ynqzzk,owomn0j9,1
k6qqkx6g,kj9p77x4,pd0qnjw1,n2ynqzzk,ewp2yjy9,1
k6qqkx6g,kj9p77x4,pd0qnjw1,n2ynqzzk,xd1zr7zw,1
k6qqkx6g,kj9p77x4,pd0qnjw1,n2ynqzzk,y9mm3jz9,1
k6qqkx6g,kj9p77x4,pd0qnjw1,n2ynqzzk,5926lz7d,1
k6qqkx6g,kj9p77x4,w6j2r51j,wkpqx8gd,None,1
k6qqkx6g,kj9p77x4,pd0qn531,zdnz99qd,ywe0ver9,1
k6qqkx6g,kj9p77x4,pd0qn531,z27wjjgk,kwj0k2zd,1
k6qqkx6g,kj9p77x4,yd4k8v56,wdmrzq3k,None,1
k6qqkx6g,kj9p77x4,4d799yl1,9d86ol62,None,1
k6qqkx6g,kj9p77x4,268wxgo6,ndx3ov5d,None,1
k6qqkx6g,kj9p77x4,268wxgo6,rkl57or2,None,1
k6qqkx6g,kj9p77x4,j1n8gme1,n2yvzem2,None,1
k6qqkx6g,kj9p77x4,j1n8mye1,q2510y8d,None,1
k6qqkx6g,kj9p77x4,ldejkjl1,xd1j0v8d,None,1
k6qqkx6g,kj9p77x4,ldejxon1,wk6w58e2,None,2
k6qqkx6g,kj9p77x4,kdkznved,7dg6qpxk,None,1
k6qqkx6g,kj9p77x4,ldejkjl1,9d8yr3qk,None,1
k6qqkx6g,kj9p77x4,pdv2rjk6,xd1j0y4d,None,1
k6qqkx6g,kj9p77x4,o1yj59k1,9d8yreqk,None,3
k6qqkx6g,kj9p77x4,v1px3xp6,9kv8503d,None,1
k6qqkx6g,kj9p77x4,268w3e96,7dgxg8pk,None,1
k6qqkx6g,kj9p77x4,4d7n4k36,n2yv8082,None,1
k6qqkx6g,kj9p77x4,nd28nk5d,wdm5gno2,None,1
k6qqkx6g,kj9p77x4,v1px3xp6,9kv8503d,None,1
k6qqkx6g,kj9p77x4,o6gek512,zd3ym982,None,1
k6qqkx6g,kj9p77x4,w6jlj2ed,82414ge2,None,1
k6qqkx6g,kj9p77x4,pd0w7pv1,zd37vrv2,None,3
k6qqkx6g,kj9p77x4,o6gly99d,n2y7zo72,None,2
k6qqkx6g,kj9p77x4,pd0qwk21,wdm9rl5k,None,2
k6qqkx6g,kj9p77x4,o6gly99d,wkp1orjk,nwlypyp9,2
k6qqkx6g,kj9p77x4,m1mnm8kd,02q416jd,None,1
k6qqkx6g,kj9p77x4,9d38k701,mkex1gnd,None,1
k6qqkx6g,kj9p77x4,pdv20yr6,7kjgjexk,None,1
k6qqkx6g,kj9p77x4,pd0q7ew1,9kv84ljd,None,1
k6qqkx6g,kj9p77x4,pd0q7ew1,zd3j3ry2,None,1
k6qqkx6g,kj9p77x4,j1lqooj6,7dgmj0xd,None,1
k6qqkx6g,kj9p77x4,j1lqooj6,5dw1w6nk,None,1
k6qqkx6g,kj9p77x4,j1lqooj6,zdnzvyed,None,1
k6qqkx6g,kj9p77x4,j1lqooj6,mkex6lxd,None,1
k6qqkx6g,kj9p77x4,j1l3k71g,wdm4j1xd,None,2
k6qqkx6g,kj9p77x4,j1l3k71g,vdoq7v1k,None,2
k6qqkx6g,kj9p77x4,yd4kg8g6,z27wjrzk,None,1
k6qqkx6g,kj9p77x4,yd4kg8g6,9kv8ej0d,ldyr4nr9,1
k6qqkx6g,kj9p77x4,yd4kg8g6,9kv8ej0d,rdnmk679,1
k6qqkx6g,kj9p77x4,3dxk0mp1,02q40wjd,None,1
k6qqkx6g,kj9p77x4,v1po0468,8246y3d5,None,4
k6qqkx6g,kj9p77x4,pd0q7531,zdnzg9qd,None,1
k6qqkx6g,kj9p77x4,pd0q7531,w20q9rod,None,2
k6qqkx6g,kj9p77x4,o6glo9d2,z2730z5d,rdn2p5qd,1
k6qqkx6g,kj9p77x4,o6glo9d2,z2730z5d,ldy8pekw,1
k6qqkx6g,kj9p77x4,o6glo9d2,z2730z5d,gdr1qj6w,1
k6qqkx6g,kj9p77x4,o6glo9d2,z2730z5d,nwlp7609,1
k6qqkx6g,kj9p77x4,o6glo9d2,z2730z5d,ywem84yd,1
k6qqkx6g,kj9p77x4,o6glo9d2,z2730z5d,69zn4rl9,1
k6qqkx6g,kj9p77x4,yd4zmx6e,9d8p7llk,None,1
k6qqkx6g,kj9p77x4,9doxp7dp,02qmmydy,None,1
k6qqkx6g,kj9p77x4,9doxp7dp,9d8eo7dn,None,1
k6qqkx6g,kj9p77x4,j1llj8z1,ndx3p5od,None,1
k6qqkx6g,kj9p77x4,j1llj8z1,w20qxeod,None,2
k6qqkx6g,kj9p77x4,j1llj8z1,w20q1xjd,None,2
k6qqkx6g,kj9p77x4,k6q4rqzd,9kv7gzok,ldyxyzj9,1
k6qqkx6g,kj9p77x4,k6q4rqzd,9d8xw932,ldyxyzj9,1
k6qqkx6g,kj9p77x4,k6q4rqzd,wk6nplr2,None,6
k6qqkx6g,kj9p77x4,k6q4rqzd,9kv7gzok,ywey1vld,1
k6qqkx6g,kj9p77x4,k6q4rqzd,9d8xw932,ywey1vld,1
k6qqkx6g,kj9p77x4,k6q4rqzd,xd1lxp4k,ywey1vld,1
k6qqkx6g,kj9p77x4,k6q4rqzd,zd38mevk,ywey1vld,1
k6qqkx6g,kj9p77x4,k6q4rqzd,9kv7gzok,n9317gzd,1
k6qqkx6g,kj9p77x4,k6q4rqzd,9d8xw932,n9317gzd,1
k6qqkx6g,kj9p77x4,k6q4rqzd,9kv7gzok,y9m6e3zw,5
k6qqkx6g,kj9p77x4,k6q4rqzd,9d8xw932,y9m6e3zw,4
k6qqkx6g,kj9p77x4,k6q4rqzd,xd1lxp4k,y9m6e3zw,2
k6qqkx6g,kj9p77x4,k6q4rqzd,zd38mevk,y9m6e3zw,2
k6qqkx6g,kj9p77x4,k6q4rqzd,z27lez0d,None,4
k6qqkx6g,kj9p77x4,k6q4rqzd,9kv7gzok,nwl56nrd,1
k6qqkx6g,kj9p77x4,k6q4rqzd,xd1lxp4k,nwl56nrd,1
k6qqkx6g,kj9p77x4,k6q4rqzd,9d8xw932,nwl56nrd,1
k6qqkx6g,kj9p77x4,k6q4rqzd,xd1lxp4k,o9x65p09,1
k6qqkx6g,kj9p77x4,k6q4rqzd,9d8xw932,o9x65p09,1
k6qqkx6g,kj9p77x4,k6q4rqzd,9kv7gzok,o9x65p09,1
k6qqkx6g,kj9p77x4,j1llj8z1,w20q1xjd,None,2
k6qqkx6g,kj9p77x4,j1llj8z1,w20q1xjd,None,1
k6qqkx6g,kj9p77x4,k6q4rqzd,9d8xw932,rdn3j0vw,4
k6qqkx6g,kj9p77x4,k6q4rqzd,9kv7gzok,rdn3j0vw,8
k6qqkx6g,kj9p77x4,k6q4rqzd,q253pzyk,None,5
k6qqkx6g,kj9p77x4,k6q4rqzd,z27lez0d,None,6
k6qqkx6g,kj9p77x4,k6q4rqzd,xk986z42,None,9
k6qqkx6g,kj9p77x4,k6q4rqzd,zd38mevk,z98ev419,5
k6qqkx6g,kj9p77x4,k6q4rqzd,8241o4m2,None,11
k6qqkx6g,kj9p77x4,k6q4rqzd,q253pzyk,None,19
k6qqkx6g,kj9p77x4,k6q4rqzd,z27lez0d,None,33
k6qqkx6g,kj9p77x4,k6q4rqzd,z27lez0d,None,10
k6qqkx6g,kj9p77x4,k6q4rqzd,zdnx3ge2,None,7
k6qqkx6g,kj9p77x4,k6q4rqzd,zd38mevk,gdr114kw,3
k6qqkx6g,kj9p77x4,k6q4rqzd,xd1lxp4k,gdr114kw,1
k6qqkx6g,kj9p77x4,k6q4rqzd,9d8xw932,gdr114kw,3
k6qqkx6g,kj9p77x4,k6q4rqzd,9kv7gzok,gdr114kw,4
k6qqkx6g,kj9p77x4,k6q4rqzd,8241o4m2,None,3
k6qqkx6g,kj9p77x4,k6q4rqzd,9d8xw932,5d7evnqw,2
k6qqkx6g,kj9p77x4,k6q4rqzd,9kv7gzok,5d7evnqw,4
k6qqkx6g,kj9p77x4,k6q4rqzd,zd38mevk,xd03x64d,2
k6qqkx6g,kj9p77x4,j1llj8z1,wdm54ve2,None,2
k6qqkx6g,kj9p77x4,j1llj8z1,wdm54ve2,None,1
k6qqkx6g,kj9p77x4,v1po0468,9d867q2n,None,1
k6qqkx6g,kj9p77x4,j1llj8z1,n2yvje72,None,1
k6qqkx6g,kj9p77x4,j1llj8z1,n2yvje72,None,1
k6qqkx6g,kj9p77x4,k6q4rqzd,9kv7gzok,rdqg24g9,5
k6qqkx6g,kj9p77x4,k6q4rqzd,9d8xw932,rdqg24g9,2
k6qqkx6g,kj9p77x4,k6q4rqzd,xd1lxp4k,rdqg24g9,1
k6qqkx6g,kj9p77x4,nd2z5qd0,9kvpxjjk,None,25
k6qqkx6g,kj9p77x4,nd2z5qd0,n2yjn9m2,69z4jolw,8
k6qqkx6g,kj9p77x4,k6q4rqzd,zd38mevk,nwln8jpd,6
k6qqkx6g,kj9p77x4,4d7n7l67,zd3vyey2,None,2
k6qqkx6g,kj9p77x4,k6q4rqzd,8241o4m2,None,3
k6qqkx6g,kj9p77x4,k6q4rqzd,9d8xw932,z98ev8g9,2
k6qqkx6g,kj9p77x4,k6q4rqzd,9kv7gzok,z98ev8g9,3
k6qqkx6g,kj9p77x4,k6q4rqzd,xd1lxp4k,z98ev8g9,3
k6qqkx6g,kj9p77x4,k6q4rqzd,9d8xw932,rdnrjpqw,2
k6qqkx6g,kj9p77x4,k6q4rqzd,9kv7gzok,rdnrjpqw,5
k6qqkx6g,kj9p77x4,k6q4rqzd,xd1lxp4k,rdnrjpqw,2
k6qqkx6g,kj9p77x4,k6q4rqzd,9d8xw932,n9385gzw,3
k6qqkx6g,kj9p77x4,k6q4rqzd,9kv7gzok,n9385gzw,2
k6qqkx6g,kj9p77x4,k6q4rqzd,zd38mevk,n9385gzw,2
k6qqkx6g,kj9p77x4,k6q4rqzd,9d8xw932,z98ev8p9,2
k6qqkx6g,kj9p77x4,k6q4rqzd,9kv7gzok,z98ev8p9,3
k6qqkx6g,kj9p77x4,k6q4rqzd,xd1lxp4k,z98ev8p9,2
k6qqkx6g,kj9p77x4,k6q4rqzd,zd38mevk,z98ev8p9,4
k6qqkx6g,kj9p77x4,k6q4rqzd,9d8xw932,rdnrjp7w,3
k6qqkx6g,kj9p77x4,k6q4rqzd,9kv7gzok,rdnrjp7w,4
k6qqkx6g,kj9p77x4,k6q4rqzd,xd1lxp4k,rdnrjp7w,4
k6qqkx6g,kj9p77x4,k6q4rqzd,9d8xw932,gdrg4qlw,3
k6qqkx6g,kj9p77x4,k6q4rqzd,zd38mevk,rdnrjp7w,3
k6qqkx6g,kj9p77x4,k6q4rqzd,9kv7gzok,gdrg4qlw,2
k6qqkx6g,kj9p77x4,k6q4rqzd,xd1lxp4k,gdrg4qlw,2
k6qqkx6g,kj9p77x4,k6q4rqzd,zd38mevk,gdrg4qlw,3
k6qqkx6g,kj9p77x4,k6q4rqzd,9d8xw932,nwlnx7ed,2
k6qqkx6g,kj9p77x4,k6q4rqzd,9kv7gzok,nwlnx7ed,3
k6qqkx6g,kj9p77x4,k6q4rqzd,9d8xw932,ywenk87w,3
k6qqkx6g,kj9p77x4,k6q4rqzd,9kv7gzok,ywenk87w,2
k6qqkx6g,kj9p77x4,k6q4rqzd,xd1lxp4k,ywenk87w,1
k6qqkx6g,kj9p77x4,k6q4rqzd,zd38mevk,ywenk87w,3
k6qqkx6g,kj9p77x4,k6q4rqzd,9d8xw932,69zxo4gd,3
k6qqkx6g,kj9p77x4,k6q4rqzd,9kv7gzok,69zxo4gd,3
k6qqkx6g,kj9p77x4,k6q4rqzd,xd1lxp4k,69zxo4gd,2
k6qqkx6g,kj9p77x4,k6q4rqzd,zd38mevk,69zxo4gd,3
k6qqkx6g,kj9p77x4,k6q4rqzd,9d8xw932,5923good,1
k6qqkx6g,kj9p77x4,k6q4rqzd,9kv7gzok,5923good,2
k6qqkx6g,kj9p77x4,k6q4rqzd,zd38mevk,5923good,3
k6qqkx6g,kj9p77x4,k6q4rqzd,9d8xw932,xd4n732w,1
k6qqkx6g,kj9p77x4,k6q4rqzd,9kv7gzok,xd4n732w,2
k6qqkx6g,kj9p77x4,k6q4rqzd,xd1lxp4k,xd4n732w,1
k6qqkx6g,kj9p77x4,k6q4rqzd,zd38mevk,xd4n732w,2
k6qqkx6g,kj9p77x4,k6q4rqzd,xd1lxp4k,xd0lr7xd,1
k6qqkx6g,kj9p77x4,k6q4rqzd,9d8xw932,ldy54vpw,3
k6qqkx6g,kj9p77x4,k6q4rqzd,9kv7gzok,ldy54vpw,3
k6qqkx6g,kj9p77x4,k6q4rqzd,xd1lxp4k,ldy54vpw,3
k6qqkx6g,kj9p77x4,k6q4rqzd,zd38mevk,ldy54vpw,3
k6qqkx6g,kj9p77x4,k6q4rqzd,9d8xw932,ewpe1n49,1
k6qqkx6g,kj9p77x4,k6q4rqzd,9kv7gzok,ewpe1n49,1
k6qqkx6g,kj9p77x4,k6q4rqzd,9d8xw932,rdnrj46w,3
k6qqkx6g,kj9p77x4,k6q4rqzd,9kv7gzok,rdnrj46w,3
k6qqkx6g,kj9p77x4,k6q4rqzd,xd1lxp4k,rdnrj46w,2
k6qqkx6g,kj9p77x4,k6q4rqzd,zd38mevk,rdnrj46w,3
k6qqkx6g,kj9p77x4,k6q4rqzd,9d8xw932,o9xk567w,2
k6qqkx6g,kj9p77x4,k6q4rqzd,9kv7gzok,o9xk567w,2
k6qqkx6g,kj9p77x4,k6q4rqzd,xd1lxp4k,o9xk567w,2
k6qqkx6g,kj9p77x4,k6q4rqzd,zd38mevk,o9xk567w,2
k6qqkx6g,kj9p77x4,k6q4rqzd,9kv7gzok,y9m41n09,2
k6qqkx6g,kj9p77x4,k6q4rqzd,zd38mevk,5d7evnqw,2
k6qqkx6g,kj9p77x4,k6q4rqzd,9kv7gzok,xd0lr7xd,5
k6qqkx6g,kj9p77x4,k6q4rqzd,zd38mevk,z98ev8g9,4
k6qqkx6g,kj9p77x4,k6q4rqzd,zd38mevk,rdnrjpqw,6
k6qqkx6g,kj9p77x4,k6q4rqzd,9kv7gzok,495r63md,4
k6qqkx6g,kj9p77x4,k6q4rqzd,9d8xw932,495r63md,1
k6qqkx6g,kj9p77x4,k6q4rqzd,zd38mevk,rdq3jpow,2
k6qqkx6g,kj9p77x4,j1llj8z1,n2yvje72,None,1
k6qqkx6g,kj9p77x4,k6q4rqzd,9kv7gzok,rdq3jpow,2
k6qqkx6g,kj9p77x4,k6q4rqzd,9d8xw932,xd0lr7xd,3
k6qqkx6g,kj9p77x4,pd02kw1e,824m3rn2,None,1
k6qqkx6g,kj9p77x4,pdvzmeo6,n2yon68d,None,3
k6qqkx6g,kj9p77x4,j1l2446g,824xqpnd,None,1
k6qqkx6g,kj9p77x4,76r3lnq6,jdznp3vd,None,1
k6qqkx6g,kj9p77x4,k6q4rqzd,9kv7gzok,z98mxl7w,5
k6qqkx6g,kj9p77x4,k6q4rqzd,9d8xw932,z98mxl7w,4
k6qqkx6g,kj9p77x4,k6q4rqzd,xd1lxp4k,z98mxl7w,4
k6qqkx6g,kj9p77x4,k6q4rqzd,zd38mevk,z98mxl7w,5
k6qqkx6g,kj9p77x4,k6q4rqzd,wdmxz3xk,None,6
k6qqkx6g,kj9p77x4,k6q4rqzd,zd38mevk,r9gr03pw,6
k6qqkx6g,kj9p77x4,k6q4rqzd,zd38mevk,o9xk5lpw,5
k6qqkx6g,kj9p77x4,k6q4rqzd,zd38mevk,xd16e759,4
k6qqkx6g,kj9p77x4,k6q4rqzd,zd38mevk,r9gr04pw,4
k6qqkx6g,kj9p77x4,k6q4rqzd,wk6nplr2,None,7
k6qqkx6g,kj9p77x4,j1l2446g,9d8p5vlk,None,1
k6qqkx6g,kj9p77x4,pd02kw1e,02q80l92,owoeryyd,4
k6qqkx6g,kj9p77x4,2688376p,jdrqgnlk,None,2
k6qqkx6g,kj9p77x4,kdkz4ygd,wdm6l93k,29v5qzxd,4
k6qqkx6g,kj9p77x4,k6q4rqzd,9kv7gzok,xd03ogjd,5
k6qqkx6g,kj9p77x4,k6q4rqzd,9d8xw932,xd03ogjd,3
k6qqkx6g,kj9p77x4,46w3gxl1,mke4orn2,None,2
k6qqkx6g,kj9p77x4,46w3gxl1,mke4orn2,None,2
k6qqkx6g,kj9p77x4,46w3gxl1,5dwgj70k,None,2
k6qqkx6g,kj9p77x4,k6q4rqzd,9d8xw932,rdn23y7d,1
k6qqkx6g,kj9p77x4,k6q4rqzd,xd1lxp4k,rdn23y7d,1
k6qqkx6g,kj9p77x4,k6q4rqzd,9kv7gzok,rdn23y7d,1
k6qqkx6g,kj9p77x4,k6q4rqzd,z27lez0d,None,26
k6qqkx6g,kj9p77x4,k6q4rqzd,9kv7gzok,29v5n01d,1
k6qqkx6g,kj9p77x4,k6q4rqzd,9d8xw932,29v5n01d,1
k6qqkx6g,kj9p77x4,2689591p,rklr48kn,None,14
k6qqkx6g,kj9p77x4,2689591p,rklgqlrd,None,5
k6qqkx6g,kj9p77x4,2689591p,ndx4zv2q,None,1
k6qqkx6g,kj9p77x4,yd4oppg1,5dwqnx0d,None,3
k6qqkx6g,kj9p77x4,k6q4rqzd,9kv7gzok,n93n7v2w,7
k6qqkx6g,kj9p77x4,k6q4rqzd,9d8xw932,n93n7v2w,4
k6qqkx6g,kj9p77x4,k6q4rqzd,xd1lxp4k,n93n7v2w,3
k6qqkx6g,kj9p77x4,k6q4rqzd,zd38mevk,n93n7v2w,3
k6qqkx6g,kj9p77x4,k6q4rqzd,9kv7gzok,z98zln19,7
k6qqkx6g,kj9p77x4,k6q4rqzd,9d8xw932,z98zln19,4
k6qqkx6g,kj9p77x4,k6q4rqzd,xd1lxp4k,z98zln19,4
k6qqkx6g,kj9p77x4,k6q4rqzd,zd38mevk,z98zln19,3
k6qqkx6g,kj9p77x4,k6q4rqzd,xd1lxp4k,495r63md,2
k6qqkx6g,kj9p77x4,k6q4rqzd,zd38mevk,495r63md,3
k6qqkx6g,kj9p77x4,k6q4rqzd,xd1lxp4k,5923good,3
k6qqkx6g,kj9p77x4,k6q4rqzd,zd38mevk,xd0lr7xd,3
k6qqkx6g,kj9p77x4,j1llwz1g,9kvnmy3d,gdr0z7ld,121
k6qqkx6g,kj9p77x4,k6q4rqzd,9kv7gzok,5d7lkqe9,3
k6qqkx6g,kj9p77x4,k6q4rqzd,9d8xw932,5d7lkqe9,2
k6qqkx6g,kj9p77x4,k6q4rqzd,xd1lxp4k,5d7lkqe9,1
k6qqkx6g,kj9p77x4,k6q4rqzd,9kv7gzok,owoq6myd,7
k6qqkx6g,kj9p77x4,k6q4rqzd,9d8xw932,owoq6myd,3
k6qqkx6g,kj9p77x4,k6q4rqzd,xd1lxp4k,owoq6myd,2
k6qqkx6g,kj9p77x4,k6q4rqzd,zd38mevk,owoq6myd,4
k6qqkx6g,kj9p77x4,k6q4rqzd,9kv7gzok,kwj3l37d,3
k6qqkx6g,kj9p77x4,k6q4rqzd,9d8xw932,kwj3l37d,2
k6qqkx6g,kj9p77x4,k6q4rqzd,xd1lxp4k,kwj3l37d,1
k6qqkx6g,kj9p77x4,k6q4rqzd,zd38mevk,kwj3l37d,3
k6qqkx6g,kj9p77x4,k6q4rqzd,9kv7gzok,owol1lkw,4
k6qqkx6g,kj9p77x4,k6q4rqzd,9d8xw932,owol1lkw,3
k6qqkx6g,kj9p77x4,k6q4rqzd,xd1lxp4k,owol1lkw,4
k6qqkx6g,kj9p77x4,k6q4rqzd,zd38mevk,owol1lkw,3
k6qqkx6g,kj9p77x4,k6q4rqzd,9d8xw932,5d7loxe9,4
k6qqkx6g,kj9p77x4,k6q4rqzd,xd1lxp4k,5d7loxe9,3
k6qqkx6g,kj9p77x4,k6q4rqzd,zd38mevk,5d7loxe9,6
k6qqkx6g,kj9p77x4,pd0wol1e,w20w6jdn,None,7
k6qqkx6g,kj9p77x4,pd0wol1e,ndxmxo2q,None,8
k6qqkx6g,kj9p77x4,369p5kl1,7dgnrlx2,None,2
k6qqkx6g,kj9p77x4,369p5kl1,wdmxwgxk,None,2
k6qqkx6g,kj9p77x4,pd0wol1e,824860nk,69zlkr4d,3
k6qqkx6g,kj9p77x4,o6glo9d2,xk9j744d,None,2
k6qqkx6g,kj9p77x4,o6glo9d2,wk6nq8e2,None,2
k6qqkx6g,kj9p77x4,k6q4rqzd,9kv7gzok,ldy8e67w,3
k6qqkx6g,kj9p77x4,k6q4rqzd,9d8xw932,ldy8e67w,2
k6qqkx6g,kj9p77x4,k6qrwo1g,7dgpq7d4,None,1
k6qqkx6g,kj9p77x4,k6qrwo1g,02qnv92y,None,1
k6qqkx6g,kj9p77x4,k6qrwo1g,7kjwxnd3,5926nrd6,1
k6qqkx6g,kj9p77x4,k6qrwo1g,7kjwxnd3,gdr01zdz,1
k6qqkx6g,kj9p77x4,pdvzmeo6,z27rvzgd,None,1
k6qqkx6g,kj9p77x4,pdvzmeo6,n2yon68d,None,2
k6qqkx6g,kj9p77x4,j1nlkwdp,jdr18l02,None,1
k6qqkx6g,kj9p77x4,j1nlkwdp,jdr18l02,None,2
k6qqkx6g,kj9p77x4,k6q4rqzd,9kv7gzok,495yo43w,7
k6qqkx6g,kj9p77x4,k6q4rqzd,xd1lxp4k,5d7evnqw,1
k6qqkx6g,kj9p77x4,k6q4rqzd,9d8xw932,z98evep9,1
k6qqkx6g,kj9p77x4,k6q4rqzd,9d8xw932,rdq3jpow,2
k6qqkx6g,kj9p77x4,k6q4rqzd,xd1lxp4k,rdq3jpow,1
k6qqkx6g,kj9p77x4,k6q4rqzd,9kv7gzok,r9gj1029,5
k6qqkx6g,kj9p77x4,k6q4rqzd,9d8xw932,r9gj1029,4
k6qqkx6g,kj9p77x4,k6q4rqzd,xd1lxp4k,r9gj1029,3
k6qqkx6g,kj9p77x4,k6q4rqzd,9kv7gzok,xd138ey9,3
k6qqkx6g,kj9p77x4,k6q4rqzd,9d8xw932,xd138ey9,3
k6qqkx6g,kj9p77x4,k6q4rqzd,xd1lxp4k,ldy876pw,2
k6qqkx6g,kj9p77x4,k6q4rqzd,zd38mevk,5928zx79,4
k6qqkx6g,kj9p77x4,k6q4rqzd,9kv7gzok,5928zx79,4
k6qqkx6g,kj9p77x4,k6q4rqzd,9d8xw932,495yo83w,3
k6qqkx6g,kj9p77x4,k6q4rqzd,xd1lxp4k,495yo83w,3
k6qqkx6g,kj9p77x4,m1zj7x06,02q3o77k,None,3
k6qqkx6g,kj9p77x4,k6q4rqzd,9d8xw932,5928zx79,4
k6qqkx6g,kj9p77x4,k6q4rqzd,xd1lxp4k,5928zx79,5
k6qqkx6g,kj9p77x4,m1zj7x06,7dgnrg72,None,1
k6qqkx6g,kj9p77x4,k6q4rqzd,9kv7gzok,xd16e759,4
k6qqkx6g,kj9p77x4,k6q4rqzd,9d8xw932,xd16e759,3
k6qqkx6g,kj9p77x4,k6q4rqzd,xd1lxp4k,xd16e759,3
k6qqkx6g,kj9p77x4,m1zj7x06,9kvomxo2,None,1
k6qqkx6g,kj9p77x4,m1zj7x06,jdz98or2,None,1
k6qqkx6g,kj9p77x4,m1zj7x06,w20gwz8k,None,1
k6qqkx6g,kj9p77x4,k6q4rqzd,9kv7gzok,ldy553kw,6
k6qqkx6g,kj9p77x4,k6q4rqzd,9d8xw932,ldy553kw,4
k6qqkx6g,kj9p77x4,k6q4rqzd,xd1lxp4k,ldy553kw,3
k6qqkx6g,kj9p77x4,k6q4rqzd,zd38mevk,ldy553kw,5
k6qqkx6g,kj9p77x4,k6q4rqzd,zdnx3ge2,None,25
k6qqkx6g,kj9p77x4,k6q4rqzd,zdnx3ge2,None,6
k6qqkx6g,kj9p77x4,k6q4rqzd,9kv7gzok,rdnrvl6w,6
k6qqkx6g,kj9p77x4,pd0wol1e,824860nk,owomzk39,6
k6qqkx6g,kj9p77x4,pd0wol1e,824860nk,n93x6qr9,8
k6qqkx6g,kj9p77x4,pd0wol1e,824860nk,z98o1r1d,13
k6qqkx6g,kj9p77x4,pd0wol1e,824860nk,rdnmeo69,7
k6qqkx6g,kj9p77x4,pd0wol1e,824860nk,ldyrm179,4
k6qqkx6g,kj9p77x4,pd0wol1e,824860nk,gdr05jkd,5
k6qqkx6g,kj9p77x4,pd0wol1e,824860nk,nwlmr6g9,7
k6qqkx6g,kj9p77x4,pd0wol1e,824860nk,ywev644d,5
k6qqkx6g,kj9p77x4,pd0wol1e,824860nk,r9gmvz29,5
k6qqkx6g,kj9p77x4,pd0wol1e,824860nk,o9xyp27d,5
k6qqkx6g,kj9p77x4,pd0wol1e,824860nk,495q7j49,6
k6qqkx6g,kj9p77x4,pd0wol1e,824860nk,rdqmx0g9,5
k6qqkx6g,kj9p77x4,pd0wol1e,824860nk,5d7jo7ed,4
k6qqkx6g,kj9p77x4,pd0wol1e,824860nk,kwjkny19,6
k6qqkx6g,kj9p77x4,pd0wol1e,824860nk,xd1zg0yw,3
k6qqkx6g,kj9p77x4,pd0wol1e,824860nk,ewp2gp49,8
k6qqkx6g,kj9p77x4,pd0wol1e,824860nk,y9mmle09,4
k6qqkx6g,kj9p77x4,pd0wol1e,824860nk,5wkmy2xd,7
k6qqkx6g,kj9p77x4,pd0wol1e,824860nk,5926xj6d,5
k6qqkx6g,kj9p77x4,pd0wol1e,824860nk,29v8oyxd,5
k6qqkx6g,kj9p77x4,pd0wol1e,824860nk,xd45q68w,6
k6qqkx6g,kj9p77x4,pd0wol1e,824860nk,xd0ez0j9,10
k6qqkx6g,kj9p77x4,pd0wol1e,824860nk,rw67jv69,7
k6qqkx6g,kj9p77x4,pd0wol1e,824860nk,n93x60r9,6
k6qqkx6g,kj9p77x4,k6q4rqzd,9kv7gzok,y9myq119,8
k6qqkx6g,kj9p77x4,k6q4rqzd,9d8xw932,y9myq119,3
k6qqkx6g,kj9p77x4,k6q4rqzd,9kv7gzok,ldyj7jrd,5
k6qqkx6g,kj9p77x4,k6q4rqzd,9kv7gzok,r9gr03pw,5
k6qqkx6g,kj9p77x4,k6q4rqzd,9kv7gzok,rdnl065w,6
k6qqkx6g,kj9p77x4,k6q4rqzd,9d8xw932,rdnl065w,6
k6qqkx6g,kj9p77x4,k6q4rqzd,9kv7gzok,xd137ez9,18
k6qqkx6g,kj9p77x4,k6q4rqzd,wdmxz3xk,None,9
k6qqkx6g,kj9p77x4,k6q4rqzd,wdmxz3xk,None,28
k6qqkx6g,kj9p77x4,k6q4rqzd,wk6nplr2,None,35
k6qqkx6g,kj9p77x4,k6q4rqzd,jdz74z3k,None,11
k6qqkx6g,kj9p77x4,k6q4rqzd,9kv7gzok,5wk8z8pw,4
k6qqkx6g,kj9p77x4,k6q4rqzd,9d8xw932,5wk8z8pw,2
k6qqkx6g,kj9p77x4,pd0w9801,wdmx0g5k,None,2
k6qqkx6g,kj9p77x4,o1y7kv1q,wdmrw6ek,5926xq6d,7
k6qqkx6g,kj9p77x4,k6q4rqzd,xk986z42,None,35
k6qqkx6g,kj9p77x4,o1y7kv1q,9kvxw502,None,13
k6qqkx6g,kj9p77x4,o1y7kv1q,wdmrw6ek,o9xyp77d,7
k6qqkx6g,kj9p77x4,o1y7kv1q,wdmrw6ek,kwjknz19,7
k6qqkx6g,kj9p77x4,o1y7kv1q,wdmrw6ek,owomz639,9
k6qqkx6g,kj9p77x4,k6q4rqzd,xd1lxp4k,z98evep9,1
k6qqkx6g,kj9p77x4,k6q4rqzd,9kv7gzok,ewpem449,2
k6qqkx6g,kj9p77x4,k6q4rqzd,9d8xw932,o9xk5lpw,5
k6qqkx6g,kj9p77x4,k6q4rqzd,9kv7gzok,5928zy69,13
k6qqkx6g,kj9p77x4,k6q4rqzd,9kv7gzok,5923gq3d,4
k6qqkx6g,kj9p77x4,k6q4rqzd,9d8xw932,5923gq3d,3
k6qqkx6g,kj9p77x4,k6q4rqzd,9d8xw932,nwlnxled,6
k6qqkx6g,kj9p77x4,k6q4rqzd,9kv7gzok,nwlnxled,9
k6qqkx6g,kj9p77x4,k6q4rqzd,9d8xw932,rdnrvyqw,2
k6qqkx6g,kj9p77x4,k6q4rqzd,9kv7gzok,rdnrvyqw,3
k6qqkx6g,kj9p77x4,k6q4rqzd,7kj1y0nk,None,22
k6qqkx6g,kj9p77x4,k6q4rqzd,9kv7gzok,rw6r0ynw,11
k6qqkx6g,kj9p77x4,k6q4rqzd,9d8xw932,rw6r0ynw,3
k6qqkx6g,kj9p77x4,k6q4rqzd,9d8xw932,ewpem449,3
k6qqkx6g,kj9p77x4,k6q4rqzd,9kv7gzok,y9myq409,4
k6qqkx6g,kj9p77x4,k6q4rqzd,9d8xw932,y9myq409,2
k6qqkx6g,kj9p77x4,k6q4rqzd,9kv7gzok,5d7lkev9,3
k6qqkx6g,kj9p77x4,k6q4rqzd,9d8xw932,5d7lkev9,2
k6qqkx6g,kj9p77x4,k6q4rqzd,9kv7gzok,ywenkjrw,3
k6qqkx6g,kj9p77x4,k6q4rqzd,9d8xw932,ywenkjrw,3
k6qqkx6g,kj9p77x4,k6q4rqzd,9kv7gzok,rdnrjz7w,2
k6qqkx6g,kj9p77x4,k6q4rqzd,9d8xw932,rdnrjz7w,2
k6qqkx6g,kj9p77x4,m1zrwmd0,jdzpzxgk,None,1
k6qqkx6g,kj9p77x4,k6q4rqzd,z27lxx0d,None,3
k6qqkx6g,kj9p77x4,j1n5qx1p,xd13pmwk,None,1
k6qqkx6g,kj9p77x4,k6q4rqzd,9kv7gzok,n938pz2w,1
k6qqkx6g,kj9p77x4,k6q4rqzd,9kv7gzok,z98e04r9,1
k6qqkx6g,kj9p77x4,j1n5qx1p,9kvjzm3k,None,1
k6qqkx6g,kj9p77x4,j1n5qx1p,xd13pewk,None,1
k6qqkx6g,kj9p77x4,j1n5qx1p,02q8zo92,None,1
k6qqkx6g,kj9p77x4,pdvxmr1w,q2586zv2,None,1
k6qqkx6g,kj9p77x4,k6q4rqzd,9kv7gzok,r9grve5w,17
k6qqkx6g,kj9p77x4,k6q4rqzd,9d8xw932,r9grve5w,5
k6qqkx6g,kj9p77x4,k6q4rqzd,9kv7gzok,rdqg2n19,4
k6qqkx6g,kj9p77x4,k6q4rqzd,9kv7gzok,kwj3l41d,8
k6qqkx6g,kj9p77x4,k6q4rqzd,9d8xw932,kwj3l41d,4
k6qqkx6g,kj9p77x4,k6q4rqzd,xd1lxp4k,kwj3l41d,3
k6qqkx6g,kj9p77x4,k6q4rqzd,9kv7gzok,owol143w,5
k6qqkx6g,kj9p77x4,k6q4rqzd,9d8xw932,owol143w,3
k6qqkx6g,kj9p77x4,k6q4rqzd,xd1lxp4k,owol143w,4
k6qqkx6g,kj9p77x4,k6q4rqzd,9kv7gzok,xd16ely9,16
k6qqkx6g,kj9p77x4,k6q4rqzd,9d8xw932,xd16ely9,5
k6qqkx6g,kj9p77x4,k6q4rqzd,xd1lxp4k,xd16ely9,3
k6qqkx6g,kj9p77x4,369p5kl1,wkpvw3vk,None,2
k6qqkx6g,kj9p77x4,k6q4rqzd,9kv7gzok,o9xk5lpw,6
k6qqkx6g,kj9p77x4,k6q4rqzd,9d8xw932,r9gr03pw,7
k6qqkx6g,kj9p77x4,k6q4rqzd,xd1lxp4k,r9gr03pw,6
k6qqkx6g,kj9p77x4,k6q4rqzd,9kv7gzok,xd0lzrxd,22
k6qqkx6g,kj9p77x4,k6q4rqzd,9kv7gzok,5d7loxe9,5
k6qqkx6g,kj9p77x4,pd0wyg01,xk98zw62,nwlnj3rd,1
k6qqkx6g,kj9p77x4,pd0wyg01,xk98zw62,5d7lmlv9,1
k6qqkx6g,kj9p77x4,pd0wyg01,xk98zw62,z98ekel9,1
k6qqkx6g,kj9p77x4,pd0wyg01,xk98zw62,ewpe6ez9,1
k6qqkx6g,kj9p77x4,pd0wyg01,xk98zw62,xd16q669,1
k6qqkx6g,kj9p77x4,pd0wyg01,xk98zw62,owolplyw,1
k6qqkx6g,kj9p77x4,pd0wyg01,xk98zw62,kwj3q3zd,1
k6qqkx6g,kj9p77x4,yd4x0w1e,824mowg2,None,1
k6qqkx6g,kj9p77x4,k6q4rqzd,9d8x94q2,None,4
k6qqkx6g,kj9p77x4,k6q4rqzd,9kv7gzok,ldyjvlpd,1
k6qqkx6g,kj9p77x4,k6q4rqzd,9kv7gzok,rdnrv45w,1
k6qqkx6g,kj9p77x4,y65x541e,rklel182,None,1
k6qqkx6g,kj9p77x4,k6q4rqzd,9kv7gzok,z98e0vg9,6
k6qqkx6g,kj9p77x4,k6q4rqzd,9kv7gzok,r9gro0pw,11
k6qqkx6g,kj9p77x4,k6q4rqzd,9d8xw932,r9gro0pw,7
k6qqkx6g,kj9p77x4,k6q4rqzd,9kv7gzok,rw6r0m6w,5
k6qqkx6g,kj9p77x4,k6q4rqzd,9kv7gzok,o9xkv5pw,3
k6qqkx6g,kj9p77x4,k6q4rqzd,9kv7gzok,gdrgv8kw,11
k6qqkx6g,kj9p77x4,k6q4rqzd,9d8xw932,gdrgv8kw,8
k6qqkx6g,kj9p77x4,y65x541e,wdml5w4k,None,1
k6qqkx6g,kj9p77x4,k6q4rqzd,9kv7gzok,rdqgvpk9,5
k6qqkx6g,kj9p77x4,k6q4rqzd,9d8xw932,rdqgvpk9,4
k6qqkx6g,kj9p77x4,k6q4rqzd,9kv7gzok,kwj3mxnd,12
k6qqkx6g,kj9p77x4,k6q4rqzd,9d8xw932,kwj3mxnd,4
k6qqkx6g,kj9p77x4,k6q4rqzd,9kv7gzok,owolr2kw,8
k6qqkx6g,kj9p77x4,k6q4rqzd,9kv7gzok,n938prnw,11
k6qqkx6g,kj9p77x4,k6q4rqzd,9d8xw932,n938prnw,6
k6qqkx6g,kj9p77x4,k6q4rqzd,9kv7gzok,n938p5nw,6
k6qqkx6g,kj9p77x4,k6q4rqzd,9d8xw932,n938p5nw,5
k6qqkx6g,kj9p77x4,y65x541e,rklel182,None,6
k6qqkx6g,kj9p77x4,k6q4rqzd,9kv7gzok,gdrg32zw,14
k6qqkx6g,kj9p77x4,k6q4rqzd,9d8xw932,gdrg32zw,5
k6qqkx6g,kj9p77x4,k6q4rqzd,9d8xw932,rw6r0m6w,5
k6qqkx6g,kj9p77x4,k6q4rqzd,9d8xw932,o9xkv5pw,2
k6qqkx6g,kj9p77x4,k6q4rqzd,9kv7gzok,5d7lm669,6
k6qqkx6g,kj9p77x4,k6q4rqzd,9d8xw932,5d7lm669,5
k6qqkx6g,kj9p77x4,k6q4rqzd,9d8xw932,xd0ljljd,4
k6qqkx6g,kj9p77x4,k6q4rqzd,9kv7gzok,o9xkv80w,20
k6qqkx6g,kj9p77x4,k6q4rqzd,9d8xw932,z98e0vg9,9
k6qqkx6g,kj9p77x4,k6q4rqzd,xd1lxp4k,rdnrvyqw,5
k6qqkx6g,kj9p77x4,k6q4rqzd,9kv7gzok,rdqgvoo9,5
k6qqkx6g,kj9p77x4,k6q4rqzd,zd38mevk,rdnrvl6w,5
k6qqkx6g,kj9p77x4,k6q4rqzd,xd1lxp4k,rdnrvl6w,8
k6qqkx6g,kj9p77x4,k6q4rqzd,zd38mevk,nwlnvpgd,6
k6qqkx6g,kj9p77x4,k6q4rqzd,xd1lxp4k,nwlnvpgd,5
k6qqkx6g,kj9p77x4,k6q4rqzd,9kv7gzok,gdrgv6ew,1
k6qqkx6g,kj9p77x4,k6q4rqzd,9kv7gzok,495y0zmw,2
k6qqkx6g,kj9p77x4,k6q4rqzd,9d8xw932,rdnrvl6w,7
k6qqkx6g,kj9p77x4,k6q4rqzd,9d8xw932,495y0zmw,8
k6qqkx6g,kj9p77x4,k6q4rqzd,zd38mevk,495y0zmw,6
k6qqkx6g,kj9p77x4,k6q4rqzd,9kv7gzok,5wk8vevw,1
k6qqkx6g,kj9p77x4,76rxlve6,jdreg00k,None,1
k6qqkx6g,kj9p77x4,k6q4rqzd,9kv7gzok,xd0ljljd,8
k6qqkx6g,kj9p77x4,k6q4rqzd,zd38mevk,ldyjv57d,6
k6qqkx6g,kj9p77x4,3dx20xp1,8241jwe2,None,2
k6qqkx6g,kj9p77x4,y65x541e,rklel182,None,1
k6qqkx6g,kj9p77x4,9d3r2jgd,7kj18x3k,None,1
k6qqkx6g,kj9p77x4,3dx20xp1,7dg91mxk,None,5
k6qqkx6g,kj9p77x4,2680l51p,wdmq8mo2,None,1
k6qqkx6g,kj9p77x4,kdke4edm,jdzywvkv,None,1
k6qqkx6g,kj9p77x4,j1n5vl1p,vdoql9yk,None,1
k6qqkx6g,kj9p77x4,9doprm6p,xd1r0jwk,None,1
k6qqkx6g,kj9p77x4,m1m4mk12,9d8pr5lk,None,3
k6qqkx6g,kj9p77x4,kdkvyq1m,02qjezjd,495n8xm9,1
k6qqkx6g,kj9p77x4,9doxp7dp,824jjw25,None,4
k6qqkx6g,kj9p77x4,w6jxoedj,n2y11x12,None,1
k6qqkx6g,kj9p77x4,w6j7e8e6,jdrr5gld,None,1
k6qqkx6g,kj9p77x4,y65pv8de,ndxp6x52,None,1
k6qqkx6g,kj9p77x4,9dowj31p,9d8j9owk,None,3
k6qqkx6g,kj9p77x4,9dowj31p,02q8z972,None,3
k6qqkx6g,kj9p77x4,9dowj31p,824m4le2,None,3
k6qqkx6g,kj9p77x4,9dowj31p,824m4le2,None,13
k6qqkx6g,kj9p77x4,9dowj31p,9d8j9owk,None,6
k6qqkx6g,kj9p77x4,9dowj31p,02q8z972,None,16
k6qqkx6g,kj9p77x4,yd4l2k1e,7dgrzp4k,None,2
k6qqkx6g,kj9p77x4,yd4l2k1e,zd36p3yd,None,3
k6qqkx6g,kj9p77x4,k6qew96g,7kjzy63d,None,23
k6qqkx6g,kj9p77x4,k6qzlz6g,7dg5wxg2,None,4
k6qqkx6g,kj9p77x4,k6qzlz6g,vdoqrz6k,None,7
k6qqkx6g,kj9p77x4,k6qzlz6g,7dg5wxg2,None,4
k6qqkx6g,kj9p77x4,k6qzlz6g,7dg5wxg2,None,4
k6qqkx6g,kj9p77x4,pdvqr96w,wdmqp6e2,None,1
k6qqkx6g,kj9p77x4,k6qzlz6g,vdoqrz6k,None,2
k6qqkx6g,kj9p77x4,k6qzlz6g,vdoqrz6k,None,6
k6qqkx6g,kj9p77x4,k6qzlz6g,vdoqrz6k,None,11
k6qqkx6g,kj9p77x4,k6qzlz6g,wkpq89jd,None,3
k6qqkx6g,kj9p77x4,pd02kw1e,q258v7g2,None,1
k6qqkx6g,kj9p77x4,2688m56p,824xpqgd,None,2
k6qqkx6g,kj9p77x4,2688m56p,02qgjepd,None,1
k6qqkx6g,kj9p77x4,k6qe7x6g,xk9jm44d,None,1
k6qqkx6g,kj9p77x4,k6qe7x6g,xk9jm44d,None,1
k6qqkx6g,kj9p77x4,k6qe7x6g,xk9jm44d,None,1
k6qqkx6g,kj9p77x4,k6qe7x6g,xk9jm44d,None,1
k6qqkx6g,kj9p77x4,9dowj31p,02q8z972,None,5
k6qqkx6g,kj9p77x4,9dowj31p,02q8z972,None,4
k6qqkx6g,kj9p77x4,kdkpgx1m,wk6joped,None,1
k6qqkx6g,kj9p77x4,kdkpgx1m,wk6joped,None,1
k6qqkx6g,kj9p77x4,w6jyk76j,vdo08vvd,None,2
k6qqkx6g,kj9p77x4,9dowj31p,824m4le2,None,9
k6qqkx6g,kj9p77x4,kdkpgx1m,5dwp8jgk,None,1
k6qqkx6g,kj9p77x4,4d7l8r17,zdnq1m7d,None,1
k6qqkx6g,kj9p77x4,4d7l8r17,q25470wd,None,1
k6qqkx6g,kj9p77x4,kdkpgx1m,5dwp8jgk,None,2
k6qqkx6g,kj9p77x4,nd2x0q60,xk9lnyxk,None,2
k6qqkx6g,kj9p77x4,3699z86l,rklx0g8k,None,2
k6qqkx6g,kj9p77x4,3699z86l,9kvprx3k,None,1
k6qqkx6g,kj9p77x4,pd0yxw6e,zd305yrd,None,2
k6qqkx6g,kj9p77x4,pd0yxw6e,xd1rwmwk,None,2
k6qqkx6g,kj9p77x4,9doxp7dp,jdz66g2v,None,3
k6qqkx6g,kj9p77x4,4d7e5r67,824xpngd,None,1
k6qqkx6g,kj9p77x4,9d3regdl,jdzp63kv,None,2
k6qqkx6g,kj9p77x4,kdk7ll1m,wk61l5qd,None,2
k6qqkx6g,kj9p77x4,4d7e5r67,02qgj4pd,None,1
k6qqkx6g,kj9p77x4,76r2ked8,02qg13pd,None,1
k6qqkx6g,kj9p77x4,4d7e7z67,mkeoz98d,None,162
k6qqkx6g,kj9p77x4,o6glo9d2,z273jq0d,None,3
k6qqkx6g,kj9p77x4,ldejgn13,9kv7lokg,None,2
k6qqkx6g,kj9p77x4,ldejgn13,xd1lq7k8,None,2
k6qqkx6g,kj9p77x4,2689591p,rklr48kn,None,207
k6qqkx6g,kj9p77x4,2689591p,wk689p21,None,53
k6qqkx6g,kj9p77x4,46w34q1r,9kvmw0kg,None,1
k6qqkx6g,zx7ero68,k6qqkx6g,rklgq3rd,None,2
k6qqkx6g,v81q6k5j,ldek4nd3,jdr93v0d,xd1pr2zd,1
k6qqkx6g,v81q6k5j,ldek4nd3,q25xlgwk,xd1pr2zd,1
k6qqkx6g,v81q6k5j,ldek4nd3,zdnn51nd,None,2
k6qqkx6g,v81q6k5j,ldek4nd3,zdnn51nd,None,1
k6qqkx6g,v81q6k5j,ldek4nd3,q25xl7jk,None,2
k6qqkx6g,v81q6k5j,ldek4nd3,z27m0o42,None,6
k6qqkx6g,v81q6k5j,k6qqkx6g,rklgq3rd,None,12
k6qqkx6g,8gen471j,k6qqkx6g,rklgq3rd,None,15
k6qqkx6g,5j5gr4w8,9d3mqy6l,jdr1ol52,None,14
k6qqkx6g,5j5gr4w8,pd0wx9w1,zd36l5rd,None,2359
k6qqkx6g,5j5gr4w8,j1ll89z1,824rered,None,3
k6qqkx6g,5j5gr4w8,j1ll89z1,zd3747e2,rdqlnmkw,6
k6qqkx6g,5j5gr4w8,j1ll89z1,zd3747e2,5d782jgw,4
k6qqkx6g,5j5gr4w8,j1ll89z1,zd3747e2,kwjpvknw,3
k6qqkx6g,5j5gr4w8,76r2nvd8,n2y1x512,None,12
k6qqkx6g,5j5gr4w8,k6qqkx6g,rklgq3rd,None,13
k6qqkx6g,5j5gr4w8,76r2nvd8,xk9l93yk,None,6
k6qqkx6g,5j5gr4w8,369yx81l,vdoy5o2p,None,9
k6qqkx6g,qjn5qw4j,k6q4l39d,7dg6xvlk,None,2
k6qqkx6g,qjn5qw4j,kdkzo5qd,z27415o2,None,9
k6qqkx6g,qjn5qw4j,k6qqkx6g,rklgq3rd,None,8
k6qqkx6g,qjn5qw4j,w6jlg8ed,xd1e8582,None,14
k6qqkx6g,qjn5qw4j,w6jlg8ed,xd1e8582,None,11
k6qqkx6g,qjn5qw4j,w6jlg8ed,rklv3qqd,None,10
k6qqkx6g,qjn5qw4j,76r55vd8,w20w1lzd,None,2102
k6qqkx6g,xz1m0d9j,k6qqkx6g,rklgq3rd,None,5
k6qqkx6g,qxkn19x0,76revld8,5dwp6p5k,None,22
k6qqkx6g,qxkn19x0,k6qqkx6g,rklgq3rd,None,17
k6qqkx6g,qxkn19x0,o6gve562,w20p3pjk,None,14
k6qqkx6g,qxkn19x0,m1m3pp62,mke88xk6,None,27
k6qqkx6g,qxkn19x0,9d3wlg1l,wk6e4q21,n9343zd0,4
k6qqkx6g,qxkn19x0,3dxl5ydy,02qgp4jd,None,32
k6qqkx6g,qxkn19x0,3dxl5ydy,824x1nmd,None,11
k6qqkx6g,qxkn19x0,3dxl5ydy,824x1nmd,None,26
k6qqkx6g,qxkn19x0,3dxl5ydy,02qgp4jd,None,35
k6qqkx6g,qxkn19x0,3dxl5ydy,824x1nmd,None,28
k6qqkx6g,qxkn19x0,3dxl5ydy,02qgp4jd,None,36
k6qqkx6g,qxkn19x0,4d7e7z67,mkeoz98d,None,581
k6qqkx6g,qxkn19x0,76r3xl68,wdm8w42q,None,16
k6qqkx6g,qxkn19x0,9d3wlg1l,wk6e4q21,29v7p39v,3
k6qqkx6g,qxkn19x0,76r3xl68,q2597gko,None,6
k6qqkx6g,qxkn19x0,9d3wlg1l,xd1r0p8k,None,19
k6qqkx6g,qxkn19x0,9d3wlg1l,xd13874k,None,1
k6qqkx6g,qxkn19x0,o1yqwrdq,5dwv45kg,None,1
k6qqkx6g,qxkn19x0,k6qwwm6g,9kvym0kg,None,40
k6qqkx6g,v18q90jn,8nd2wvd0,p7kjqnd3,None,19
k6qqkx6g,v18q90jn,29d37g6l,r02qpjdy,None,20
k6qqkx6g,v18q90jn,4pd02v1e,4xk9r4k0,None,9
k6qqkx6g,v18q90jn,76royl68,824p4vm2,None,1
k6qqkx6g,v18q90jn,76royl68,zd30v58d,None,9
k6qqkx6g,v18q90jn,576rje18,9kvxrv82,None,31
k6qqkx6g,v18q90jn,y6547ged,02qmmgyd,None,4
k6qqkx6g,v18q90jn,n4d7pgd7,gq257ydo,None,53
k6qqkx6g,v18q90jn,76royl68,jdz5zg3d,None,2
k6qqkx6g,v18q90jn,9j1l9v1g,wkp0002r,xd42z2wm,1
k6qqkx6g,v18q90jn,9j1l9v1g,7wk6nq21,None,11
k6qqkx6g,v18q90jn,576rje18,xd1mwy4d,None,3
k6qqkx6g,v18q90jn,9j1l9v1g,wkp0002r,xd12zewo,3
k6qqkx6g,v18q90jn,nd2x0q60,xk9lnyxk,None,3
k6qqkx6g,v18q90jn,w6jg8e6j,02qm9ydy,None,2
k6qqkx6g,v18q90jn,9d3wqw1l,wk60ook1,kwjpe1wg,2
k6qqkx6g,v18q90jn,9d3wqw1l,jdr9v40d,None,1
k6qqkx6g,v18q90jn,9d3wqw1l,wk60ook1,r9gx32w2,1
k6qqkx6g,v18q90jn,9d3wqw1l,wk60ook1,o9x4l7dl,2
k6qqkx6g,v18q90jn,9d3wqw1l,wk60ook1,5d783ewy,2
k6qqkx6g,v18q90jn,9d3wqw1l,jdr9v40d,None,1
k6qqkx6g,v18q90jn,9d3wqw1l,wk60ook1,y9m8p0d5,2
k6qqkx6g,v18q90jn,9d3wqw1l,wk60ook1,xd0x7jdq,2
k6qqkx6g,v18q90jn,9d3wqw1l,wk60ook1,69zz3491,2
k6qqkx6g,v18q90jn,9d3wqw1l,wk60ook1,29v2kxdv,2
k6qqkx6g,v18q90jn,9d3wqw1l,wk60ook1,ldy2p7w3,2
k6qqkx6g,v18q90jn,9d3wqw1l,wk60ook1,r9gx22w2,2
k6qqkx6g,v18q90jn,9d3wqw1l,wk60ook1,nwl3lgwv,2
k6qqkx6g,v18q90jn,9d3wqw1l,wk60ook1,rdql1gwx,2
k6qqkx6g,v18q90jn,9d3wqw1l,wk60ook1,rw63n6w7,2
k6qqkx6g,v18q90jn,9d3wqw1l,wk60ook1,xd4x389m,2
k6qqkx6g,v18q90jn,9d3wqw1l,wk60ook1,z98n819l,1
k6qqkx6g,v18q90jn,9d3wqw1l,wk60ook1,xd1x5y9o,2
k6qqkx6g,v18q90jn,9d3wqw1l,wk60ook1,ewprq4dn,2
k6qqkx6g,v18q90jn,9d3wqw1l,n2ye37ko,495484wp,2
k6qqkx6g,v18q90jn,9d3wqw1l,wk60ook1,5wkprxd4,2
k6qqkx6g,v18q90jn,9d3wqw1l,wk60ook1,495484wp,2
k6qqkx6g,v18q90jn,9d3wqw1l,wk60ook1,rdnnp6dm,2
k6qqkx6g,v18q90jn,9d3wqw1l,wk60ook1,5925o696,2
k6qqkx6g,v18q90jn,y65re01e,02qvr8zd,r9g72529,2
k6qqkx6g,v18q90jn,9d3wqw1l,wk60ook1,owoy2396,2
k6qqkx6g,v18q90jn,y65re01e,zdn8yr7d,r9g72529,1
k6qqkx6g,v18q90jn,m1zjlkm6,wkpmv8vk,None,186
k6qqkx6g,v18q90jn,3dx270g1,zd3o0qnd,None,1
k6qqkx6g,v18q90jn,9d3wqw1l,5dw9852g,xd4x389m,1
k6qqkx6g,v18q90jn,9d3wqw1l,5dw9852g,y9m8p0d5,2
k6qqkx6g,v18q90jn,3dxkkx41,5dw93o02,None,1
k6qqkx6g,v18q90jn,9d3wqw1l,7dg0mxk4,None,2
k6qqkx6g,v18q90jn,46w2576r,wdm8ne2q,None,24
k6qqkx6g,v18q90jn,yd4kyw6e,w203gw82,None,17
k6qqkx6g,v18q90jn,ldep5j13,02qj76jd,None,1
k6qqkx6g,v18q90jn,9d3wqw1l,xd114qwd,None,1
k6qqkx6g,v18q90jn,9d3wqw1l,q25xg6wk,None,2
k6qqkx6g,v18q90jn,9d3wqw1l,jdze9zxd,None,1
k6qqkx6g,v18q90jn,9d3wqw1l,5dw9852g,r9gx32w2,1
k6qqkx6g,v18q90jn,9d3wqw1l,wk60ook1,r9gx32w2,1
k6qqkx6g,v18q90jn,9d3wqw1l,wk60ook1,o9x4l7dl,1
k6qqkx6g,v18q90jn,9d3wqw1l,wk60ook1,495484wp,1
k6qqkx6g,v18q90jn,9d3wqw1l,wk60ook1,rdql1gwx,1
k6qqkx6g,v18q90jn,9d3wqw1l,5dw9852g,kwjpe1wg,2
k6qqkx6g,v18q90jn,9d3wqw1l,5dw9852g,69zz3491,3
k6qqkx6g,v18q90jn,9d3wqw1l,5dw9852g,gdr2ek9z,1
k6qqkx6g,v18q90jn,9d3wqw1l,wk60ook1,gdr2ek9z,2
k6qqkx6g,v18q90jn,9d3wqw1l,5dw9852g,nwl3lgwv,3
k6qqkx6g,v18q90jn,9d3wqw1l,n2ye37ko,gdr2ek9z,3
k6qqkx6g,v18q90jn,9d3wqw1l,n2ye37ko,nwl3lgwv,2
k6qqkx6g,v18q90jn,9d3wqw1l,n2ye37ko,69zz3491,3
k6qqkx6g,v18q90jn,9d3wqw1l,n2ye37ko,n93ogr90,4
k6qqkx6g,v18q90jn,9d3wqw1l,5dw9852g,rdnnp6dm,3
k6qqkx6g,v18q90jn,9d3wqw1l,n2ye37ko,rdnnp6dm,2
k6qqkx6g,v18q90jn,9d3wqw1l,5dw9852g,ldy2p7w3,2
k6qqkx6g,v18q90jn,9d3wqw1l,n2ye37ko,ldy2p7w3,2
k6qqkx6g,v18q90jn,9d3wqw1l,n2ye37ko,r9gx22w2,2
k6qqkx6g,v18q90jn,9d3wqw1l,n2ye37ko,5925o696,1
k6qqkx6g,v18q90jn,9d3wqw1l,n2ye37ko,29v2kxdv,2
k6qqkx6g,v18q90jn,9d3wqw1l,wk60ook1,n93ogr90,2
k6qqkx6g,v18q90jn,9d3wqw1l,n2ye37ko,xd1x5y9o,3
k6qqkx6g,v18q90jn,9d3wqw1l,n2ye37ko,rdql1gwx,2
k6qqkx6g,v18q90jn,9d3wqw1l,n2ye37ko,5d783ewy,3
k6qqkx6g,v18q90jn,9d3wqw1l,n2ye37ko,o9x4l7dl,3
k6qqkx6g,v18q90jn,9d3wqw1l,5dw9852g,o9x4l7dl,3
k6qqkx6g,v18q90jn,9d3wqw1l,5dw9852g,r9gx32w2,1
k6qqkx6g,v18q90jn,9d3wqw1l,5dw9852g,495484wp,1
k6qqkx6g,v18q90jn,9d3wqw1l,5dw9852g,owoy2396,1
k6qqkx6g,v18q90jn,9d3wqw1l,5dw9852g,o9x4l7dl,1
k6qqkx6g,v18q90jn,9d3wqw1l,n2ye37ko,r9gx32w2,1
k6qqkx6g,v18q90jn,9d3wqw1l,n2ye37ko,r9gx32w2,2
k6qqkx6g,v18q90jn,9d3wqw1l,xd114qwd,None,1
k6qqkx6g,v18q90jn,9d3wqw1l,q25xg6wk,None,1
k6qqkx6g,v18q90jn,9d3wqw1l,jdze9zxd,None,1
k6qqkx6g,v18q90jn,9d3wqw1l,5dw9852g,rw63n6w7,1
k6qqkx6g,v18q90jn,9d3wqw1l,5dw9852g,n93ogr90,4
k6qqkx6g,v18q90jn,9d3wqw1l,5dw9852g,z98n819l,3
k6qqkx6g,v18q90jn,9d3wqw1l,5dw9852g,29v2kxdv,2
k6qqkx6g,v18q90jn,9d3wqw1l,5dw9852g,xd1x5y9o,2
k6qqkx6g,v18q90jn,9d3wqw1l,5dw9852g,5925o696,2
k6qqkx6g,v18q90jn,9d3wqw1l,5dw9852g,495484wp,2
k6qqkx6g,v18q90jn,yo1yq2dq,824045gd,None,2
k6qqkx6g,v18q90jn,9d3wqw1l,5dw9852g,kwjpe1wg,4
k6qqkx6g,v18q90jn,9d3wqw1l,5dw9852g,owoy2396,4
k6qqkx6g,v18q90jn,yd4gqwde,mkemqn26,None,16
k6qqkx6g,v18q90jn,w6jg8e6j,02qm9ydy,None,2
k6qqkx6g,v18q90jn,y65re01e,02qvr8zd,xd4kjz8w,1
k6qqkx6g,v18q90jn,y65re01e,02qvr8zd,yweq1g4w,1
k6qqkx6g,v18q90jn,y65re01e,02qvr8zd,o9xxnq79,1
k6qqkx6g,v18q90jn,y65re01e,02qvr8zd,5924zl6w,1
k6qqkx6g,v18q90jn,y65re01e,02qvr8zd,kwjv5j1w,2
k6qqkx6g,v18q90jn,y65re01e,824jmne2,None,1
k6qqkx6g,v18q90jn,y65re01e,02qm847d,None,1
k6qqkx6g,v18q90jn,y65re01e,824jmne2,None,1
k6qqkx6g,v18q90jn,y65re01e,9kv68j2g,None,1
k6qqkx6g,v18q90jn,y65re01e,zdn8yr7d,5d72v5ew,1
k6qqkx6g,v18q90jn,y65re01e,zdn8yr7d,kwjv5j1w,1
k6qqkx6g,v18q90jn,y65re01e,zdn8yr7d,owo30n3w,1
k6qqkx6g,v18q90jn,y65re01e,zdn8yr7d,y9m2j30d,1
k6qqkx6g,v18q90jn,y65re01e,zdn8yr7d,xd147ryd,2
k6qqkx6g,v18q90jn,y65re01e,zdn8yr7d,ewp8jy49,1
k6qqkx6g,v18q90jn,y65re01e,zdn8yr7d,5wkqjoxw,1
k6qqkx6g,v18q90jn,y65re01e,zdn8yr7d,5924zl6w,1
k6qqkx6g,v18q90jn,y65re01e,zdn8yr7d,29vz3xxd,1
k6qqkx6g,v18q90jn,y65re01e,zdn8yr7d,o9xxnq79,1
k6qqkx6g,v18q90jn,y65re01e,zdn8yr7d,495m6g4w,1
k6qqkx6g,v18q90jn,y65re01e,zdn8yr7d,yweq1g4w,1
k6qqkx6g,v18q90jn,y65re01e,zdn8yr7d,xd4kjz8w,1
k6qqkx6g,v18q90jn,y65re01e,zdn8yr7d,69z83j49,1
k6qqkx6g,v18q90jn,y65re01e,zdn8yr7d,rdqnjrgd,1
k6qqkx6g,v18q90jn,y65re01e,zd3ojydn,None,2
k6qqkx6g,v18q90jn,y65re01e,02qvr8zd,69z83j49,1
k6qqkx6g,v18q90jn,y65re01e,02qvr8zd,owo30n3w,1
k6qqkx6g,v18q90jn,y65re01e,02qvr8zd,rdqnjrgd,1
k6qqkx6g,v18q90jn,y65re01e,02qvr8zd,y9m2j30d,1
k6qqkx6g,v18q90jn,y65re01e,02qvr8zd,5wkqjoxw,1
k6qqkx6g,v18q90jn,y65re01e,02qvr8zd,xd147ryd,2
k6qqkx6g,v18q90jn,y65re01e,02qvr8zd,495m6g4w,1
k6qqkx6g,v18q90jn,y65re01e,02qvr8zd,5d72v5ew,1
k6qqkx6g,v18q90jn,y65re01e,02qvr8zd,29vz3xxd,1
k6qqkx6g,v18q90jn,y65re01e,02qvr8zd,ewp8jy49,2
k6qqkx6g,v18q90jn,y65re01e,9d8ey7dn,None,1
k6qqkx6g,v18q90jn,y65re01e,9d8ey7dn,None,1
k6qqkx6g,v18q90jn,y65re01e,02qm847d,None,1
k6qqkx6g,v18q90jn,y65re01e,9kv68j2g,None,1
k6qqkx6g,v18q90jn,y65re01e,zd3ojydn,None,2
k6qqkx6g,v18q90jn,9dowxr31,rklq86n2,None,2
k6qqkx6g,v18q90jn,yd4wxw6e,q254358d,None,2
k6qqkx6g,v18q90jn,y6547ged,xk9ee062,None,1
k6qqkx6g,v18q90jn,9j1l9v1g,37dgn724,None,16
k6qqkx6g,v18q90jn,8nd2wvd0,xn2y3zdo,None,27
k6qqkx6g,v18q90jn,76royl68,824p4vm2,None,1
k6qqkx6g,v18q90jn,76royl68,zd30v58d,None,4
k6qqkx6g,v18q90jn,lde3woe6,vdo3qoyd,None,51
k6qqkx6g,v18q90jn,29d37g6l,gjdregk6,None,34
k6qqkx6g,v18q90jn,76royl68,jdz5zg3d,None,1
k6qqkx6g,v18q90jn,576rje18,lvdo8ykp,None,10
k6qqkx6g,v18q90jn,4pd02v1e,xn2yozdo,None,13
k6qqkx6g,v18q90jn,76royl68,824p4vm2,None,4
k6qqkx6g,v18q90jn,y6547ged,xk9ee062,None,2
k6qqkx6g,v18q90jn,3dx270g1,02q34gzk,5wknvpxw,1
k6qqkx6g,v18q90jn,3dx270g1,02q34gzk,rw6l0l6w,1
k6qqkx6g,v18q90jn,3dx270g1,02q34gzk,n93npnrw,1
k6qqkx6g,v18q90jn,3dx270g1,02q34gzk,z98z0z19,2
k6qqkx6g,v18q90jn,3dx270g1,02q34gzk,rdnlvl6w,2
k6qqkx6g,v18q90jn,3dx270g1,02q34gzk,ldy5v57w,2
k6qqkx6g,v18q90jn,3dx270g1,02q34gzk,gdr8v1k9,1
k6qqkx6g,v18q90jn,3dx270g1,02q34gzk,nwlyvpg9,5
k6qqkx6g,v18q90jn,3dx270g1,02q34gzk,69zqvn49,3
k6qqkx6g,v18q90jn,3dx270g1,02q34gzk,o9xzv37w,2
k6qqkx6g,v18q90jn,3dx270g1,02q34gzk,495r0l4d,1
k6qqkx6g,v18q90jn,3dx270g1,02q34gzk,rdq3v5gw,4
k6qqkx6g,v18q90jn,3dx270g1,02q34gzk,5d7e0zew,2
k6qqkx6g,v18q90jn,3dx270g1,02q34gzk,kwj8m119,1
k6qqkx6g,v18q90jn,3dx270g1,02q34gzk,owoevq3d,2
k6qqkx6g,v18q90jn,3dx270g1,02q34gzk,xd13o8y9,1
k6qqkx6g,v18q90jn,3dx270g1,02q34gzk,r9gjo129,1
k6qqkx6g,v18q90jn,3dx270g1,7kj39ez2,y9mrvx1w,1
k6qqkx6g,v18q90jn,3dx270g1,02q34gzk,5wknv6qw,2
k6qqkx6g,v18q90jn,3dx270g1,02q34gzk,rdq3v3gw,2
k6qqkx6g,v18q90jn,3dx270g1,02q34gzk,5d7e0eew,1
k6qqkx6g,v18q90jn,3dx270g1,02q34gzk,kwj8m819,1
k6qqkx6g,v18q90jn,3dx270g1,02q34gzk,owoeve3d,2
k6qqkx6g,v18q90jn,3dx270g1,02q34gzk,xd13o3y9,1
k6qqkx6g,v18q90jn,3dx270g1,02q34gzk,ewpzvz49,2
k6qqkx6g,v18q90jn,3dx270g1,02q34gzk,y9mrvr0w,2
k6qqkx6g,v18q90jn,3dx270g1,02q34gzk,5wknvnxw,1
k6qqkx6g,v18q90jn,3dx270g1,7kj39ez2,xd4ymy8d,1
k6qqkx6g,v18q90jn,3dx270g1,02q34gzk,xd02j2j9,1
k6qqkx6g,v18q90jn,3dx270g1,7kj39ez2,xd02jq19,1
k6qqkx6g,v18q90jn,3dx270g1,7kj39ez2,n93np4ew,1
k6qqkx6g,v18q90jn,3dx270g1,7kj39ez2,z98z07l9,1
k6qqkx6g,v18q90jn,3dx270g1,02q34gzk,rdnlvzvw,2
k6qqkx6g,v18q90jn,3dx270g1,7kj39ez2,69zqvz49,1
k6qqkx6g,v18q90jn,3dx270g1,7kj39ez2,59281569,1
k6qqkx6g,v18q90jn,3dx270g1,7kj39ez2,xd4ymx8d,1
k6qqkx6g,v18q90jn,3dx270g1,7kj39ez2,n93nporw,1
k6qqkx6g,v18q90jn,3dx270g1,02q34gzk,5wknv8xw,2
k6qqkx6g,v18q90jn,3dx270g1,02q34gzk,59281369,1
k6qqkx6g,v18q90jn,3dx270g1,02q34gzk,29vlvjxw,2
k6qqkx6g,v18q90jn,3dx270g1,02q34gzk,xd4ymn8d,2
k6qqkx6g,v18q90jn,3dx270g1,02q34gzk,xd02jlj9,1
k6qqkx6g,v18q90jn,3dx270g1,02q34gzk,z98z0e19,1
k6qqkx6g,v18q90jn,3dx270g1,02q34gzk,rdnlvr6w,2
k6qqkx6g,v18q90jn,3dx270g1,02q34gzk,ldy5vj7w,1
k6qqkx6g,v18q90jn,3dx270g1,02q34gzk,gdr8v8k9,1
k6qqkx6g,v18q90jn,3dx270g1,02q34gzk,nwlyvyg9,2
k6qqkx6g,v18q90jn,3dx270g1,02q34gzk,ywej7j4d,1
k6qqkx6g,v18q90jn,3dx270g1,02q34gzk,69zqvq49,2
k6qqkx6g,v18q90jn,3dx270g1,02q34gzk,r9gjoj29,2
k6qqkx6g,v18q90jn,3dx270g1,02q34gzk,xd13o6y9,4
k6qqkx6g,v18q90jn,3dx270g1,02q34gzk,ewpzve49,1
k6qqkx6g,v18q90jn,3dx270g1,02q34gzk,y9mrvy0w,2
k6qqkx6g,v18q90jn,3dx270g1,02q34gzk,o9xzvk7w,2
k6qqkx6g,v18q90jn,3dx270g1,02q34gzk,495r0y4d,2
k6qqkx6g,v18q90jn,3dx270g1,02q34gzk,rdq3vggw,1
k6qqkx6g,v18q90jn,3dx270g1,02q34gzk,5d7e0lew,1
k6qqkx6g,v18q90jn,3dx270g1,02q34gzk,nwlyv3g9,2
k6qqkx6g,v18q90jn,3dx270g1,02q34gzk,ywej7l4d,2
k6qqkx6g,v18q90jn,3dx270g1,02q34gzk,495r044d,2
k6qqkx6g,v18q90jn,3dx270g1,02q34gzk,owoevy3d,3
k6qqkx6g,v18q90jn,3dx270g1,02q34gzk,xd13oxy9,2
k6qqkx6g,v18q90jn,3dx270g1,02q34gzk,ewpzvr49,1
k6qqkx6g,v18q90jn,3dx270g1,7kj39ez2,rw6l036w,1
k6qqkx6g,v18q90jn,3dx270g1,02q34gzk,z98z0n19,2
k6qqkx6g,v18q90jn,3dx270g1,7kj39ez2,rdnlvn6w,1
k6qqkx6g,v18q90jn,3dx270g1,02q34gzk,nwlyvng9,1
k6qqkx6g,v18q90jn,3dx270g1,02q34gzk,ywej7n4d,1
k6qqkx6g,v18q90jn,3dx270g1,02q34gzk,69zqvx49,2
k6qqkx6g,v18q90jn,3dx270g1,02q34gzk,r9gjor29,3
k6qqkx6g,v18q90jn,3dx270g1,7kj39ez2,59281qr9,1
k6qqkx6g,v18q90jn,3dx270g1,7kj39ez2,29vlv7nw,1
k6qqkx6g,v18q90jn,3dx270g1,02q34gzk,xd4ym2pd,2
k6qqkx6g,v18q90jn,3dx270g1,02q34gzk,rw6l0o7w,3
k6qqkx6g,v18q90jn,3dx270g1,02q34gzk,ldy5vgzw,1
k6qqkx6g,v18q90jn,3dx270g1,02q34gzk,n93np4rw,1
k6qqkx6g,v18q90jn,3dx270g1,02q34gzk,z98z0719,1
k6qqkx6g,v18q90jn,3dx270g1,02q34gzk,rdnlvz6w,1
k6qqkx6g,v18q90jn,3dx270g1,02q34gzk,ldy5vg7w,2
k6qqkx6g,v18q90jn,3dx270g1,02q34gzk,gdr8v2k9,1
k6qqkx6g,v18q90jn,3dx270g1,02q34gzk,o9xzv47w,1
k6qqkx6g,v18q90jn,3dx270g1,02q34gzk,rdq3vlgw,2
k6qqkx6g,v18q90jn,3dx270g1,02q34gzk,5d7e08ew,2
k6qqkx6g,v18q90jn,3dx270g1,02q34gzk,kwj8mp19,1
k6qqkx6g,v18q90jn,3dx270g1,02q34gzk,29vlv2xw,2
k6qqkx6g,v18q90jn,3dx270g1,02q34gzk,xd02jxj9,1
k6qqkx6g,v18q90jn,m1mx0y46,9d84707k,None,26
k6qqkx6g,v18q90jn,lde80nd3,7kjpzn3k,None,13
k6qqkx6g,v18q90jn,m1zn4310,jdr680d6,None,2
k6qqkx6g,v18q90jn,369peql1,q25gvl8d,None,8
k6qqkx6g,v18q90jn,369peql1,jdz9jgv2,gdr123kw,7
k6qqkx6g,v18q90jn,369peql1,jdz9jgv2,gdr123kw,6
k6qqkx6g,v18q90jn,o1y9j9v6,wk67rved,r9g4k7p9,14
k6qqkx6g,v18q90jn,m1mx0y46,9d84707k,None,29
k6qqkx6g,v18q90jn,m1mx0y46,xd1g6nrd,None,21
k6qqkx6g,v18q90jn,o1y9j9v6,mkezwq9k,5wknr4qw,21
k6qqkx6g,v18q90jn,o1y9j9v6,xk9ry6xk,None,43
k6qqkx6g,v18q90jn,o1y9j9v6,7dgr144k,5wknr4qw,139
k6qqkx6g,v18q90jn,o1y9j9v6,zdn0m372,None,87
k6qqkx6g,v18q90jn,j1lj5vdg,jdz3g9v2,None,35
k6qqkx6g,v18q90jn,o1y9r9k6,xk9gojyd,None,2
k6qqkx6g,v18q90jn,o1y9r9k6,q25ql882,None,2
k6qqkx6g,v18q90jn,o1y9r9k6,z27603gd,None,2
k6qqkx6g,v18q90jn,o1y9r9k6,7kjpjrxk,None,3
k6qqkx6g,v18q90jn,o1y9r9k6,xk9gojyd,None,2
k6qqkx6g,v18q90jn,o1y9r9k6,z27603gd,None,2
k6qqkx6g,v18q90jn,o1y9r9k6,q25ql882,None,2
k6qqkx6g,v18q90jn,o1y9j9v6,mkezwq9k,o9x7mxpd,11
k6qqkx6g,v18q90jn,o1y9j9v6,mkezwq9k,5d746x6d,11
k6qqkx6g,v18q90jn,o1y9j9v6,mkezwq9k,ywe5zq7w,18
k6qqkx6g,v18q90jn,o1y9j9v6,mkezwq9k,r9g4k7p9,15
k6qqkx6g,v18q90jn,o1y9j9v6,mkezwq9k,4955vm39,9
k6qqkx6g,v18q90jn,o1y9j9v6,mkezwq9k,rdq76n29,15
k6qqkx6g,v18q90jn,j1ne9me1,jdrn7vlk,None,6
k6qqkx6g,v18q90jn,o1y9j9v6,mkezwq9k,r9g4k7p9,18
k6qqkx6g,v18q90jn,j1ne9me1,jdrn7vlk,None,5
k6qqkx6g,v18q90jn,o1y9j9v6,jdz8oprd,None,61
k6qqkx6g,v18q90jn,o1y9j9v6,mkezwq9k,ywe5zq7w,30
k6qqkx6g,v18q90jn,o1y9j9v6,mkezwq9k,r9g4k7p9,34
k6qqkx6g,v18q90jn,o1y9j9v6,mkezwq9k,o9x7mxpd,29
k6qqkx6g,v18q90jn,o1y9j9v6,mkezwq9k,5d746x6d,24
k6qqkx6g,v18q90jn,o1y9j9v6,5dw5q7gd,4955vm39,139
k6qqkx6g,v18q90jn,o1y9j9v6,7kjpl1gk,None,305
k6qqkx6g,v18q90jn,j1ne9me1,jdrn7vlk,None,5
k6qqkx6g,v18q90jn,o1y9j9v6,5dw5q7gd,o9x7mxpd,54
k6qqkx6g,v18q90jn,o1y9j9v6,7dgr144k,4955vm39,51
k6qqkx6g,v18q90jn,o1y9j9v6,wk67rved,rdq76n29,19
k6qqkx6g,v18q90jn,o1y9j9v6,wk67rved,ywe5zq7w,25
k6qqkx6g,v18q90jn,o1y9j9v6,wk67rved,4955vm39,33
k6qqkx6g,v18q90jn,o1y9j9v6,xd1718wd,None,34
k6qqkx6g,v18q90jn,o1y9j9v6,mkezwq9k,4955vm39,13
k6qqkx6g,v18q90jn,o1y9j9v6,5dw5q7gd,rdq76n29,92
k6qqkx6g,v18q90jn,o1y9j9v6,mkezwq9k,5d746x6d,13
k6qqkx6g,v18q90jn,o1y9j9v6,7dgr144k,rdq76n29,101
k6qqkx6g,v18q90jn,o1y9j9v6,7dgr144k,5d746x6d,156
k6qqkx6g,v18q90jn,o1y9j9v6,7dgr144k,kwjzo679,57
k6qqkx6g,v18q90jn,o1y9j9v6,5dw5q7gd,kwjzo679,35
k6qqkx6g,v18q90jn,o1y9j9v6,5dw5q7gd,r9g4k7p9,69
k6qqkx6g,v18q90jn,o1y9j9v6,mkezwq9k,o9x7mxpd,16
k6qqkx6g,v18q90jn,o1y9j9v6,7dgr144k,o9x7mxpd,148
k6qqkx6g,v18q90jn,o1y9j9v6,mkezwq9k,4955vm39,35
k6qqkx6g,v18q90jn,o1y9j9v6,mkezwq9k,kwjzo679,34
k6qqkx6g,v18q90jn,o1y9j9v6,wk67rved,kwjzo679,26
k6qqkx6g,v18q90jn,o1y9j9v6,7dgr144k,r9g4k7p9,180
k6qqkx6g,v18q90jn,o1y9j9v6,mkezwq9k,ywe5zq7w,30
k6qqkx6g,v18q90jn,o1y9j9v6,wk67rved,5d746x6d,24
k6qqkx6g,v18q90jn,o1y9j9v6,7dgr144k,ywe5zq7w,19
k6qqkx6g,v18q90jn,o1y9j9v6,mkezwq9k,69z2m8g9,35
k6qqkx6g,v18q90jn,o1y9j9v6,mkezwq9k,69z2m8g9,15
k6qqkx6g,v18q90jn,o1y9j9v6,mkezwq9k,69z2m8g9,22
k6qqkx6g,v18q90jn,y65y38de,jdreqj5k,rdqgz419,4
k6qqkx6g,v18q90jn,y65y38de,jdreqj5k,5d7lyqv9,3
k6qqkx6g,v18q90jn,y65y38de,wkpjey8k,None,4
k6qqkx6g,v18q90jn,y65y38de,jdreqj5k,kwj374zd,4
k6qqkx6g,v18q90jn,y65y38de,jdreqj5k,495ykxjw,4
k6qqkx6g,v18q90jn,y65y38de,jdreqj5k,owol74yw,3
k6qqkx6g,v18q90jn,y65y38de,jdz731gk,495ykxjw,2
k6qqkx6g,v18q90jn,y65y38de,jdz731gk,rdqgz419,1
k6qqkx6g,v18q90jn,y65y38de,jdz731gk,5d7lyqv9,1
k6qqkx6g,v18q90jn,y65y38de,jdz731gk,kwj374zd,1
k6qqkx6g,v18q90jn,y65y38de,jdz731gk,owol74yw,1
k6qqkx6g,v18q90jn,y65y38de,7dg83gl2,None,1
k6qqkx6g,v18q90jn,y65y38de,02qgw89d,None,1
k6qqkx6g,v18q90jn,o1y9j9v6,7dgr144k,69z2m8g9,99
k6qqkx6g,v18q90jn,o1y9r9k6,7kjpjrxk,None,7
k6qqkx6g,v18q90jn,o1y9r9k6,jdz7o6gk,None,2
k6qqkx6g,v18q90jn,o1y9r9k6,7kjpjrxk,None,15
k6qqkx6g,v18q90jn,o1y9r9k6,z27603gd,None,10
k6qqkx6g,v18q90jn,o1y9r9k6,jdz7o6gk,None,1
k6qqkx6g,v18q90jn,o1y9r9k6,z27603gd,None,9
k6qqkx6g,v18q90jn,o1y9r9k6,xk9gojyd,None,5
k6qqkx6g,v18q90jn,o1y9r9k6,q25ql882,None,4
k6qqkx6g,v18q90jn,o1y9r9k6,xk9gojyd,None,6
k6qqkx6g,v18q90jn,3dx5551y,wkp81wdr,None,2
k6qqkx6g,v18q90jn,o1y95p26,ndxexgvk,None,8
k6qqkx6g,v18q90jn,o1yqrkdq,zdnoge2q,None,6
k6qqkx6g,v18q90jn,y654og4d,9d84p9qk,kwj85q19,1
k6qqkx6g,v18q90jn,y654og4d,9d84p9qk,owoe0p3d,2
k6qqkx6g,v18q90jn,y654og4d,9d84p9qk,xd137qy9,1
k6qqkx6g,v18q90jn,y654og4d,9d84p9qk,ewpzj649,1
k6qqkx6g,v18q90jn,y654og4d,9d84p9qk,y9mrjo0w,1
k6qqkx6g,v18q90jn,y654og4d,9d84p9qk,5wknj7xw,1
k6qqkx6g,v18q90jn,y654og4d,9d84p9qk,5928z769,2
k6qqkx6g,v18q90jn,y654og4d,9d84p9qk,29vl3rxw,1
k6qqkx6g,v18q90jn,y654og4d,9d84p9qk,xd4yjo8d,1
k6qqkx6g,v18q90jn,y654og4d,9d84p9qk,xd02g5j9,1
k6qqkx6g,v18q90jn,y654og4d,9d84p9qk,rw6l466w,2
k6qqkx6g,v18q90jn,y654og4d,9d84p9qk,n93n7jrw,1
k6qqkx6g,v18q90jn,y654og4d,9d84p9qk,z98z6k19,1
k6qqkx6g,v18q90jn,y654og4d,9d84p9qk,5d7evmew,5
k6qqkx6g,v18q90jn,y654og4d,jdr70o02,None,3
k6qqkx6g,v18q90jn,j1l8g46g,jdz3q1x2,None,4
k6qqkx6g,v18q90jn,w6jkyx1j,xk9lz44k,None,4
k6qqkx6g,v18q90jn,pdv5mo6w,9d8p437k,None,2
k6qqkx6g,v18q90jn,o1y9j9v6,wk67rved,69z2m8g9,19
k6qqkx6g,v18q90jn,pdv5mo6w,xd1rgvrk,None,1
k6qqkx6g,v18q90jn,pdv5mo6w,7dg9vlpk,None,1
k6qqkx6g,v18q90jn,o1y9j9v6,5dw5q7gd,69z2m8g9,57
k6qqkx6g,v18q90jn,o1y9j9v6,7dgr144k,ywe5zq7w,155
k6qqkx6g,v18q90jn,3dx25qv1,7dg9e8lk,None,2
k6qqkx6g,v18q90jn,3dx25qv1,mkerpond,None,1
k6qqkx6g,v18q90jn,qw6jv76j,37dg47d4,None,18
k6qqkx6g,v18q90jn,4d7zpl67,7kjq934d,5d78ll5w,28
k6qqkx6g,v18q90jn,o1y9j9v6,5dw5q7gd,ywe5zq7w,48
k6qqkx6g,v18q90jn,4d7zpl67,7kjq934d,nwl3nkgw,40
k6qqkx6g,v18q90jn,4d7zpl67,7kjq934d,rdqlggmw,1
k6qqkx6g,v18q90jn,4d7zpl67,7kjq934d,kwjp33rw,41
k6qqkx6g,v18q90jn,4d7zpl67,7kjq934d,owoyllv9,13
k6qqkx6g,v18q90jn,4d7zpl67,7kjq934d,xd1x66q9,10
k6qqkx6g,v18q90jn,4d7zpl67,7kjq934d,ewpreeld,12
k6qqkx6g,v18q90jn,4d7zpl67,7kjq934d,y9m8yyld,13
k6qqkx6g,v18q90jn,4d7zpl67,7kjq934d,5wkp885d,10
k6qqkx6g,v18q90jn,4d7zpl67,7kjq934d,592533g9,8
k6qqkx6g,v18q90jn,4d7zpl67,7kjq934d,29v2jl1d,12
k6qqkx6g,v18q90jn,4d7zpl67,7kjq934d,xd4xny09,9
k6qqkx6g,v18q90jn,4d7zpl67,7kjq934d,xd0xl20d,1
k6qqkx6g,v18q90jn,4d7zpl67,7kjq934d,rw63rlnw,9
k6qqkx6g,v18q90jn,4d7zpl67,7kjq934d,n93o8n79,9
k6qqkx6g,v18q90jn,4d7zpl67,7kjq934d,z98nez79,10
k6qqkx6g,v18q90jn,4d7zpl67,7kjq934d,ldy2j5jw,10
k6qqkx6g,v18q90jn,4d7zpl67,7kjq934d,gdr2g889,8
k6qqkx6g,v18q90jn,4d7zpl67,7kjq934d,nwl3nypw,1
k6qqkx6g,v18q90jn,o1y9j9v6,wk67rved,o9x7mxpd,6
k6qqkx6g,v18q90jn,o1y9j9v6,5dw5q7gd,5d746x6d,59
k6qqkx6g,v18q90jn,v1pgom18,mkeqo7jk,None,16
k6qqkx6g,v18q90jn,v1pgom18,z274emz2,4958mq09,2
k6qqkx6g,v18q90jn,v1pgom18,z274emz2,rdq1nmk9,2
k6qqkx6g,v18q90jn,v1pgom18,q254vzvd,None,6
k6qqkx6g,v18q90jn,9do8vo1p,vdo3gxod,None,9
k6qqkx6g,v18q90jn,w6jng51j,5dwln52g,None,16
k6qqkx6g,v18q90jn,w6jng51j,5dwln52g,None,4
k6qqkx6g,v18q90jn,w6jng51j,5dwln52g,None,5
k6qqkx6g,v18q90jn,w6jg8e6j,jdz6eg2v,None,2
k6qqkx6g,v18q90jn,w6jg8e6j,jdz6eg2v,None,2
k6qqkx6g,v18q90jn,w6jg8e6j,824jlw25,None,2
k6qqkx6g,v18q90jn,w6jg8e6j,824jlw25,None,2
k6qqkx6g,v18q90jn,2689q71p,mkev9926,None,2
k6qqkx6g,v18q90jn,29d3w01l,jdr9740d,None,12
k6qqkx6g,v18q90jn,29d3w01l,vdo0q1dp,None,5
k6qqkx6g,v18q90jn,29d3w01l,w9d846kn,None,46
k6qqkx6g,v18q90jn,om1m5kd2,vdo4my2p,None,99
k6qqkx6g,v18q90jn,y65re01e,9d8ey7dn,None,1
k6qqkx6g,v18q90jn,46w3rvn1,mkez1n6k,None,2
k6qqkx6g,v18q90jn,y65re01e,zd3ojydn,None,2
k6qqkx6g,v18q90jn,pd0e501e,wkpq110d,None,5
k6qqkx6g,v18q90jn,yo1yq2dq,l9kvoo2g,None,3
k6qqkx6g,v18q90jn,yo1yq2dq,gjdrj026,None,3
k6qqkx6g,v18q90jn,n4d7pgd7,9zdn1ekq,None,52
k6qqkx6g,v18q90jn,9j1l9v1g,wkpyg4wk,None,5
k6qqkx6g,v18q90jn,9d3rr2wd,n2y5on8k,None,2
k6qqkx6g,v18q90jn,om1mw4d2,l9kv40kg,None,408
k6qqkx6g,v18q90jn,j1nv096p,wk61v8qd,None,23
k6qqkx6g,v18q90jn,w6jype6j,ndxj4052,None,1
k6qqkx6g,v18q90jn,9d3p906l,jdrp7g02,None,22
k6qqkx6g,v18q90jn,yo1yq2dq,nxd1l7k8,None,34
k6qqkx6g,v18q90jn,om1m3625,mke8vjk6,None,90
k6qqkx6g,v18q90jn,yo1yq2dq,jzd388kn,None,21
k6qqkx6g,v18q90jn,m1zjx260,wkpyxqwk,owokxpvd,2
k6qqkx6g,v18q90jn,o1y92r26,zdn4wgnk,None,5
k6qqkx6g,v18q90jn,nd22xvd0,w20pq58k,None,1464
k6qqkx6g,v18q90jn,46w3q31r,7dgrlgk4,None,26
k6qqkx6g,v18q90jn,k6qwpm6g,mkerqxd6,None,20
k6qqkx6g,v18q90jn,3dx0o4dy,jdr46026,None,2
k6qqkx6g,v18q90jn,4pd02v1e,rklg06nd,None,5
k6qqkx6g,v18q90jn,kyd4051e,z27g3z20,owo77j96,1
k6qqkx6g,v18q90jn,kyd4051e,z27g3z20,nwlg6o9v,2
k6qqkx6g,v18q90jn,kyd4051e,z27g3z20,o9x113dl,2
k6qqkx6g,v18q90jn,kyd4051e,z27g3z20,r9gyyj92,1
k6qqkx6g,v18q90jn,kyd4051e,z27g3z20,r9gyyj92,1
k6qqkx6g,v18q90jn,kyd4051e,z27g3z20,5d7yyqdy,2
k6qqkx6g,v18q90jn,kyd4051e,z27g3z20,rdqzzodx,1
k6qqkx6g,v18q90jn,kyd4051e,z27g3z20,495kkm9p,1
k6qqkx6g,v18q90jn,y6547ged,xk9ee062,None,1
k6qqkx6g,v18q90jn,y6547ged,z2744gz2,None,1
k6qqkx6g,v18q90jn,576rje18,ndx551kq,kwjzkn9g,18
k6qqkx6g,v18q90jn,576rje18,ndx551kq,ewpxykdn,9
k6qqkx6g,v18q90jn,576rje18,ndx551kq,y9mx35w5,8
k6qqkx6g,v18q90jn,576rje18,ndx551kq,5wk6o294,3
k6qqkx6g,v18q90jn,576rje18,ndx551kq,592qlo96,6
k6qqkx6g,v18q90jn,576rje18,7wkp1gkr,None,35
k6qqkx6g,v18q90jn,y6547ged,7kj88v4d,None,7
k6qqkx6g,v18q90jn,kdkokl6m,n2yjry82,5d7yg26d,14
k6qqkx6g,v18q90jn,kdkokl6m,n2yjry82,rdnpg6n9,12
k6qqkx6g,v18q90jn,nd2nqed0,9d8r432n,None,3
k6qqkx6g,v18q90jn,o1y9wo6q,7dgrrxk4,None,950
k6qqkx6g,v18q90jn,o1ymwk1q,vdo4jr12,None,126
k6qqkx6g,v18q90jn,o1ymwk1q,zd3lpqrd,None,40
k6qqkx6g,v18q90jn,o1ymwk1q,7dggqwxd,None,219
k6qqkx6g,v18q90jn,4d7g83d7,mkejmn62,None,1
k6qqkx6g,v18q90jn,o1y9wo6q,n2y55mko,None,1321
k6qqkx6g,v18q90jn,4d7g83d7,5dwyzolk,None,1
k6qqkx6g,v18q90jn,9dowj31p,02q8z972,None,8
k6qqkx6g,v18q90jn,9dowj31p,02q8z972,None,5
k6qqkx6g,v18q90jn,lde48j13,wdm4873d,None,5
k6qqkx6g,v18q90jn,lde48j13,vdoq3n9k,None,2
k6qqkx6g,v18q90jn,nd28xed0,w20p6p8k,ywe177dl,2
k6qqkx6g,v18q90jn,nd28xed0,xd1v6zd8,ywe177dl,2
k6qqkx6g,v18q90jn,nd28xed0,w20p6p8k,5d7vm6dy,4
k6qqkx6g,v18q90jn,nd28xed0,xd1v6zd8,5d7vm6dy,7
k6qqkx6g,v18q90jn,yd4gqwde,7kje1xd3,5d71kgdy,3
k6qqkx6g,v18q90jn,9j1l9v1g,w5dw4ekg,None,7
k6qqkx6g,v18q90jn,y6547ged,xk9ee062,None,1
k6qqkx6g,v18q90jn,y6547ged,xk9ee062,None,1
k6qqkx6g,v18q90jn,9j1l9v1g,pmke98d6,None,12
k6qqkx6g,v18q90jn,m1zjx260,wkpyxqwk,xd101qq9,8
k6qqkx6g,v18q90jn,m1zjx260,wkpyxqwk,ewpp56lw,9
k6qqkx6g,v18q90jn,m1zjx260,wkpyxqwk,o9x20e6w,8
k6qqkx6g,v18q90jn,m1zjx260,wkpyxqwk,5d77rm5d,1
k6qqkx6g,v18q90jn,m1zjx260,wkpyxqwk,495jn12w,8
k6qqkx6g,v18q90jn,m1zjx260,wkpyxqwk,rdq0qkmw,11
k6qqkx6g,v18q90jn,m1zjx260,wkpyxqwk,kwjyrqrw,7
k6qqkx6g,v18q90jn,m1zjx260,wkpyxqwk,r9gz8gqd,11
k6qqkx6g,v18q90jn,y6547ged,xk9ee062,None,2
k6qqkx6g,v18q90jn,v1po0468,8246y3d5,None,25
k6qqkx6g,v18q90jn,v1po0468,9d867q2n,None,6
k6qqkx6g,v18q90jn,y6547ged,xk9ee062,None,2
k6qqkx6g,v18q90jn,k6qxp91g,wdm4xwxd,None,4
k6qqkx6g,v18q90jn,kdk5jedm,wk6ownrk,None,5
k6qqkx6g,v18q90jn,kdk5jedm,n2y1ple2,None,13
k6qqkx6g,v18q90jn,4d7w5z67,z27319gd,None,4
k6qqkx6g,v18q90jn,y6547ged,xk9ee062,None,2
k6qqkx6g,v18q90jn,o1yv321q,zdnr0q72,None,1
k6qqkx6g,v18q90jn,o1yv321q,n2yjo1e2,None,1
k6qqkx6g,v18q90jn,4pd02v1e,p7kj3n23,None,24
k6qqkx6g,v18q90jn,9do54e1p,5dwprg0k,None,6
k6qqkx6g,v18q90jn,46w8n96r,w201018k,None,2
k6qqkx6g,v18q90jn,pd0wq31e,zdn1jxkq,None,255
k6qqkx6g,v18q90jn,pd0wq31e,n2y1y72o,None,716
k6qqkx6g,v18q90jn,o6ge9o12,5dwpl60k,None,2
k6qqkx6g,v18q90jn,pd0wq31e,7kjrn323,None,254
k6qqkx6g,v18q90jn,268n5y6p,9kvp0gek,None,48
k6qqkx6g,v18q90jn,y6547ged,7kj88v4d,None,1
k6qqkx6g,v18q90jn,9dowj31p,02q8z972,None,6
k6qqkx6g,v18q90jn,9dowj31p,02q8z972,None,8
k6qqkx6g,v18q90jn,9dowj31p,02q8z972,None,5
k6qqkx6g,v18q90jn,9dowj31p,02q8z972,None,35
k6qqkx6g,v18q90jn,9dowj31p,02q8z972,None,9
k6qqkx6g,v18q90jn,9dowj31p,824m4le2,None,68
k6qqkx6g,v18q90jn,9dowj31p,02q8z972,None,8
k6qqkx6g,v18q90jn,9dowj31p,02q8z972,None,29
k6qqkx6g,v18q90jn,576rje18,zd3y59v2,None,14
k6qqkx6g,v18q90jn,3dxejp1y,z277e7o2,None,2
k6qqkx6g,v18q90jn,m1m2qjd2,9kvpgx8k,None,23
k6qqkx6g,v18q90jn,yd4yrxde,jdz3rng2,None,35
k6qqkx6g,v18q90jn,46wrrl1r,02qjw1jd,None,4
k6qqkx6g,v18q90jn,4d790g17,7dg54x24,None,8
k6qqkx6g,v18q90jn,4d790g17,xk9j86d0,None,19
k6qqkx6g,v18q90jn,y654o4de,z273ozd0,None,5
k6qqkx6g,v18q90jn,y654o4de,7kjzq4d3,None,6
k6qqkx6g,v18q90jn,4d790g17,w201vvkn,None,14
k6qqkx6g,v18q90jn,4d790g17,rklevq2n,None,25
k6qqkx6g,v18q90jn,4d790g17,rklevq2n,None,12
k6qqkx6g,v18q90jn,9dowy71p,vdoqpvkp,None,5
k6qqkx6g,v18q90jn,m1zjnz60,xk9jj6d0,None,32
k6qqkx6g,v18q90jn,nd2ervd0,q258qv2o,None,41
k6qqkx6g,v18q90jn,nd2ervd0,q258qv2o,None,16
k6qqkx6g,v18q90jn,nd2ervd0,jdzp8gkv,None,17
k6qqkx6g,v18q90jn,nd2ervd0,jdr1x526,None,38
k6qqkx6g,v18q90jn,nd2ervd0,jdzp8gkv,None,35
k6qqkx6g,v18q90jn,nd2ervd0,w20vyojk,None,16
k6qqkx6g,v18q90jn,nd2ervd0,w20vyojk,None,6
k6qqkx6g,v18q90jn,nd2ervd0,jdr1x526,None,12
k6qqkx6g,v18q90jn,nd2ervd0,zd3l7ydn,None,82
k6qqkx6g,v18q90jn,o6ggmo62,q254wjwd,None,3
k6qqkx6g,v18q90jn,m1zjnz60,jdzprvkv,None,10
k6qqkx6g,v18q90jn,4d7jygd7,jdrp6r02,None,3
k6qqkx6g,v18q90jn,4d7jygd7,jdz50lxd,None,3
k6qqkx6g,v18q90jn,yd4glxde,mkeogm9d,None,28
k6qqkx6g,v18q90jn,yd4glxde,7dg8wp42,None,18
k6qqkx6g,v18q90jn,kdke4edm,jdzywvkv,None,2
k6qqkx6g,v18q90jn,v1p80pd8,02qjeypd,None,7
k6qqkx6g,v18q90jn,4d7zpl67,02q6jpky,None,62
k6qqkx6g,v18q90jn,76rm2l18,z2775z02,kwjy4ezw,7
k6qqkx6g,v18q90jn,76rm2l18,zdnqoged,kwjy4ezw,6
k6qqkx6g,v18q90jn,76rm2l18,z2775z02,owok42yd,5
k6qqkx6g,v18q90jn,76rm2l18,zdnqoged,owok42yd,4
k6qqkx6g,v18q90jn,76rm2l18,z2775z02,xd10l569,6
k6qqkx6g,v18q90jn,76rm2l18,zdnqoged,xd10l569,5
k6qqkx6g,v18q90jn,76rm2l18,xk9l5z4k,None,3
k6qqkx6g,v18q90jn,4pdvyvdw,vdo45v2p,None,30
k6qqkx6g,v18q90jn,46wrrl1r,9d83n62n,None,1
k6qqkx6g,v18q90jn,46wrrl1r,xd1vq7d8,None,2
k6qqkx6g,v18q90jn,46wrrl1r,wk6jeved,None,2
k6qqkx6g,v18q90jn,ldeo0563,wkpy3ewk,None,18
k6qqkx6g,v18q90jn,ldeo0563,7dgg63pd,None,18
k6qqkx6g,v18q90jn,4d7l8r17,zdnq1m7d,None,6
k6qqkx6g,v18q90jn,m1m4y412,q25444vd,None,2
k6qqkx6g,v18q90jn,yd48qw6e,z278nzk0,None,9
k6qqkx6g,v18q90jn,4d75lr67,zd3y89r2,None,2
k6qqkx6g,v18q90jn,o6go2od2,02qjl57d,None,6
k6qqkx6g,v18q90jn,y654o4de,wk61ord1,None,4
k6qqkx6g,v18q90jn,yd4wp56e,vdo43yv2,None,30
k6qqkx6g,v18q90jn,ldenw5d3,jdrqojlk,None,5
k6qqkx6g,v18q90jn,pdv5l46w,wkpj3ggk,None,2
k6qqkx6g,v18q90jn,3dx7ly6y,z27gne42,None,1
k6qqkx6g,v18q90jn,k6qzpx6g,ndxjjj12,None,7
k6qqkx6g,v18q90jn,pdv7g9dw,824xwpmd,None,26
k6qqkx6g,v18q90jn,k6qqkx6g,rklgq3rd,None,21
k6qqkx6g,v18q90jn,3dx57v1y,824xj5nd,kwj7zp0w,1
k6qqkx6g,v18q90jn,9d3rnedl,jdz87gdv,None,92
k6qqkx6g,v18q90jn,yd4gqwde,7kje1xd3,5wkmg2d4,2
k6qqkx6g,v18q90jn,yd4gqwde,7kje1xd3,xd0evx9q,3
k6qqkx6g,v18q90jn,yd4gqwde,7kje1xd3,xd45v2wm,3
k6qqkx6g,v18q90jn,yd4gqwde,7dgp4ld4,None,9
k6qqkx6g,v18q90jn,yd4gqwde,7kje1xd3,kwjglnwg,3
k6qqkx6g,v18q90jn,76rgeq18,z27j1o20,None,21
k6qqkx6g,v18q90jn,268xok1p,zdn9xx2q,None,11
k6qqkx6g,v18q90jn,3dx57v1y,824xj5nd,owo76yj9,1
k6qqkx6g,v18q90jn,268m9odp,xk9034xk,None,3
k6qqkx6g,v18q90jn,o6gx45d2,ndxq9vkq,None,12
k6qqkx6g,v18q90jn,46wv4ldr,02qgwrzd,None,2
k6qqkx6g,v18q90jn,4d74xld7,vdo9j1dp,None,46
k6qqkx6g,v18q90jn,268xlo1p,82449325,None,14
k6qqkx6g,v18q90jn,m1zzwm10,02q8m3y2,None,2
k6qqkx6g,v18q90jn,kdk89edm,q256xjko,None,2
k6qqkx6g,v18q90jn,369gml1l,ndxq4vkq,None,7
k6qqkx6g,v18q90jn,m1zvw060,wk6p6red,None,7
k6qqkx6g,v18q90jn,46wyp3dr,02q0r7ky,None,11
k6qqkx6g,v18q90jn,76r3xl68,wdm8w42q,None,104
k6qqkx6g,v18q90jn,j1l2446g,824xqpnd,None,5
k6qqkx6g,v18q90jn,pd0yxw6e,zd305yrd,None,3
k6qqkx6g,v18q90jn,3699z86l,rklx0g8k,None,3
k6qqkx6g,v18q90jn,j1l2446g,9d8p5vlk,None,8
k6qqkx6g,v18q90jn,ldekxld3,jdr3exd6,None,9
k6qqkx6g,v18q90jn,v1pxjz68,wkpmjjkr,None,59
k6qqkx6g,v18q90jn,kdkejldm,wdmnwo2q,None,2
k6qqkx6g,v18q90jn,kdkejldm,w20pxm8k,None,2
k6qqkx6g,v18q90jn,kdkejldm,wdmzvo52,None,2
k6qqkx6g,v18q90jn,v1pxjz68,xk9n9y20,None,108
k6qqkx6g,v18q90jn,j1lyw4dg,q25omygk,None,2
k6qqkx6g,v18q90jn,w6jype6j,ndxj4052,None,2
k6qqkx6g,v18q90jn,k6q2506g,jdzj33kv,None,2
k6qqkx6g,v18q90jn,ldeyqn13,n2yqoy1k,None,3
k6qqkx6g,v18q90jn,nd25led0,w20p3wzk,None,3
k6qqkx6g,v18q90jn,ldey5n13,zdnw0exd,None,2
k6qqkx6g,v18q90jn,kdkyrl1m,xd1rl7rk,None,29
k6qqkx6g,v18q90jn,yd4gqwde,wkpzm8dr,None,39
k6qqkx6g,v18q90jn,yd4gqwde,7kje1xd3,29v813dv,4
k6qqkx6g,v18q90jn,yd4gqwde,7kje1xd3,y9mmk595,3
k6qqkx6g,v18q90jn,yd4gqwde,7kje1xd3,5926vod6,4
k6qqkx6g,v18q90jn,26854k6p,n2yw67ko,None,4
k6qqkx6g,v18q90jn,yd4gqwde,7kje1xd3,owoj1o96,4
k6qqkx6g,v18q90jn,yd4gqwde,7kje1xd3,xd1meedo,4
k6qqkx6g,v18q90jn,yd4gqwde,7kje1xd3,ewp2kk9n,4
k6qqkx6g,v18q90jn,j1nyml6p,jdrqegnk,None,4
k6qqkx6g,v18q90jn,m1zlwzd0,02qg33yd,None,2
k6qqkx6g,v18q90jn,m1zlwzd0,824xggwd,None,3
k6qqkx6g,v18q90jn,ldeygj13,9kvp7v3k,None,2
k6qqkx6g,v18q90jn,o1yzyvdq,n2yq7z1k,None,1
k6qqkx6g,v18q90jn,y653y71e,xk9087gk,None,5
k6qqkx6g,v18q90jn,kdky2x1m,q25o36gk,None,2
k6qqkx6g,v18q90jn,nd2nnqd0,vdor59dp,None,3
k6qqkx6g,v18q90jn,k6qy8mdg,7dg84x72,None,7
k6qqkx6g,v18q90jn,4d743rd7,xk93l4k0,None,6
k6qqkx6g,v18q90jn,w6jye56j,02qgly7d,None,1
k6qqkx6g,v18q90jn,o1yz0kdq,xk90novk,None,13
k6qqkx6g,v18q90jn,76r7z518,rklxqgwk,None,7
k6qqkx6g,v18q90jn,ldeyrx13,ndxj91j2,None,4
k6qqkx6g,v18q90jn,2688qo6p,xd1r308k,None,2
k6qqkx6g,v18q90jn,76r7mq18,q25o8qvk,None,3
k6qqkx6g,v18q90jn,pd048w6e,wdmz0w52,None,6
k6qqkx6g,v18q90jn,m1zm2m60,wdmz0732,xd4o889m,4
k6qqkx6g,v18q90jn,m1zm2m60,w20p05ok,xd4o889m,8
k6qqkx6g,v18q90jn,m1zm2m60,wkpjpr8k,xd4o889m,4
k6qqkx6g,v18q90jn,m1zm2m60,w20p05ok,xd05oj9q,2
k6qqkx6g,v18q90jn,m1zm2m60,7kjv54zk,None,10
k6qqkx6g,v18q90jn,m1zm2m60,wdmz0732,rw66y6w7,5
k6qqkx6g,v18q90jn,m1zm2m60,7dg8z7l2,xd05oj9q,1
k6qqkx6g,v18q90jn,m1zm2m60,mkeoe7nd,xd4o889m,7
k6qqkx6g,v18q90jn,m1zm2m60,7dg8z7l2,xd4o889m,3
k6qqkx6g,v18q90jn,pd0zv01e,jdrq175k,None,4
k6qqkx6g,v18q90jn,pd0ym36e,7dg83142,None,3
k6qqkx6g,v18q90jn,3699336l,mkeo8w9d,None,1
k6qqkx6g,v18q90jn,nd2gje10,n2yz91ko,None,22
k6qqkx6g,v18q90jn,pdvrw41w,wkp7mwkr,None,3
k6qqkx6g,v18q90jn,46wl771r,5dwj4gnk,None,6
k6qqkx6g,v18q90jn,pdvvmkdw,5dwjvqgk,None,6
k6qqkx6g,v18q90jn,nd2yxq10,xk9015xk,None,3
k6qqkx6g,v18q90jn,pd04r06e,zd3gyy2n,None,1
k6qqkx6g,v18q90jn,j1l8kv6g,jdrj4026,None,4
k6qqkx6g,v18q90jn,pd04mv6e,02qyzzdy,None,2
k6qqkx6g,v18q90jn,j1l7ojdg,wkp53vdr,None,108
k6qqkx6g,v18q90jn,y65o5e1e,xk94ryd0,None,3
k6qqkx6g,v18q90jn,m1zjnz60,q258582o,None,14
k6qqkx6g,v18q90jn,m1zjnz60,q258582o,None,5
k6qqkx6g,v18q90jn,4d7zjn67,zdn9lx2q,None,12
k6qqkx6g,v18q90jn,pd07r06e,rklyr8dn,None,19
k6qqkx6g,v18q90jn,9doe5k1p,824p93m2,None,5
k6qqkx6g,v18q90jn,9d3kjw1l,8244jn25,None,15
k6qqkx6g,v18q90jn,m1mml412,xd1plwd8,None,2
k6qqkx6g,v18q90jn,m1zq0210,wk6yepd1,None,17
k6qqkx6g,v18q90jn,9do43k6p,w20roz2n,None,15
k6qqkx6g,v18q90jn,j1l8re6g,xd10mrk8,None,20
k6qqkx6g,v18q90jn,3dx0jgdy,xd1xzrk8,None,4
k6qqkx6g,v18q90jn,3dx0jgdy,9d8wz7dn,None,6
k6qqkx6g,v18q90jn,m1mq53d2,9d8vn06k,None,6
k6qqkx6g,v18q90jn,yd4jpgde,xd1mqn7d,None,4
k6qqkx6g,v18q90jn,yd4vvgde,vdo0m31d,None,7
k6qqkx6g,v18q90jn,yd4vvgde,wkpjmv0k,None,3
k6qqkx6g,v18q90jn,4d795gn1,rkll6l6k,None,66
k6qqkx6g,v18q90jn,j1llwz1g,9d86ql2n,None,802
k6qqkx6g,v18q90jn,w6jv0e6j,rklml6dn,None,2
k6qqkx6g,v18q90jn,9d3qj01l,xd1m698d,None,44
k6qqkx6g,v18q90jn,pdvz4v6w,9kvmv3kg,None,160
k6qqkx6g,v18q90jn,ldezpnd3,ndxl9odq,None,6
k6qqkx6g,v18q90jn,v1ppk418,z27gnrg2,None,10
k6qqkx6g,v18q90jn,v1ppk418,xk90qryk,None,70
k6qqkx6g,v18q90jn,v1ppk418,xk90qryk,None,29
k6qqkx6g,v18q90jn,9j1l9v1g,jdzlng2v,None,8
k6qqkx6g,v18q90jn,y6547ged,xk9ee062,None,2
k6qqkx6g,v18q90jn,x369701l,wz27r0d0,None,11
k6qqkx6g,v18q90jn,9j1l9v1g,vdoxx1dp,29v7x39v,9
k6qqkx6g,v18q90jn,9j1l9v1g,vdoxx1dp,owo6mow6,9
k6qqkx6g,v18q90jn,9j1l9v1g,vdoxx1dp,xd12zewo,4
k6qqkx6g,v18q90jn,9j1l9v1g,vdoxx1dp,xd42z2wm,3
k6qqkx6g,v18q90jn,9j1l9v1g,wkp0002r,owo6mow6,6
k6qqkx6g,v18q90jn,9j1l9v1g,wkp0002r,29v7x39v,9
k6qqkx6g,v18q90jn,nd2ervd0,zdnr492q,None,19
k6qqkx6g,v18q90jn,nd2ervd0,zdnr492q,None,17
k6qqkx6g,v18q90jn,nd2ervd0,w20vyojk,None,11
k6qqkx6g,v18q90jn,nd2ervd0,w20vyojk,None,9
k6qqkx6g,v18q90jn,kyd4051e,7wk6vqd1,None,7
k6qqkx6g,v18q90jn,j1n8nx1p,vdo4j9o2,None,24
k6qqkx6g,v18q90jn,k6q9rm1g,n2yvge2o,nwl3vewv,3
k6qqkx6g,v18q90jn,k6q9rm1g,7kjg6gk3,nwl3vewv,3
k6qqkx6g,v18q90jn,4pdvjodw,gq25gydo,None,21
k6qqkx6g,v18q90jn,xldezxd3,p7kj1nk3,None,22
k6qqkx6g,v18q90jn,m1znn010,wk64mxd1,nwlpv09v,4
k6qqkx6g,v18q90jn,m1znn010,wk64mxd1,ywem7ydl,4
k6qqkx6g,v18q90jn,m1znn010,wk64mxd1,69znvl91,3
k6qqkx6g,v18q90jn,m1znn010,wk64mxd1,r9g1o592,4
k6qqkx6g,v18q90jn,jy65041e,l8241m25,None,45
k6qqkx6g,v18q90jn,pd05531e,7kjoxz23,None,3
k6qqkx6g,v18q90jn,nj1n99dp,lvdomy2p,None,33
k6qqkx6g,v18q90jn,n4d7pgd7,wz27o0d0,None,27
k6qqkx6g,v18q90jn,9d3379dl,824q4mk5,None,4
k6qqkx6g,v18q90jn,9d3379dl,9d8596dn,None,2
k6qqkx6g,v18q90jn,9d3379dl,xd1wp728,None,2
k6qqkx6g,v18q90jn,29d33gdl,jzd3x8dn,None,3
k6qqkx6g,v18q90jn,29d33gdl,nxd1v7d8,None,4
k6qqkx6g,v18q90jn,9dow9e1p,jdz89gdv,None,69
k6qqkx6g,v18q90jn,9dow9e1p,q25qqv2o,None,72
k6qqkx6g,v18q90jn,k6qj9xdg,zd35e8kn,None,3
k6qqkx6g,v18q90jn,4pdv2k6w,5dwg3zlk,None,8
k6qqkx6g,v18q90jn,4pdv2k6w,n2yglz82,None,5
k6qqkx6g,v18q90jn,j1lq7j6g,jdzvn3kv,None,20
k6qqkx6g,v18q90jn,j1lq7j6g,02qlrjky,None,13
k6qqkx6g,v18q90jn,3dxy7p6y,mkelvxd6,None,6
k6qqkx6g,v18q90jn,9doxp7dp,02qmmydy,None,21
k6qqkx6g,v18q90jn,76r3q468,jdz9wg2v,None,96
k6qqkx6g,v18q90jn,9doxp7dp,824jjw25,None,11
k6qqkx6g,v18q90jn,9doxp7dp,9d8eo7dn,None,99
k6qqkx6g,v18q90jn,9doxp7dp,jdz66g2v,None,28
k6qqkx6g,v18q90jn,yd4rnw1e,wdmv9xdq,None,15
k6qqkx6g,v18q90jn,yd4rnw1e,vdoxz1dp,None,6
k6qqkx6g,v18q90jn,yd4rnw1e,wkp0902r,None,5
k6qqkx6g,v18q90jn,yd4rnw1e,7dg0xxk4,None,8
k6qqkx6g,v18q90jn,m1me44d2,xd141rd8,None,21
k6qqkx6g,v18q90jn,m1me44d2,zd3ovydn,None,6
k6qqkx6g,v18q90jn,m1me44d2,9kv6qj2g,None,5
k6qqkx6g,v18q90jn,9d3rnedl,jdrxe5d6,None,32
k6qqkx6g,v18q90jn,x369701l,9zdn0e2q,None,3
k6qqkx6g,v18q90jn,pdvggkdw,zdnn6xdq,None,3
k6qqkx6g,v18q90jn,3dx8n41y,z27g6g52,None,15
k6qqkx6g,v18q90jn,x369701l,5dw66n2g,rdnz8qdm,5
k6qqkx6g,v18q90jn,x369701l,wk6eer21,gdrxl6dz,5
k6qqkx6g,v18q90jn,x369701l,wk6eer21,rdnz8qdm,4
k6qqkx6g,v18q90jn,x369701l,5dw66n2g,gdrxl6dz,5
k6qqkx6g,v18q90jn,x369701l,5dw66n2g,ldyg6kd3,5
k6qqkx6g,v18q90jn,j1l77jdg,z27mno20,None,2
k6qqkx6g,v18q90jn,x369701l,wk6eer21,ldyg6kd3,5
k6qqkx6g,v18q90jn,946w971r,xw20g8kn,None,6
k6qqkx6g,v18q90jn,xkdkjq1m,l9kv7okg,None,11
k6qqkx6g,v18q90jn,j1l77jdg,xk9pqgd0,None,5
k6qqkx6g,v18q90jn,576rp418,vdo3yx1d,None,155
k6qqkx6g,v18q90jn,yo1yq2dq,l9kvoo2g,None,11
k6qqkx6g,v18q90jn,y6547ged,xk9ee062,None,1
k6qqkx6g,v18q90jn,v1pxjz68,n2y3r8do,None,1275
k6qqkx6g,v18q90jn,k6qpgzdg,xd1ejx42,None,9
k6qqkx6g,v18q90jn,y654o4de,n2yqp1zk,rw6qy26d,1
k6qqkx6g,v18q90jn,y654o4de,n2yqp1zk,z98rlp1d,3
k6qqkx6g,v18q90jn,y654o4de,n2yqp1zk,xd0kopj9,2
k6qqkx6g,v18q90jn,y654o4de,n2yqp1zk,n93q3krw,1
k6qqkx6g,v18q90jn,y654o4de,n2yqp1zk,rdnog36w,1
k6qqkx6g,v18q90jn,y654o4de,n2yqp1zk,ldy10q7d,3
k6qqkx6g,v18q90jn,y654o4de,n2yqp1zk,gdrp7nkw,4
k6qqkx6g,v18q90jn,kdkqoedm,zdnln92q,None,5
k6qqkx6g,v18q90jn,4pd02v1e,z2714042,xd0qyx9q,5
k6qqkx6g,v18q90jn,4pd02v1e,z2714042,xd0qyx9q,5
k6qqkx6g,v18q90jn,4pd02v1e,z2714042,rw6oxrw7,8
k6qqkx6g,v18q90jn,4pd02v1e,z2714042,rw6oxrw7,7
k6qqkx6g,v18q90jn,4pd02v1e,z2714042,n934end0,4
k6qqkx6g,v18q90jn,4pd02v1e,z2714042,z987qgwl,5
k6qqkx6g,v18q90jn,46w34q1r,xd1e6828,None,35
k6qqkx6g,v18q90jn,369xk26l,wdmq36e2,ewpp51lw,4
k6qqkx6g,v18q90jn,369xk26l,vdo4lx62,ewpp51lw,4
k6qqkx6g,v18q90jn,369xk26l,7dggj0gd,ewpp51lw,4
k6qqkx6g,v18q90jn,369xk26l,wkpyx0jk,ewpp51lw,4
k6qqkx6g,v18q90jn,369xk26l,mke56ljk,ewpp51lw,2
k6qqkx6g,v18q90jn,369xk26l,5dwpw65k,ewpp51lw,2
k6qqkx6g,v18q90jn,kdkjvl1m,wkpgzgkr,None,8
k6qqkx6g,v18q90jn,xkdk4g1m,5dw8r40d,None,157
k6qqkx6g,v18q90jn,j1nemwy1,q257z9vd,None,4
k6qqkx6g,v18q90jn,268epmk6,rklqp962,None,4
k6qqkx6g,v18q90jn,m1mw84d2,rklxnzqk,None,7
k6qqkx6g,v18q90jn,j1n99edp,wkpgxgkr,None,1
k6qqkx6g,v18q90jn,j1n99edp,vdoply2p,None,3
k6qqkx6g,v18q90jn,m1mw84d2,rklxnzqk,None,4
k6qqkx6g,v18q90jn,kdkqoedm,q25exv2o,None,4
k6qqkx6g,v18q90jn,qw6jv76j,pmkeq8k6,None,32
k6qqkx6g,v18q90jn,4pd02v1e,z2714042,z987qgwl,8
k6qqkx6g,v18q90jn,x369n2dl,w20zq5dn,None,19
k6qqkx6g,v18q90jn,yd48w56e,jdrp8mg2,None,378
k6qqkx6g,v18q90jn,o1y4r41q,jdz3zmg2,None,16
k6qqkx6g,v18q90jn,3dxz7p1y,wkp54wdr,None,194
k6qqkx6g,v18q90jn,3dxz7p1y,zd3rmydn,None,26
k6qqkx6g,v18q90jn,m1zjnz60,7kjo4n23,None,6
k6qqkx6g,v18q90jn,yo1yq2dq,gjdrj026,None,7
k6qqkx6g,v18q90jn,ok6qlo1g,wdmze42q,None,79
k6qqkx6g,v18q90jn,xkdk4g1m,02qgyzdy,None,73
k6qqkx6g,v18q90jn,ok6qlo1g,mkeon9d6,None,20
k6qqkx6g,v18q90jn,m1m3pp62,mke88xk6,None,26
k6qqkx6g,v18q90jn,m1m3pp62,7dg33xk4,None,5
k6qqkx6g,v18q90jn,j1n9pldp,5dwqzedg,None,4
k6qqkx6g,v18q90jn,m1m3pp62,5dwvvnkg,None,15
k6qqkx6g,v18q90jn,y654o4de,n2yqp1zk,nwlge5g9,2
k6qqkx6g,v18q90jn,vo6gr5d2,l9kv332g,None,68
k6qqkx6g,v18q90jn,vo6gr5d2,prklm8dn,None,21
k6qqkx6g,v18q90jn,576r7q18,7wkpwjdr,None,63
k6qqkx6g,v18q90jn,9j1lze6g,zjdzxr2v,None,68
k6qqkx6g,v18q90jn,vo6gr5d2,lvdog92p,ywe25qwl,7
k6qqkx6g,v18q90jn,vo6gr5d2,lvdog92p,jxd10z9o,6
k6qqkx6g,v18q90jn,vo6gr5d2,lvdog92p,lewppywn,6
k6qqkx6g,v18q90jn,vo6gr5d2,lvdog92p,3y9mezd5,11
k6qqkx6g,v18q90jn,vo6gr5d2,lvdog92p,q5wk2vw4,10
k6qqkx6g,v18q90jn,vo6gr5d2,lvdog92p,p592j7w6,11
k6qqkx6g,v18q90jn,vo6gr5d2,lvdog92p,329vyq9v,9
k6qqkx6g,v18q90jn,vo6gr5d2,lvdog92p,8xd46q9m,9
k6qqkx6g,v18q90jn,vo6gr5d2,lvdog92p,7xd00mdq,10
k6qqkx6g,v18q90jn,vo6gr5d2,lvdog92p,4rw6vp97,10
k6qqkx6g,v18q90jn,vo6gr5d2,lvdog92p,kn93g2d0,10
k6qqkx6g,v18q90jn,vo6gr5d2,lvdog92p,oz988r9l,7
k6qqkx6g,v18q90jn,vo6gr5d2,lvdog92p,krdnp59m,8
k6qqkx6g,v18q90jn,vo6gr5d2,lvdog92p,zldyppd3,11
k6qqkx6g,v18q90jn,vo6gr5d2,lvdog92p,jgdrqe9z,11
k6qqkx6g,v18q90jn,vo6gr5d2,lvdog92p,3nwl7o9v,9
k6qqkx6g,v18q90jn,vo6gr5d2,lvdog92p,8ywe8lwl,9
k6qqkx6g,v18q90jn,vo6gr5d2,lvdog92p,369z4xw1,9
k6qqkx6g,v18q90jn,vo6gr5d2,lvdog92p,pr9g3jw2,10
k6qqkx6g,v18q90jn,o1y9wo6q,wkpoo02r,None,498
k6qqkx6g,v18q90jn,o1y7kv1q,9kvxw502,None,40
k6qqkx6g,v18q90jn,9d3qj01l,zd3ypnn2,None,9
k6qqkx6g,v18q90jn,m1zjnz60,q25xwyko,None,36
k6qqkx6g,v18q90jn,m1zjnz60,z27my020,None,16
k6qqkx6g,v18q90jn,m1zjnz60,q25xwyko,None,11
k6qqkx6g,v18q90jn,4d7ojr17,rklgxwqd,r9gyv829,3
k6qqkx6g,v18q90jn,4d7ojr17,rklgxwqd,5920xp6d,1
k6qqkx6g,v18q90jn,4d7ojr17,rklgxwqd,o9x1p07d,3
k6qqkx6g,v18q90jn,x369701l,nxd15w28,None,7
k6qqkx6g,v18q90jn,o6g8z912,q25oemvk,rw6q46gd,17
k6qqkx6g,v18q90jn,o6g8z912,q25oemvk,n93q7jzw,11
k6qqkx6g,xk3y5l98,m1mn0ypd,n2yrg78d,xd1q825w,1
k6qqkx6g,xk3y5l98,m1mn0ypd,n2yrg78d,5d7rjjv9,1
k6qqkx6g,xk3y5l98,m1mn0ypd,n2yrg78d,ewp60xjd,1
k6qqkx6g,xk3y5l98,v1px7r76,zd35w6vk,None,10
k6qqkx6g,xk3y5l98,m1mn0ypd,w20exp8d,None,2
k6qqkx6g,xk3y5l98,m1mn0ypd,ndxr47rd,None,2
k6qqkx6g,xk3y5l98,v1pxvez6,zd35p7ek,None,1
k6qqkx6g,xk3y5l98,n4d72367,jdrpvg26,None,15
k6qqkx6g,xk3y5l98,v1px7r76,zd35w6vk,None,7
k6qqkx6g,xk3y5l98,k6qqkx6g,rklgq3rd,None,3
k6qqkx6g,xk3y5l98,268xm51p,q25glvyd,None,8
k6qqkx6g,5j5on2qx,3dxkj5p1,jdrronld,None,10
k6qqkx6g,5j5on2qx,3dxkj5p1,jdrronld,None,10
k6qqkx6g,5j5on2qx,w6j5e41j,xd133xzk,None,9
k6qqkx6g,5j5on2qx,k6qqkx6g,rklgq3rd,None,14
k6qqkx6g,5j5on2qx,4d732n17,wdmxve4k,y9mr37xw,30
k6qqkx6g,5j5on2qx,w6j5e41j,xd133xzk,None,25
k6qqkx6g,5j5on2qx,w6j5e41j,xd133xzk,None,24
k6qqkx6g,mkj9nw84,576rje18,7wkp1gkr,None,53
k6qqkx6g,mkj9nw84,yd4wxw6e,q254358d,None,1
k6qqkx6g,mkj9nw84,yd4wxw6e,ndx8rork,None,4
k6qqkx6g,mkj9nw84,4pd02v1e,xn2yozdo,None,71
k6qqkx6g,mkj9nw84,576rje18,lvdo8ykp,None,31
k6qqkx6g,mkj9nw84,y6547ged,7kj88v4d,None,6
k6qqkx6g,mkj9nw84,576rje18,xd1mwy4d,None,22
k6qqkx6g,mkj9nw84,ldep5j13,02qj76jd,None,2
k6qqkx6g,mkj9nw84,j1lj5vdg,jdz3g9v2,None,30
k6qqkx6g,mkj9nw84,j1lj5vdg,9d8pmlwk,None,6
k6qqkx6g,mkj9nw84,y65re01e,zd3ojydn,None,43
k6qqkx6g,mkj9nw84,46w9xn1r,mke89jk6,None,11
k6qqkx6g,mkj9nw84,576rje18,9kvxrv82,None,52
k6qqkx6g,mkj9nw84,pd0rr3de,zd3yo9r2,ewppzp4w,5
k6qqkx6g,mkj9nw84,pd0rr3de,zd3yo9r2,ldye5e7w,2
k6qqkx6g,mkj9nw84,v1poq468,mkezzxk6,None,90
k6qqkx6g,mkj9nw84,lderje63,9d8p1wwk,None,5
k6qqkx6g,mkj9nw84,kdke4edm,jdzywvkv,None,8
k6qqkx6g,mkj9nw84,yo1yq2dq,nxd1l7k8,None,15
k6qqkx6g,mkj9nw84,3dxp8g6y,824p0zg2,None,3
k6qqkx6g,mkj9nw84,3dxp8g6y,9d8v3z3k,None,7
k6qqkx6g,mkj9nw84,pdv7g9dw,824xwpmd,None,5
k6qqkx6g,mkj9nw84,4d7l8r17,zdnq1m7d,None,2
k6qqkx6g,mkj9nw84,kdkpgx1m,5dwp8jgk,None,3
k6qqkx6g,mkj9nw84,j1l2446g,824xqpnd,None,4
k6qqkx6g,mkj9nw84,pdvz4v6w,9kvmv3kg,None,304
k6qqkx6g,mkj9nw84,j1l2446g,9d8p5vlk,None,4
k6qqkx6g,mkj9nw84,k6qqkx6g,rklgq3rd,None,11
k6qqkx6g,mkj9nw84,9d3lrydl,q25o758k,None,7
k6qqkx6g,mkj9nw84,m1zn4310,jdr680d6,None,5
k6qqkx6g,mkj9nw84,4d74xld7,5dwpyynk,5d7ykoed,4
k6qqkx6g,mkj9nw84,4d74xld7,5dwpyynk,rdqz2xgd,5
k6qqkx6g,mkj9nw84,4d74xld7,5dwpyynk,r9gy0v29,9
k6qqkx6g,mkj9nw84,4d74xld7,5dwpyynk,495ko749,6
k6qqkx6g,mkj9nw84,j1lj5vdg,wdmznex2,None,8
k6qqkx6g,mkj9nw84,576rje18,zd3y59v2,None,18
k6qqkx6g,mkj9nw84,4d74xld7,vdo9j1dp,None,15
k6qqkx6g,mkj9nw84,lderje63,824x5oed,None,5
k6qqkx6g,mkj9nw84,4d74xld7,5dwpyynk,xd1jo25d,9
k6qqkx6g,mkj9nw84,4d74xld7,5dwpyynk,ywe2k64w,5
k6qqkx6g,mkj9nw84,29d3w01l,w9d846kn,None,83
k6qqkx6g,mkj9nw84,yo1yq2dq,nxd1l7k8,None,33
k6qqkx6g,mkj9nw84,yo1yq2dq,l9kvoo2g,None,11
k6qqkx6g,mkj9nw84,9j1l9v1g,vdoxx1dp,29v7x39v,6
k6qqkx6g,mkj9nw84,9j1l9v1g,wkp0002r,xd42z2wm,4
k6qqkx6g,mkj9nw84,yo1yq2dq,gjdrj026,None,7
k6qqkx6g,mkj9nw84,9j1l9v1g,vdoxx1dp,xd12zewo,5
k6qqkx6g,mkj9nw84,9j1l9v1g,vdoxx1dp,xd42z2wm,2
k6qqkx6g,8lp2l0lj,k6qqkx6g,rklgq3rd,None,19
