original_game_id,user_id,game_id,category_id,level_id,position
o6gnkro1,o86r2r38,w6j75n46,xk9969yk,None,1
o6gnkro1,o86r2r38,w6j75n46,7kj7ylxk,None,1
o6gnkro1,o86r2r38,4d7nmv36,5dwx14l2,None,1
o6gnkro1,o86r2r38,4d7nmv36,mke7x962,None,1
o6gnkro1,o86r2r38,kdkm9gx1,7dg7n4ld,69zg854w,1
o6gnkro1,o86r2r38,kdkm9gx1,vdon8m9k,None,1
o6gnkro1,o86r2r38,kdkm9gx1,7dg7n4ld,yweeqy4w,1
o6gnkro1,o86r2r38,kdkm9gx1,7dg7n4ld,nwlj25g9,1
o6gnkro1,o86r2r38,kdkm9gx1,7dg7n4ld,r9gg7l29,1
o6gnkro1,o86r2r38,kdkm9gx1,7dg7n4ld,o9xexg7w,1
o6gnkro1,o86r2r38,j1lqxwe6,jdzo03g2,None,1
o6gnkro1,o86r2r38,w6j75oe6,wkpre0w2,None,1
o6gnkro1,o86r2r38,w6j75oe6,wdm7ovod,None,1
o6gnkro1,o86r2r38,9d38j5y1,w205y9vd,None,1
o6gnkro1,o86r2r38,pdv2n5k6,w20ngz8d,None,1
o6gnkro1,o86r2r38,m1zwqm10,z2791z5d,rdn145q9,1
o6gnkro1,o86r2r38,m1zwqm10,z2791z5d,ldyzlekw,1
o6gnkro1,o86r2r38,m1zwqm10,z2791z5d,gdr36j6d,1
o6gnkro1,o86r2r38,m1zwqm10,vdo4qmy2,None,1
o6gnkro1,o86r2r38,k6qw20z6,zdnzvn9d,None,1
o6gnkro1,o86r2r38,o1yjw3o1,xk95olv2,None,1
o6gnkro1,o86r2r38,nd2ennqd,9d8g8n6k,None,1
o6gnkro1,o86r2r38,o6gnkro1,jdze10gd,None,1
o6gnkro1,o86r2r38,pdvz20o6,wkpog502,None,1
o6gnkro1,o86r2r38,m1z5vz10,ndxzm5kq,None,1
o6gnkro1,o86r2r38,pdvz7pv6,02q38w7k,None,1
o6gnkro1,o86r2r38,9d3rn99d,7kj66pn2,None,1
o6gnkro1,o86r2r38,9d3rn99d,xk9vvg4d,None,1
o6gnkro1,o86r2r38,9d38pv01,n2yrlezd,None,1
o6gnkro1,o86r2r38,y655jp46,ndx0461d,None,2
o6gnkro1,o86r2r38,y655jp46,wdm763xd,None,2
o6gnkro1,o86r2r38,y655jp46,w20537vd,None,2
o6gnkro1,o86r2r38,76r30wq6,jdr8o1gk,None,1
o6gnkro1,o86r2r38,268ey396,7dg0j64k,None,1
o6gnkro1,o86r2r38,268ey396,mkel649d,None,1
o6gnkro1,o86r2r38,36984x0d,02qeevj2,None,1
o6gnkro1,o86r2r38,j1nnve1p,xd1morwd,None,1
o6gnkro1,o86r2r38,j1nnve1p,9d8v8plk,None,1
o6gnkro1,o86r2r38,j1nnve1p,824pexn2,None,1
o6gnkro1,o86r2r38,46w22en6,rkl9my8k,None,2
o6gnkro1,o86r2r38,y654e28d,7dgn5eg2,None,1
o6gnkro1,o86r2r38,j1nnve1p,zd3y40r2,None,1
o6gnkro1,o86r2r38,9d3897e1,xk95oqg2,None,1
o6gnkro1,o86r2r38,9d3897e1,xk95oqg2,None,1
o6gnkro1,o86r2r38,3dx8851y,ndxj8p12,None,1
o6gnkro1,o86r2r38,3dxkp751,7kj75l4k,None,1
o6gnkro1,o86r2r38,nd28xmed,7kjlemz2,None,1
o6gnkro1,o86r2r38,4d7nj2g6,zdn7099k,gdr3oeld,1
o6gnkro1,o86r2r38,4d7nj2g6,zdn7099k,nwljzle9,1
o6gnkro1,o86r2r38,4d7nj2g6,zdn7099k,ywee317w,1
o6gnkro1,o86r2r38,4d7nj2g6,zdn7099k,69zg63gw,1
o6gnkro1,o86r2r38,v1pxq0z6,xd1q6l82,None,1
o6gnkro1,o86r2r38,v1pxq0z6,8249yg3d,None,1
o6gnkro1,o86r2r38,yd4kyzk6,rklzvmw2,None,1
o6gnkro1,o86r2r38,j1n8zr91,wkpn070d,None,1
o6gnkro1,o86r2r38,j1n8zr91,7dgy0qxd,None,1
o6gnkro1,o86r2r38,pd0qmo01,7kjle842,None,1
o6gnkro1,o86r2r38,pd0qmo01,zdnojl92,r9go5v2w,1
o6gnkro1,o86r2r38,pd0qmo01,zdnojl92,o9xvqp7d,1
o6gnkro1,o86r2r38,pd0qmo01,zdnojl92,5d705oe9,1
o6gnkro1,o86r2r38,pd0qmo01,zdnojl92,4950g74d,1
o6gnkro1,o86r2r38,pd0qmo01,zdnojl92,rdqvrxg9,1
o6gnkro1,o86r2r38,pd0qmo01,xk954e62,None,1
o6gnkro1,o86r2r38,pd0qmo01,q255nev2,r9go5v2w,1
o6gnkro1,o86r2r38,pd0qmo01,q255nev2,o9xvqp7d,1
o6gnkro1,o86r2r38,pd0qmo01,q255nev2,5d705oe9,1
o6gnkro1,o86r2r38,pd0qmo01,q255nev2,4950g74d,1
o6gnkro1,o86r2r38,pd0qmo01,q255nev2,rdqvrxg9,1
o6gnkro1,o86r2r38,ldejorj1,n2ym4oe2,None,1
o6gnkro1,o86r2r38,ldejorj1,7dg7zqld,None,2
o6gnkro1,o86r2r38,yd4kyzk6,jdzrq7r2,None,1
o6gnkro1,o86r2r38,j1n8zr91,mkeylnx2,None,1
o6gnkro1,o86r2r38,j1n8zr91,wk63e9rk,None,1
o6gnkro1,o86r2r38,j1n8zr91,wk63e9rk,None,1
o6gnkro1,o86r2r38,j1n8zr91,wkpn070d,None,1
o6gnkro1,o86r2r38,j1n8zr91,wkpn070d,None,1
o6gnkro1,o86r2r38,j1n8zr91,7dgy0qxd,None,1
o6gnkro1,o86r2r38,j1n8zr91,7dgy0qxd,None,1
o6gnkro1,o86r2r38,v1pxwo46,824q05wk,None,1
o6gnkro1,o86r2r38,pdv29546,zd3vgpv2,None,1
o6gnkro1,o86r2r38,3dxkmev1,wdmmx4od,None,1
o6gnkro1,o86r2r38,yd4k5kx6,8248o5ek,None,1
o6gnkro1,o86r2r38,76r2g4d8,02qgzxzd,None,1
o6gnkro1,o86r2r38,y655e386,q2551ov2,None,1
o6gnkro1,o86r2r38,y655e386,jdrwnq5k,None,1
o6gnkro1,o86r2r38,j1ne53x1,w20x70o2,None,1
o6gnkro1,o86r2r38,76r3nyl6,ndxrwzod,None,1
o6gnkro1,o86r2r38,9do87qe1,xd1wvgw2,None,1
o6gnkro1,o86r2r38,m1zkw821,ndxrx35d,None,2
o6gnkro1,o86r2r38,76rxlmq6,xd17zlzd,None,1
o6gnkro1,o86r2r38,v1px0576,7kjljwx2,None,1
o6gnkro1,o86r2r38,v1pxwr76,9d85533d,None,2
o6gnkro1,o86r2r38,v1pxwr76,zd355xvk,None,2
o6gnkro1,o86r2r38,v1pxwr76,xd1wwv42,None,1
o6gnkro1,o86r2r38,v1poegp6,9d8x40w2,None,2
o6gnkro1,o86r2r38,v1poegp6,9d8x40w2,None,1
o6gnkro1,o86r2r38,v1poegp6,9d8x40w2,None,1
o6gnkro1,o86r2r38,kdkz3o2d,8246mv3d,None,1
o6gnkro1,o86r2r38,v1pxwr76,9kvrr982,None,1
o6gnkro1,o86r2r38,v1px0576,xk95omy2,None,1
o6gnkro1,o86r2r38,kdkmpox1,wdmmpned,None,2
o6gnkro1,o86r2r38,pdvzxj46,zd3o5erd,None,1
o6gnkro1,o86r2r38,v1pow576,9d84xqqk,None,1
o6gnkro1,o86r2r38,76r3rrv6,n2yrvped,None,1
o6gnkro1,o86r2r38,k6qw08m6,zd3530ek,None,1
o6gnkro1,o86r2r38,k6qw08m6,vdopxg62,None,1
o6gnkro1,o86r2r38,k6qw08m6,9kvr4pe2,None,1
o6gnkro1,o86r2r38,nd2mne10,wdm4p1xd,5d73n269,1
o6gnkro1,o86r2r38,nd2mne10,wdm4p1xd,kwjexv79,1
o6gnkro1,o86r2r38,nd2mne10,wdm4p1xd,owo2o3kd,1
o6gnkro1,o86r2r38,nd2mne10,wdm4p1xd,xd15k45w,1
o6gnkro1,o86r2r38,nd2mne10,wdm4p1xd,ewpq18j9,1
o6gnkro1,o86r2r38,nd2mne10,wdm4p1xd,y9mp72x9,1
o6gnkro1,o86r2r38,nd2mne10,wdm4p1xd,5wkr5qp9,1
o6gnkro1,o86r2r38,nd2mne10,wdm4p1xd,592o243d,1
o6gnkro1,o86r2r38,nd2mne10,wdm4p1xd,29vk4zld,1
o6gnkro1,o86r2r38,nd2mne10,wdm4p1xd,xd434kr9,1
o6gnkro1,o86r2r38,nd2mne10,wdm4p1xd,xd07m44w,1
o6gnkro1,o86r2r38,nd2mne10,wdm4p1xd,rw6n8mgd,1
o6gnkro1,o86r2r38,nd2mne10,wdm4p1xd,n93gvmzd,1
o6gnkro1,o86r2r38,nd2mne10,wdm4p1xd,z988ymp9,1
o6gnkro1,o86r2r38,nd2mne10,wdm4p1xd,rdnp6q79,1
o6gnkro1,o86r2r38,nd2mne10,wdm4p1xd,ldypn3rd,1
o6gnkro1,o86r2r38,nd2mne10,wdm4p1xd,n93gvmed,1
o6gnkro1,o86r2r38,nd2mne10,wdm4p1xd,z988yml9,1
o6gnkro1,o86r2r38,nd2mne10,wdm4p1xd,rdnp6qv9,1
o6gnkro1,o86r2r38,nd2mne10,wdm4p1xd,ldypn3zd,1
o6gnkro1,o86r2r38,nd2mne10,wdm4p1xd,gdrqmyz9,1
o6gnkro1,o86r2r38,nd2mne10,wdm4p1xd,ldyvvxrd,1
o6gnkro1,o86r2r38,nd2mne10,wdm4p1xd,5d73n269,1
o6gnkro1,o86r2r38,nd2mne10,wdm4p1xd,kwjexv79,1
o6gnkro1,o86r2r38,nd2mne10,wdm4p1xd,owo2o3kd,1
o6gnkro1,o86r2r38,nd2mne10,wdm4p1xd,xd15k45w,1
o6gnkro1,o86r2r38,nd2mne10,wdm4p1xd,ewpq18j9,1
o6gnkro1,o86r2r38,nd2mne10,wdm4p1xd,y9mp72x9,1
o6gnkro1,o86r2r38,nd2mne10,wdm4p1xd,5wkr5qp9,1
o6gnkro1,o86r2r38,nd2mne10,wdm4p1xd,592o243d,1
o6gnkro1,o86r2r38,nd2mne10,wdm4p1xd,29vk4zld,1
o6gnkro1,o86r2r38,nd2mne10,wdm4p1xd,xd434kr9,1
o6gnkro1,o86r2r38,nd2mne10,wdm4p1xd,xd07m44w,1
o6gnkro1,o86r2r38,nd2mne10,wdm4p1xd,rw6n8mgd,1
o6gnkro1,o86r2r38,nd2mne10,wdm4p1xd,n93gvmzd,1
o6gnkro1,o86r2r38,nd2mne10,wdm4p1xd,z988ymp9,1
o6gnkro1,o86r2r38,nd2mne10,wdm4p1xd,rdnp6q79,1
o6gnkro1,o86r2r38,nd2mne10,wdm4p1xd,ldypn3rd,1
o6gnkro1,o86r2r38,nd2mne10,wdm4p1xd,n93gvmed,1
o6gnkro1,o86r2r38,nd2mne10,wdm4p1xd,z988yml9,1
o6gnkro1,o86r2r38,nd2mne10,wdm4p1xd,rdnp6qv9,1
o6gnkro1,o86r2r38,nd2mne10,wdm4p1xd,ldypn3zd,1
o6gnkro1,o86r2r38,nd2mne10,wdm4p1xd,gdrqmyz9,1
o6gnkro1,o86r2r38,nd2mne10,wdm4p1xd,ldyvvxrd,1
o6gnkro1,o86r2r38,o1yj72o1,rkl0r8wk,xd48z6qw,1
o6gnkro1,o86r2r38,nd2mne10,wdm4p1xd,5d73n269,1
o6gnkro1,o86r2r38,nd2mne10,wdm4p1xd,kwjexv79,1
o6gnkro1,o86r2r38,nd2mne10,wdm4p1xd,owo2o3kd,1
o6gnkro1,o86r2r38,nd2mne10,wdm4p1xd,xd15k45w,1
o6gnkro1,o86r2r38,nd2mne10,wdm4p1xd,xd15k45w,1
o6gnkro1,o86r2r38,nd2mne10,wdm4p1xd,ewpq18j9,1
o6gnkro1,o86r2r38,nd2mne10,wdm4p1xd,y9mp72x9,1
o6gnkro1,o86r2r38,nd2mne10,wdm4p1xd,5wkr5qp9,1
o6gnkro1,o86r2r38,nd2mne10,wdm4p1xd,592o243d,1
o6gnkro1,o86r2r38,nd2mne10,wdm4p1xd,29vk4zld,1
o6gnkro1,o86r2r38,nd2mne10,wdm4p1xd,xd434kr9,1
o6gnkro1,o86r2r38,nd2mne10,wdm4p1xd,xd07m44w,1
o6gnkro1,o86r2r38,nd2mne10,wdm4p1xd,rw6n8mgd,1
o6gnkro1,o86r2r38,nd2mne10,wdm4p1xd,n93gvmzd,1
o6gnkro1,o86r2r38,nd2mne10,wdm4p1xd,z988ymp9,1
o6gnkro1,o86r2r38,nd2mne10,wdm4p1xd,rdnp6q79,1
o6gnkro1,o86r2r38,nd2mne10,wdm4p1xd,ldypn3rd,1
o6gnkro1,o86r2r38,nd2mne10,wdm4p1xd,n93gvmed,1
o6gnkro1,o86r2r38,nd2mne10,wdm4p1xd,z988yml9,1
o6gnkro1,o86r2r38,nd2mne10,wdm4p1xd,rdnp6qv9,1
o6gnkro1,o86r2r38,nd2mne10,wdm4p1xd,ldypn3zd,1
o6gnkro1,o86r2r38,nd2mne10,wdm4p1xd,gdrqmyz9,1
o6gnkro1,o86r2r38,nd2mne10,wdm4p1xd,ldyvvxrd,1
o6gnkro1,o86r2r38,m1mnz7xd,xd1w8o72,None,2
o6gnkro1,o86r2r38,m1mnz7xd,zd35348k,None,2
o6gnkro1,o86r2r38,m1mnz7xd,9kvr43o2,None,2
o6gnkro1,o86r2r38,m1mnz7xd,9kvr43o2,None,2
o6gnkro1,o86r2r38,nd285led,5dwnxw5d,None,1
o6gnkro1,o86r2r38,3dxkqxv1,82483lwk,None,1
o6gnkro1,o86r2r38,m1mno5pd,n2yn5o1k,None,1
o6gnkro1,o86r2r38,o6gnnv51,rkl98jwk,None,1
o6gnkro1,o86r2r38,m1mnwp4d,n2yn0l8k,None,1
o6gnkro1,o86r2r38,m1mnwp4d,xk9x47yk,kwjjl7zw,1
o6gnkro1,o86r2r38,m1mnwp4d,xk9x47yk,owon17yd,1
o6gnkro1,o86r2r38,m1mnwp4d,xk9x47yk,xd1rej69,1
o6gnkro1,o86r2r38,m1mnwp4d,xk9x47yk,ewpym7zw,1
o6gnkro1,o86r2r38,m1mnwp4d,xk9x47yk,y9m3q51w,1
o6gnkro1,o86r2r38,m1mnwp4d,xk9x47yk,5wkozkq9,1
o6gnkro1,o86r2r38,9dow0x71,zdnnzoqd,None,1
o6gnkro1,o86r2r38,9dow0x71,7kjo88x2,None,1
o6gnkro1,o86r2r38,pdv2nvo6,7dgynv4d,xd4z6r8w,3
o6gnkro1,o86r2r38,pdv2nvo6,vdoy8eo2,None,4
o6gnkro1,o86r2r38,pdv2nvo6,7dgynv4d,xd1r08y9,3
o6gnkro1,o86r2r38,pdv2nvo6,7dgynv4d,y9m3e10w,3
o6gnkro1,o86r2r38,pdv2nvo6,7dgynv4d,592ljn6d,3
o6gnkro1,o86r2r38,pdv2nvo6,7dgynv4d,xd0y03jw,3
o6gnkro1,o86r2r38,pdv2nvo6,7dgynv4d,ewpyp04w,3
o6gnkro1,o86r2r38,pdv2nvo6,7dgynv4d,5wko21x9,3
o6gnkro1,o86r2r38,pdv2nvo6,7dgynv4d,29vxy5xw,3
o6gnkro1,o86r2r38,nd2mne10,5dwy380k,None,1
o6gnkro1,o86r2r38,nd2mne10,5dwy380k,None,1
o6gnkro1,o86r2r38,nd2mne10,5dwy380k,None,1
o6gnkro1,o86r2r38,268w57o6,jdrnxpxk,None,2
o6gnkro1,o86r2r38,268w57o6,jdzn85vd,None,2
o6gnkro1,o86r2r38,pdv27pv6,7dg11xpd,None,1
o6gnkro1,o86r2r38,9downwm1,vdom8my2,None,1
o6gnkro1,o86r2r38,4d7nox36,5dwq610d,None,1
o6gnkro1,o86r2r38,4d7nox36,wk6rewpk,None,1
o6gnkro1,o86r2r38,4d7nox36,n2yr9v1d,None,1
o6gnkro1,o86r2r38,4d7nox36,7kjl8gz2,None,1
o6gnkro1,o86r2r38,9d38qwy1,q255ejg2,None,1
o6gnkro1,o86r2r38,9d38qwy1,02qem492,None,1
o6gnkro1,o86r2r38,9d38qwy1,824qjnnk,None,1
o6gnkro1,o86r2r38,kdkmm5g1,w208oqvd,None,1
o6gnkro1,o86r2r38,o1yj72o1,rkl0r8wk,29vpxyq9,1
o6gnkro1,o86r2r38,o1yj72o1,rkl0r8wk,xd0oy0md,1
o6gnkro1,o86r2r38,o1yj72o1,rkl0r8wk,rw6yxvp9,1
o6gnkro1,o86r2r38,o1yj72o1,rkl0r8wk,z98lq8rd,1
o6gnkro1,o86r2r38,o1yj72o1,rkl0r8wk,n933eg29,1
o6gnkro1,o86r2r38,76r3vkq6,xk95l8v2,None,1
o6gnkro1,o86r2r38,76r3vkq6,824qp1ek,None,1
o6gnkro1,o86r2r38,76r3vkq6,jdrwpenk,None,1
o6gnkro1,o86r2r38,76r3vkq6,jdzr57r2,None,1
o6gnkro1,o86r2r38,76r3vkq6,02qejp72,None,1
o6gnkro1,o86r2r38,3dxkl3y1,z27vwvo2,None,1
o6gnkro1,o86r2r38,o1yj72o1,9d8538qd,None,1
o6gnkro1,o86r2r38,o1yj72o1,rkl0r8wk,ldy061p9,1
o6gnkro1,o86r2r38,o1yj72o1,rkl0r8wk,gdr7lpew,1
o6gnkro1,o86r2r38,o1yj72o1,rkl0r8wk,nwle1god,1
o6gnkro1,o86r2r38,o1yj72o1,rkl0r8wk,592plj7w,1
o6gnkro1,o86r2r38,j1lqjw46,vdop1mv2,None,1
o6gnkro1,o86r2r38,9do84me1,w20nwgod,None,1
o6gnkro1,o86r2r38,3dxkqn41,q251ypyd,None,1
o6gnkro1,o86r2r38,3dxkqn41,jdrnzygk,None,1
o6gnkro1,o86r2r38,3dxkqn41,jdznyx3d,None,1
o6gnkro1,o86r2r38,4d7n5wn6,zd35y6rk,None,1
o6gnkro1,o86r2r38,268w57o6,q251q48d,None,2
o6gnkro1,o86r2r38,268w57o6,zdny4qqk,None,2
o6gnkro1,o86r2r38,3dxkq941,w20nrgzd,None,1
o6gnkro1,o86r2r38,76r32856,w20e3v5d,None,2
o6gnkro1,o86r2r38,76r32856,z27514ok,None,2
o6gnkro1,o86r2r38,76r32856,wdmm6lod,None,1
o6gnkro1,o86r2r38,o6g9gnd2,7dgre9gk,None,1
o6gnkro1,o86r2r38,v1poegp6,9d8x40w2,None,1
o6gnkro1,o86r2r38,yd4o8kk1,xd17q8wd,None,1
o6gnkro1,o86r2r38,yd4o8kk1,zd37r3r2,None,1
o6gnkro1,o86r2r38,yd4o8kk1,9kvyl48k,None,1
o6gnkro1,o86r2r38,yd4o8kk1,zd37r3v2,None,1
o6gnkro1,o86r2r38,yd4o8kk1,xd17q84d,None,1
o6gnkro1,o86r2r38,yd4o8kk1,9kvyl43k,None,1
o6gnkro1,o86r2r38,yd4o8kk1,9d8gnmlk,None,1
o6gnkro1,o86r2r38,yd4kvxp6,wkpnerwd,None,1
o6gnkro1,o86r2r38,yd4kvxp6,rkln8lq2,rdqrm3kw,1
o6gnkro1,o86r2r38,yd4kvxp6,rkln8lq2,5d75jegw,1
o6gnkro1,o86r2r38,yd4kvxp6,rkln8lq2,kwjjk8nw,1
o6gnkro1,o86r2r38,yd4kvxp6,rkln8lq2,owonmeod,1
o6gnkro1,o86r2r38,yd4kvxp6,rkln8lq2,xd1rz3e9,1
o6gnkro1,o86r2r38,ldejz5e1,z27vjp42,None,1
o6gnkro1,o86r2r38,ldejz5e1,z27vjp42,None,1
o6gnkro1,o86r2r38,j1n89jx1,zdny9mnk,None,1
o6gnkro1,o86r2r38,268wzlo6,xk9x7yvk,None,1
o6gnkro1,o86r2r38,9do8j5e1,q25160jd,None,1
o6gnkro1,o86r2r38,268w2ro6,rkln71n2,None,3
o6gnkro1,o86r2r38,268w2ro6,9kvn4e8d,None,4
o6gnkro1,o86r2r38,nd28e9rd,wkp994j2,None,1
o6gnkro1,o86r2r38,nd28e9rd,7dgxxogk,None,1
o6gnkro1,o86r2r38,nd28e9rd,mkevv0j2,None,1
o6gnkro1,o86r2r38,nd28e9rd,5dw99l52,None,1
o6gnkro1,o86r2r38,nd28e9rd,wk6005ok,None,1
o6gnkro1,o86r2r38,nd28e9rd,wdm993ek,None,1
o6gnkro1,o86r2r38,nd28e9rd,vdozz96k,None,1
o6gnkro1,o86r2r38,nd28e9rd,w20887jd,None,1
o6gnkro1,o86r2r38,y652j46e,jdz3lz32,None,1
o6gnkro1,o86r2r38,yd49m51e,5dwypmgk,None,1
o6gnkro1,o86r2r38,9d38le01,q2511j8d,None,1
o6gnkro1,o86r2r38,j1llro71,ndx9lxvd,None,1
o6gnkro1,o86r2r38,pdvlqv1w,wdm4955d,None,1
o6gnkro1,o86r2r38,pdv20846,7kjgnwxk,None,1
o6gnkro1,o86r2r38,46w2l5l6,jdznn3gd,None,1
o6gnkro1,o86r2r38,76r3y7v6,vdoyy3y2,None,2
o6gnkro1,o86r2r38,w6jkle1j,zd3q1pek,None,1
o6gnkro1,o86r2r38,w6jkle1j,9kvxg602,None,1
o6gnkro1,o86r2r38,kdkmy4e1,wkpnr3gd,None,1
o6gnkro1,o86r2r38,kdkmy4e1,7dgy767d,None,1
o6gnkro1,o86r2r38,o1yj3yr1,n2ynm1mk,None,1
o6gnkro1,o86r2r38,o1yj3yr1,q2519owd,None,1
o6gnkro1,o86r2r38,o1yj3yr1,jdrn8q0k,None,1
o6gnkro1,o86r2r38,o1yj3yr1,9d8orxw2,None,1
o6gnkro1,o86r2r38,yd4ryw1e,824gnx32,None,1
o6gnkro1,o86r2r38,pd0qqk21,wkp5qjwd,None,1
o6gnkro1,o86r2r38,pd0qqk21,wkp5qjwd,None,1
o6gnkro1,o86r2r38,pd0qqk21,rkl5xoq2,None,1
o6gnkro1,o86r2r38,pd0qqk21,rkl5xoq2,None,1
o6gnkro1,o86r2r38,pd0qqk21,rkl5xoq2,None,1
o6gnkro1,o86r2r38,pd0qqk21,rkl5xoq2,None,1
o6gnkro1,o86r2r38,pd0qqk21,rkl5xoq2,None,1
o6gnkro1,o86r2r38,pd0qqk21,n2yez17k,None,1
o6gnkro1,o86r2r38,pd0qqk21,n2yez17k,None,1
o6gnkro1,o86r2r38,o1yjnyv1,mkeym762,None,2
o6gnkro1,o86r2r38,w6jkle1j,9kvxg602,None,1
o6gnkro1,o86r2r38,9d3r83gd,zdn4y17k,None,1
o6gnkro1,o86r2r38,w6jkle1j,zd3q1pek,None,1
o6gnkro1,o86r2r38,9d3r83gd,zdn4y17k,None,1
o6gnkro1,o86r2r38,yd4ryw1e,9d8ee7dn,None,1
o6gnkro1,o86r2r38,j1ll7371,xd17r5wd,None,1
o6gnkro1,o86r2r38,j1ll7371,zd370qr2,None,1
o6gnkro1,o86r2r38,j1ll7371,9kvypn3k,None,1
o6gnkro1,o86r2r38,j1ll7371,9d8gplwk,None,1
o6gnkro1,o86r2r38,j1ll7371,xd17r5zd,None,1
o6gnkro1,o86r2r38,j1ll7371,7kjqv9zd,None,1
o6gnkro1,o86r2r38,j1ll7371,xk9n0xg2,None,1
o6gnkro1,o86r2r38,j1ll7371,5dw8jn0d,None,2
o6gnkro1,o86r2r38,j1ll7371,n2y3qn1d,None,1
o6gnkro1,o86r2r38,j1ll7371,wk6op3pk,None,1
o6gnkro1,o86r2r38,76r3jrq6,zdnzo3xd,None,1
o6gnkro1,o86r2r38,76r3jrq6,zdnyzzqk,None,1
o6gnkro1,o86r2r38,76r3jrq6,q251jj8d,None,1
o6gnkro1,o86r2r38,76r3yx46,xd151qw2,None,3
o6gnkro1,o86r2r38,76r3yx46,8248l9nk,None,1
o6gnkro1,o86r2r38,76r3yx46,8248l9nk,None,3
o6gnkro1,o86r2r38,76r3yx46,9d8lonl2,None,3
o6gnkro1,o86r2r38,76r3yx46,9d8lonl2,None,1
o6gnkro1,o86r2r38,76r3yx46,xd151qw2,None,1
o6gnkro1,o86r2r38,46w2l336,q251x9gd,None,1
o6gnkro1,o86r2r38,46w2l336,jdrn98lk,None,1
o6gnkro1,o86r2r38,46w2l336,jdzneo6d,None,1
o6gnkro1,o86r2r38,j1n8z5w1,wkpn9ygd,None,3
o6gnkro1,o86r2r38,j1n8z291,w20ng8od,None,2
o6gnkro1,o86r2r38,o6gnr8o1,zd3qw7vk,None,1
o6gnkro1,o86r2r38,o1yjomr1,7kj98zn2,None,1
o6gnkro1,o86r2r38,ldej0nx1,xd15g742,None,1
o6gnkro1,o86r2r38,46w2eel6,n2yno4zk,None,1
o6gnkro1,o86r2r38,46w2eel6,7kj935n2,None,1
o6gnkro1,o86r2r38,pdv2nl96,02qrm67k,None,1
o6gnkro1,o86r2r38,o6gnrr81,wkpnm80d,None,1
o6gnkro1,o86r2r38,k6qwzqz6,rklnrqn2,None,1
o6gnkro1,o86r2r38,pdv22qr6,ndxeq9jk,None,5
o6gnkro1,o86r2r38,m1zkml01,zd3qwl8k,None,1
o6gnkro1,o86r2r38,m1zkml01,9kvnojod,None,1
o6gnkro1,o86r2r38,m1zkml01,xd15g372,None,1
o6gnkro1,o86r2r38,kdkmr2q1,rklnl982,None,1
o6gnkro1,o86r2r38,kdkmr2q1,9kvnoq3d,None,1
o6gnkro1,o86r2r38,4d7nk0g6,9kvqo63d,None,1
o6gnkro1,o86r2r38,pd0q2jw1,824n9znk,None,3
o6gnkro1,o86r2r38,o1yvkk1q,ndxp5zo2,None,1
o6gnkro1,o86r2r38,w6j7nwe6,mkeyjg82,None,3
o6gnkro1,o86r2r38,yd4k7rg6,wk6w7mq2,None,1
o6gnkro1,o86r2r38,nd2e44qd,7dg61qgk,None,1
o6gnkro1,o86r2r38,v1pxpq46,q25jg1gd,None,1
o6gnkro1,o86r2r38,46w2jxq6,zdnz0yxd,None,1
o6gnkro1,o86r2r38,76rx34v6,zdn4z7ek,None,1
o6gnkro1,o86r2r38,76rx34v6,zdn4z7ek,None,1
o6gnkro1,o86r2r38,76rx34v6,zdn4z7ek,None,1
o6gnkro1,o86r2r38,76rx34v6,zdn4z7ek,None,1
o6gnkro1,o86r2r38,76r377v6,vdoymr12,None,1
o6gnkro1,o86r2r38,o1yjo0v1,9d8lx5w2,None,2
o6gnkro1,o86r2r38,y655qz86,n2yn74zk,None,5
o6gnkro1,o86r2r38,46w3xnl1,wkp90g82,None,4
o6gnkro1,o86r2r38,46w3xnl1,02q30vzk,None,6
o6gnkro1,o86r2r38,46w3xnl1,02q30vzk,None,5
o6gnkro1,o86r2r38,46w3xnl1,02q30vzk,None,4
o6gnkro1,o86r2r38,j1n89vx1,vdo5g0ok,None,2
o6gnkro1,o86r2r38,76rxy7v6,7kj1zqxk,None,1
o6gnkro1,o86r2r38,lde8ned3,02q8eo72,None,1
o6gnkro1,o86r2r38,lde8ned3,jdzpr8rk,None,1
o6gnkro1,o86r2r38,lde8ned3,jdr1wxn2,None,1
o6gnkro1,o86r2r38,lde8ned3,824mq6e2,None,1
o6gnkro1,o86r2r38,pd0qqk21,ndxeq7jk,None,1
o6gnkro1,o86r2r38,pd0qqk21,xd15r042,None,1
o6gnkro1,o86r2r38,3dxk0vv1,wk6w57o2,None,1
o6gnkro1,o86r2r38,3dxk0vv1,5dw1l55k,None,1
o6gnkro1,o86r2r38,3dxk0vv1,mkex0zjd,None,1
o6gnkro1,o86r2r38,m1mxo0j6,ndx1w8o2,None,1
o6gnkro1,o86r2r38,j1llyoz1,rklvexrd,None,1
o6gnkro1,o86r2r38,j1llyoz1,rklvexrd,None,1
o6gnkro1,o86r2r38,j1llyoz1,9kv7jpok,None,1
o6gnkro1,o86r2r38,j1llyoz1,zd38l08k,None,1
o6gnkro1,o86r2r38,j1llyoz1,ndx7pj52,None,1
o6gnkro1,o86r2r38,j1llyoz1,zd38l08k,None,1
o6gnkro1,o86r2r38,j1llyoz1,ndx7pj52,None,1
o6gnkro1,o86r2r38,j1llyoz1,9kv7jpok,None,1
o6gnkro1,o86r2r38,9d38e891,5dw1o3ek,None,3
o6gnkro1,o86r2r38,j1nl7edp,9kvj8y0k,None,1
o6gnkro1,o86r2r38,yd4k0pp6,9d8y87qk,None,1
o6gnkro1,o86r2r38,ldejz5e1,zdnzpm7d,None,1
o6gnkro1,o86r2r38,yd4k0pp6,9d8y87qk,None,1
o6gnkro1,o86r2r38,yd4k0pp6,9d8y87qk,None,1
o6gnkro1,o86r2r38,268e4ny6,zdnznred,xd1m445d,1
o6gnkro1,o86r2r38,9do8j5e1,824ney3k,None,1
o6gnkro1,o86r2r38,j1n89jx1,jdrr6g0d,None,1
o6gnkro1,o86r2r38,76rxzml6,xd156qr2,None,3
o6gnkro1,o86r2r38,268wzlo6,q25jw0wd,None,2
o6gnkro1,o86r2r38,9d3jww6l,z277wqg2,owomxlv9,1
o6gnkro1,o86r2r38,9d3jww6l,z277wqg2,xd1z16qw,1
o6gnkro1,o86r2r38,9d3jww6l,mke5x06k,None,1
o6gnkro1,o86r2r38,9d3jww6l,zdnqzjqd,None,1
o6gnkro1,o86r2r38,9d3jww6l,z277wqg2,69zr8vld,1
o6gnkro1,o86r2r38,9d3jww6l,z277wqg2,r9gz7o5d,1
o6gnkro1,o86r2r38,9d3jww6l,z277wqg2,o9x2xv0w,1
o6gnkro1,o86r2r38,9d3jww6l,z277wqg2,495jm00w,1
o6gnkro1,o86r2r38,9d3jww6l,z277wqg2,kwjyvqnw,1
o6gnkro1,o86r2r38,9d3jww6l,z277wqg2,ldye3vkw,1
o6gnkro1,o86r2r38,9d3jww6l,z277wqg2,gdrjyv6w,1
o6gnkro1,o86r2r38,9d3jww6l,z277wqg2,nwl62v0w,1
o6gnkro1,o86r2r38,9d3jww6l,z277wqg2,ywe4q7yd,1
o6gnkro1,o86r2r38,9d3jww6l,z277wqg2,n930mpn9,1
o6gnkro1,o86r2r38,9d3jww6l,z277wqg2,z98jm0gw,1
o6gnkro1,o86r2r38,9d3jww6l,z277wqg2,rdn5qvqd,1
o6gnkro1,o86r2r38,pd0qqk21,vdo5q0vk,None,2
o6gnkro1,o86r2r38,pd0qqk21,wkp5qjwd,None,1
o6gnkro1,o86r2r38,pd0qqk21,q25j8yyd,None,1
o6gnkro1,o86r2r38,pd0qqk21,q25j8yyd,None,1
o6gnkro1,o86r2r38,9do8jmm1,02q4wz9d,rw616n69,1
o6gnkro1,o86r2r38,pdvz43k6,jdz6jeg2,rdn45579,1
o6gnkro1,o86r2r38,pd0qqk21,wkp5qjwd,None,1
o6gnkro1,o86r2r38,pd0qqk21,wkp5qjwd,None,1
o6gnkro1,o86r2r38,pd0qqk21,jdrrxggd,None,1
o6gnkro1,o86r2r38,pd0qqk21,jdrrxggd,None,1
o6gnkro1,o86r2r38,pd0q7901,02q40zpd,gdr0pred,1
o6gnkro1,o86r2r38,j1new591,xd1vy7zd,xd041j4w,1
o6gnkro1,o86r2r38,369pj5l1,z2740m52,495x5xjd,1
o6gnkro1,o86r2r38,36985o3d,zdnywqxk,None,2
o6gnkro1,o86r2r38,m1zky2x1,5dw9wo02,None,1
o6gnkro1,o86r2r38,kdkze2qd,jdr70902,29v2n2qd,1
o6gnkro1,o86r2r38,pd0qqk21,9d8yv4lk,None,1
o6gnkro1,o86r2r38,pd0qqk21,wkp5qjwd,None,1
o6gnkro1,o86r2r38,pd0qqk21,wkp5qjwd,None,1
o6gnkro1,o86r2r38,pd0qqk21,wkp5qjwd,None,1
o6gnkro1,o86r2r38,9downyk1,zd38xjvk,None,1
o6gnkro1,o86r2r38,pd0qqk21,w20qp68d,None,1
o6gnkro1,o86r2r38,yd4k8zg6,vdoy6g12,5wkmxgvd,3
o6gnkro1,o86r2r38,v1px3zz6,jdznq0gd,ewp237y9,3
o6gnkro1,o86r2r38,pd0wm421,zdn0lle2,ewpz2mj9,1
o6gnkro1,o86r2r38,pdv2rrk6,zdnym79k,xd45pl8w,4
o6gnkro1,o86r2r38,4d79wwr1,q25eq782,None,3
o6gnkro1,o86r2r38,kdkmj0e1,vdoy6n12,None,1
o6gnkro1,o86r2r38,o6gnz9x1,n2yel47k,ewpn8ek9,1
o6gnkro1,o86r2r38,j1n87ll1,5dw93p52,kwj0v8nd,3
o6gnkro1,o86r2r38,9d3r5k9d,7kjqmn4d,4954763w,1
o6gnkro1,o86r2r38,k6qww296,w208myvd,None,1
o6gnkro1,o86r2r38,nd28wp3d,8249q8nd,nwlj8lo9,4
o6gnkro1,o86r2r38,nd28wp3d,9kvlgq82,nwlj8lo9,4
o6gnkro1,o86r2r38,yd4o8kk1,9d8gnm3k,None,1
o6gnkro1,o86r2r38,o1yj5jk1,n2yvwo72,None,2
o6gnkro1,o86r2r38,3dx4jv6y,n2yj1pe2,None,1
o6gnkro1,o86r2r38,w6j77qx6,jdzezxvd,xd4ppvqd,1
o6gnkro1,o86r2r38,kdkmj521,wk6w6pe2,gdrnvee9,2
o6gnkro1,o86r2r38,nd2ew9ed,q25qy882,None,1
o6gnkro1,o86r2r38,y6550l76,jdzlngr2,5wkmqzvd,1
o6gnkro1,o86r2r38,yd4kgqw6,zdnzjoed,None,3
o6gnkro1,o86r2r38,w6j7epx6,5dw1mwlk,None,4
o6gnkro1,o86r2r38,nd28gk3d,jdrrm0gd,None,3
o6gnkro1,o86r2r38,j1lmz7dg,824xwqnd,None,1
o6gnkro1,o86r2r38,j1lmz7dg,824xwqnd,None,1
o6gnkro1,o86r2r38,46w3lkq1,82411pw2,None,1
o6gnkro1,o86r2r38,268ekeo6,xd1l56zk,None,1
o6gnkro1,o86r2r38,268ekeo6,xd1l56zk,None,1
o6gnkro1,o86r2r38,268ekeo6,zd38qpek,None,1
o6gnkro1,o86r2r38,46w3lkq1,82411pw2,None,1
o6gnkro1,o86r2r38,46w3lkq1,rklvveqd,None,1
o6gnkro1,o86r2r38,46w3lkq1,ndx77p12,None,1
o6gnkro1,o86r2r38,46w3lkq1,ndx77p12,None,1
o6gnkro1,o86r2r38,46w3lkq1,rklvveqd,None,1
o6gnkro1,o86r2r38,268ekeo6,9kv7nwek,None,1
o6gnkro1,o86r2r38,268ekeo6,9kv7nwek,None,1
o6gnkro1,o86r2r38,268ekeo6,rklvnw6d,None,1
o6gnkro1,o86r2r38,268ekeo6,rklvnw6d,None,1
o6gnkro1,o86r2r38,268ekeo6,ndx7nyo2,None,1
o6gnkro1,o86r2r38,268ekeo6,ndx7nyo2,None,1
o6gnkro1,o86r2r38,268ekeo6,w20vn0jk,None,1
o6gnkro1,o86r2r38,268ekeo6,w20vn0jk,None,1
o6gnkro1,o86r2r38,268ekeo6,02qprq7d,None,1
o6gnkro1,o86r2r38,268ekeo6,w20vm65k,None,1
o6gnkro1,o86r2r38,268ekeo6,w20vnvvk,None,1
o6gnkro1,o86r2r38,268ekeo6,zd38qpek,None,1
o6gnkro1,o86r2r38,j1ne9el1,7kjqrgzd,None,2
o6gnkro1,o86r2r38,j1ne9el1,xk9nlwg2,None,1
o6gnkro1,o86r2r38,j1ne9el1,z27o7wod,None,2
o6gnkro1,o86r2r38,j1ne9el1,zdn1qzxk,None,1
o6gnkro1,o86r2r38,j1ne9el1,jdr7prl2,None,1
o6gnkro1,o86r2r38,j1ne9el1,wk6ojwpk,None,2
o6gnkro1,o86r2r38,j1ne9el1,n2y31v1d,None,1
o6gnkro1,o86r2r38,j1ne9el1,q2574jgd,None,2
o6gnkro1,o86r2r38,o6gqrn12,jdz3yr62,nwlg8609,1
o6gnkro1,o86r2r38,o6gqrn12,jdz3yr62,ywe2o4yw,1
o6gnkro1,o86r2r38,o6gqrn12,jdz3yr62,69zp1rlw,1
o6gnkro1,o86r2r38,o6gqrn12,jdz3yr62,r9gypz59,1
o6gnkro1,o86r2r38,o6gqrn12,jdrqzwlk,None,1
o6gnkro1,o86r2r38,m1mxj8p6,zd387nnk,None,1
o6gnkro1,o86r2r38,m1mxj8p6,7kj1o8nk,None,1
o6gnkro1,o86r2r38,m1mxj8p6,xk98pe42,None,1
o6gnkro1,o86r2r38,m1mxj8p6,ndx71gj2,None,1
o6gnkro1,o86r2r38,76r5r5d8,mkejnnx2,None,1
o6gnkro1,o86r2r38,76r34ge6,zd3jevy2,owoj1vo9,3
o6gnkro1,o86r2r38,m1mxj8p6,wdml8e4k,nwlno5rd,1
o6gnkro1,o86r2r38,m1mxj8p6,vdom3jo2,nwlno5rd,1
o6gnkro1,o86r2r38,m1mxj8p6,wdml8e4k,ywen5yrw,1
o6gnkro1,o86r2r38,m1mxj8p6,vdom3jo2,ywen5yrw,1
o6gnkro1,o86r2r38,m1mxj8p6,wdml8e4k,69zx25od,1
o6gnkro1,o86r2r38,m1mxj8p6,vdom3jo2,69zx25od,1
o6gnkro1,o86r2r38,m1mxj8p6,wdml8e4k,r9gr4mkw,1
o6gnkro1,o86r2r38,m1mxj8p6,vdom3jo2,r9gr4mkw,1
o6gnkro1,o86r2r38,m1mxj8p6,wdml8e4k,rw6ro1gw,1
o6gnkro1,o86r2r38,m1mxj8p6,vdom3jo2,rw6ro1gw,1
o6gnkro1,o86r2r38,m1mxj8p6,wdml8e4k,n93841zw,1
o6gnkro1,o86r2r38,m1mxj8p6,vdom3jo2,n93841zw,1
o6gnkro1,o86r2r38,m1mxj8p6,wdml8e4k,z98e73p9,1
o6gnkro1,o86r2r38,m1mxj8p6,vdom3jo2,z98e73p9,1
o6gnkro1,o86r2r38,m1mxj8p6,wdml8e4k,rdnrz77w,1
o6gnkro1,o86r2r38,m1mxj8p6,vdom3jo2,rdnrz77w,1
o6gnkro1,o86r2r38,m1mxj8p6,wdml8e4k,ldyjgxrd,1
o6gnkro1,o86r2r38,m1mxj8p6,vdom3jo2,ldyjgxrd,1
o6gnkro1,o86r2r38,m1mxj8p6,wdml8e4k,n93841ew,1
o6gnkro1,o86r2r38,m1mxj8p6,vdom3jo2,n93841ew,1
o6gnkro1,o86r2r38,m1mxj8p6,wdml8e4k,z98e73l9,1
o6gnkro1,o86r2r38,m1mxj8p6,vdom3jo2,z98e73l9,1
o6gnkro1,o86r2r38,m1mxj8p6,wdml8e4k,rdnrz7vw,1
o6gnkro1,o86r2r38,m1mxj8p6,vdom3jo2,rdnrz7vw,1
o6gnkro1,o86r2r38,m1mxj8p6,wdml8e4k,ldyjgxzd,1
o6gnkro1,o86r2r38,m1mxj8p6,vdom3jo2,ldyjgxzd,1
o6gnkro1,o86r2r38,m1mxj8p6,wdml8e4k,gdrgxnzw,1
o6gnkro1,o86r2r38,m1mxj8p6,vdom3jo2,gdrgxnzw,1
o6gnkro1,o86r2r38,y6550l76,jdzlngr2,n931z52d,1
o6gnkro1,o86r2r38,y6550l76,jdzlngr2,ldyxl7p9,1
o6gnkro1,o86r2r38,y6550l76,jdzlngr2,yweyxkld,1
o6gnkro1,o86r2r38,y6550l76,jdzlngr2,69z5eox9,1
o6gnkro1,o86r2r38,y6550l76,jdzlngr2,z9834vrd,1
o6gnkro1,o86r2r38,y6550l76,jdzlngr2,o9xgr53d,1
o6gnkro1,o86r2r38,y6550l76,jdzlngr2,xd1mlezd,1
o6gnkro1,o86r2r38,y6550l76,jdzlngr2,rw615pp9,1
o6gnkro1,o86r2r38,y6550l76,jdzlngr2,xd016rmw,1
o6gnkro1,o86r2r38,y6550l76,jdzlngr2,xd41g7qd,1
o6gnkro1,o86r2r38,y6550l76,jdzlngr2,29v6neqw,1
o6gnkro1,o86r2r38,y6550l76,jdzlngr2,592keg79,1
o6gnkro1,o86r2r38,y6550l76,jdzlngr2,5wkx4zv9,1
o6gnkro1,o86r2r38,y6550l76,jdzlngr2,y9m64qzw,1
o6gnkro1,o86r2r38,y6550l76,jdzlngr2,rdn74j59,1
o6gnkro1,o86r2r38,y6550l76,jdzlngr2,ewp34myd,1
o6gnkro1,o86r2r38,y6550l76,jdzlngr2,owoj41j9,1
o6gnkro1,o86r2r38,y6550l76,jdzlngr2,kwjg4l0w,1
o6gnkro1,o86r2r38,y6550l76,jdzlngr2,5d71qkqd,1
o6gnkro1,o86r2r38,y6550l76,jdzlngr2,rdq842od,1
o6gnkro1,o86r2r38,y6550l76,jdzlngr2,4952xom9,1
o6gnkro1,o86r2r38,y6550l76,jdzlngr2,r9glq0jw,1
o6gnkro1,o86r2r38,y6550l76,jdzlngr2,nwl54xod,1
o6gnkro1,o86r2r38,y6550l76,jdzlngr2,gdrn64e9,1
o6gnkro1,o86r2r38,yd4k7ep6,z27w130k,rdn7r2v9,1
o6gnkro1,o86r2r38,ldejz5e1,zdnzpm7d,None,2
o6gnkro1,o86r2r38,yd4k0pp6,9d8y87qk,None,2
o6gnkro1,o86r2r38,pdv22p46,jdzejvxd,None,2
o6gnkro1,o86r2r38,9d388o01,wdm977ok,None,1
o6gnkro1,o86r2r38,j1lq9046,zd3j44v2,None,4
o6gnkro1,o86r2r38,76r39q46,wk6w85e2,69z5q8o9,2
o6gnkro1,o86r2r38,m1zjgj26,9kvolm02,ewpz1qj9,1
o6gnkro1,o86r2r38,9d3r9xgd,zdnz7gxd,yweypv7d,1
o6gnkro1,o86r2r38,3dx75g6y,wk6p9rpd,None,1
o6gnkro1,o86r2r38,y654goed,5dw46nlk,None,1
o6gnkro1,o86r2r38,nd28ej5d,jdzlrov2,5wkxokx9,2
o6gnkro1,o86r2r38,268wzkk6,7dgm15xd,5d71jzgd,9
o6gnkro1,o86r2r38,y6550l76,xd1jjy8d,None,1
o6gnkro1,o86r2r38,nd28e9rd,ndxee6ok,None,1
o6gnkro1,o86r2r38,3dx094dy,w207z5kn,None,1
o6gnkro1,o86r2r38,w6j79ze6,wdm5lme2,None,1
o6gnkro1,o86r2r38,o6gn3lx1,824nlpwk,5wkxqn29,5
o6gnkro1,o86r2r38,m1zqo210,7kjn8zd3,None,1
o6gnkro1,o86r2r38,4d7zog67,9kvzpodg,None,1
o6gnkro1,o86r2r38,nd2eq33d,zdn807xd,None,2
o6gnkro1,o86r2r38,3dx2wey1,mkewmrxk,None,1
o6gnkro1,o86r2r38,3698y4ld,zdnzx59d,None,4
o6gnkro1,o86r2r38,yd49m51e,wk61jxed,None,1
o6gnkro1,o86r2r38,ldejmnn1,zd3j86v2,o9xgnq3d,2
o6gnkro1,o86r2r38,268w9776,7kjgr83k,r9g60zkw,2
o6gnkro1,o86r2r38,pdvlqv1w,w2018q8k,None,1
o6gnkro1,o86r2r38,3dxkk251,mkev7e92,None,1
o6gnkro1,o86r2r38,m1zjzm36,zdnlrxq2,None,2
o6gnkro1,o86r2r38,yd4k7rg6,n2yv54z2,None,1
o6gnkro1,o86r2r38,o1yj37r1,zd3vggv2,None,2
o6gnkro1,o86r2r38,w6j7gze6,wdm9ej5k,gdrr3o8d,1
o6gnkro1,o86r2r38,k6q4lp0d,7dg6rqxk,None,1
o6gnkro1,o86r2r38,j1lqng76,7kjgr63k,None,3
o6gnkro1,o86r2r38,j1lwj46g,5dwyo7lk,592z5o79,1
o6gnkro1,o86r2r38,yd4on4w1,9kvo7882,None,1
o6gnkro1,o86r2r38,pdv22m96,q25xzgvk,None,1
o6gnkro1,o86r2r38,pd0w0831,n2y9vx1d,None,2
o6gnkro1,o86r2r38,j1llro71,w20gm6ok,None,1
o6gnkro1,o86r2r38,76rxze46,7dg00ogk,None,2
o6gnkro1,o86r2r38,ldee7nd3,n2y17m82,None,1
o6gnkro1,o86r2r38,76r344v6,vdoz9eyk,None,2
o6gnkro1,o86r2r38,3698ww3d,9d8oq932,None,1
o6gnkro1,o86r2r38,pd0qnn31,9d8oq962,None,1
o6gnkro1,o86r2r38,268ee856,wk67nped,None,1
o6gnkro1,o86r2r38,v1poo9p6,jdz8evxd,None,3
o6gnkro1,o86r2r38,v1poo9p6,jdz8evxd,None,2
o6gnkro1,o86r2r38,v1poo9p6,824lvpnd,n93kxvrw,1
o6gnkro1,o86r2r38,v1poo9p6,824lvpnd,r9g6m02w,1
o6gnkro1,o86r2r38,v1poo9p6,824lvpnd,rdn3m66w,1
o6gnkro1,o86r2r38,v1poo9p6,824lvpnd,ldyqrn7w,1
o6gnkro1,o86r2r38,v1poo9p6,824lvpnd,69z7lo4w,1
o6gnkro1,o86r2r38,v1poo9p6,824lvpnd,z98poy1w,1
o6gnkro1,o86r2r38,v1poo9p6,824lvpnd,nwl0mxgw,1
o6gnkro1,o86r2r38,v1poo9p6,824lvpnd,ywe0vk49,1
o6gnkro1,o86r2r38,v1poo9p6,824lvpnd,gdrr04kd,1
o6gnkro1,o86r2r38,v1poo9p6,824lvpnd,z98poylw,2
o6gnkro1,o86r2r38,v1poo9p6,824lvpnd,rdn3m6vw,1
o6gnkro1,o86r2r38,v1poo9p6,824lvpnd,ldyqrnzw,2
o6gnkro1,o86r2r38,369vwg1l,vdo0546d,None,1
o6gnkro1,o86r2r38,k6q4rqzd,9kv7gzok,r9gr03pw,5
o6gnkro1,o86r2r38,v1poo9p6,824lvpnd,n93kxvew,1
o6gnkro1,o86r2r38,m1mxj8p6,vdom3jo2,xd0lq14d,1
o6gnkro1,o86r2r38,k6q4rqzd,9kv7gzok,r9gr03pw,4
o6gnkro1,o86r2r38,m1mxj8p6,wdml8e4k,xd0lq14d,1
o6gnkro1,o86r2r38,369vwg1l,5dwj88nk,495kkjm9,1
o6gnkro1,o86r2r38,268ee856,5dw54jgd,None,1
o6gnkro1,o86r2r38,m1mxj8p6,vdom3jo2,xd4n21rw,1
o6gnkro1,o86r2r38,k6q4rqzd,zd38mevk,ewpznyk9,2
o6gnkro1,o86r2r38,pd0qxv21,mkevqvn2,None,4
o6gnkro1,o86r2r38,k6q44lod,wkpo0102,None,1
o6gnkro1,o86r2r38,369vwg1l,5dwj88nk,r9gyyzj9,1
o6gnkro1,o86r2r38,268ee856,mkez9o9k,None,1
o6gnkro1,o86r2r38,369vwg1l,5dwj88nk,o9x1123d,1
o6gnkro1,o86r2r38,k6q4rqzd,xd1lxp4k,ewpznyk9,4
o6gnkro1,o86r2r38,m1mxj8p6,wdml8e4k,xd4n21rw,1
o6gnkro1,o86r2r38,m1mxj8p6,vdom3jo2,29vj76l9,1
o6gnkro1,o86r2r38,k6q44lod,vdoox81d,None,1
o6gnkro1,o86r2r38,369vwg1l,5dwj88nk,69zpprxw,1
o6gnkro1,o86r2r38,268ee856,7dgrn84k,None,1
o6gnkro1,o86r2r38,pd0qxv21,mkevqvn2,None,3
o6gnkro1,o86r2r38,k6q4rqzd,9d8xw932,ewpznyk9,3
o6gnkro1,o86r2r38,m1mxj8p6,wdml8e4k,29vj76l9,1
o6gnkro1,o86r2r38,m1mxj8p6,vdom3jo2,5923qk3d,1
o6gnkro1,o86r2r38,pd0qxv21,mkevqvn2,None,4
o6gnkro1,o86r2r38,369vwg1l,5dwj88nk,ywe224lw,1
o6gnkro1,o86r2r38,46w3v231,7kj19zgk,None,1
o6gnkro1,o86r2r38,369vwg1l,5dwj88nk,nwlgg6o9,1
o6gnkro1,o86r2r38,y654l48d,zdn1849k,None,1
o6gnkro1,o86r2r38,m1mxj8p6,wdml8e4k,5923qk3d,1
o6gnkro1,o86r2r38,46w3v231,n2y7nje2,None,1
o6gnkro1,o86r2r38,369vwg1l,5dwj88nk,gdrppjew,1
o6gnkro1,o86r2r38,m1mxj8p6,vdom3jo2,5wk86xpw,1
o6gnkro1,o86r2r38,y654l48d,q257mqvd,None,1
o6gnkro1,o86r2r38,m1zjmm06,wkpv8rvk,None,1
o6gnkro1,o86r2r38,m1mxj8p6,wdml8e4k,5wk86xpw,1
o6gnkro1,o86r2r38,y654l48d,z27o16zd,None,1
o6gnkro1,o86r2r38,369vwg1l,5dwj88nk,ldy11epd,1
o6gnkro1,o86r2r38,46w3v231,xd1l5j7k,5923rz7d,1
o6gnkro1,o86r2r38,369vwg1l,5dwj88nk,rdnoo55w,1
o6gnkro1,o86r2r38,m1mxj8p6,vdom3jo2,y9myx6x9,1
o6gnkro1,o86r2r38,j1llmxv1,7dgn9o42,rdnlx6vw,2
o6gnkro1,o86r2r38,46w3v231,xd1l5j7k,5wk8ejvw,1
o6gnkro1,o86r2r38,369vwg1l,5dwj88nk,z98rrjrd,1
o6gnkro1,o86r2r38,m1mxj8p6,wdml8e4k,y9myx6x9,1
o6gnkro1,o86r2r38,j1llmxv1,7dgn9o42,z98z5yl9,1
o6gnkro1,o86r2r38,46w3v231,xd1l5j7k,y9mygjz9,1
o6gnkro1,o86r2r38,m1mxj8p6,vdom3jo2,ewpex3j9,1
o6gnkro1,o86r2r38,369vwg1l,5dwj88nk,n93qq02w,1
o6gnkro1,o86r2r38,ldelvl63,wkpvmj0k,None,1
o6gnkro1,o86r2r38,j1llx271,9d8o6r62,r9g1v129,2
o6gnkro1,o86r2r38,46w3v231,xd1l5j7k,ewpeojy9,1
o6gnkro1,o86r2r38,4d7yxgd7,wkpq5lwd,o9xlqo79,2
o6gnkro1,o86r2r38,369vwg1l,5dwj88nk,rw6qqqpd,1
o6gnkro1,o86r2r38,m1mxj8p6,vdom3jo2,xd162m59,1
o6gnkro1,o86r2r38,k6q4rqzd,9d8xw932,ewpznyk9,2
o6gnkro1,o86r2r38,j1llmxv1,7dgn9o42,n93nlvew,2
o6gnkro1,o86r2r38,4d7yxgd7,wkpq5lwd,xd15ryyw,2
o6gnkro1,o86r2r38,m1mxj8p6,wdml8e4k,xd162m59,1
o6gnkro1,o86r2r38,ldelvl63,wkpvmj0k,None,1
o6gnkro1,o86r2r38,j1llx271,9d8o6r62,69znkn49,1
o6gnkro1,o86r2r38,46w3v231,xd1l5j7k,xd16y7z9,1
o6gnkro1,o86r2r38,46w3v231,xd1l5j7k,owol50jw,2
o6gnkro1,o86r2r38,4d7yxgd7,wkpq5lwd,owo2n53d,1
o6gnkro1,o86r2r38,o6gyq862,02qo6j9k,5wk66xp9,2
o6gnkro1,o86r2r38,k6q4rqzd,9kv7gz8k,None,4
o6gnkro1,o86r2r38,k6q4rqzd,wdmxz3xk,None,3
o6gnkro1,o86r2r38,k6q4rqzd,9kv7gzok,59237j3d,6
o6gnkro1,o86r2r38,369vwg1l,5dwj88nk,xd4000q9,1
o6gnkro1,o86r2r38,46w3v231,xd1l5j7k,kwj3650d,1
o6gnkro1,o86r2r38,m1mxj8p6,vdom3jo2,owol6jkw,1
o6gnkro1,o86r2r38,kdkzjn2d,mkerwojd,n934v57d,1
o6gnkro1,o86r2r38,369vwg1l,5dwj88nk,xd0kkkm9,1
o6gnkro1,o86r2r38,j1llx271,9d8o6r62,69znkn49,1
o6gnkro1,o86r2r38,4d7yxgd7,wkpq5lwd,kwjej619,1
o6gnkro1,o86r2r38,o6gyq862,02qo6j9k,y9mxx6xw,2
o6gnkro1,o86r2r38,kdkzjn2d,mkerwojd,rw6o8pnw,1
o6gnkro1,o86r2r38,o6gl08xd,w20vr3jk,y9mrkyxw,1
o6gnkro1,o86r2r38,369vwg1l,5dwj88nk,29vmmmq9,1
o6gnkro1,o86r2r38,m1mxj8p6,wdml8e4k,owol6jkw,1
o6gnkro1,o86r2r38,k6q4rqzd,zd38mevk,xd16ely9,2
o6gnkro1,o86r2r38,ldelvl63,wkpvmj0k,None,1
o6gnkro1,o86r2r38,46w3v231,xd1l5j7k,5d7lxvq9,2
o6gnkro1,o86r2r38,j1llx271,w203gpv2,69znkn49,1
o6gnkro1,o86r2r38,4d7yxgd7,wkpq5lwd,5d735xe9,1
o6gnkro1,o86r2r38,o6gyq862,02qo6j9k,ewpxx3jd,2
o6gnkro1,o86r2r38,369vwg1l,5dwj88nk,5920007d,1
o6gnkro1,o86r2r38,kdkzjn2d,mkerwojd,rw6o8pnw,1
o6gnkro1,o86r2r38,k6q4rqzd,xd1lxp4k,xd16ely9,2
o6gnkro1,o86r2r38,m1mxj8p6,vdom3jo2,kwj3zg7d,1
o6gnkro1,o86r2r38,46w3v231,xd1l5j7k,rdqgojo9,2
o6gnkro1,o86r2r38,j1llx271,9d8o6r62,ywem6m4d,1
o6gnkro1,o86r2r38,4d7yxgd7,wkpq5lwd,rdq1rog9,1
o6gnkro1,o86r2r38,o6gyq862,02qo6j9k,xd122m5w,2
o6gnkro1,o86r2r38,kdkzjn2d,mkerwojd,xd0qmr09,1
o6gnkro1,o86r2r38,k6q4rqzd,9d8xw932,xd16ely9,2
o6gnkro1,o86r2r38,369vwg1l,5dwj88nk,5wkkkkvw,1
o6gnkro1,o86r2r38,m1mxj8p6,wdml8e4k,kwj3zg7d,1
o6gnkro1,o86r2r38,j1llx271,xd1vg6rd,495l7l4d,1
o6gnkro1,o86r2r38,46w3v231,xd1l5j7k,495yz6mw,1
o6gnkro1,o86r2r38,4d7yxgd7,wkpq5lwd,4958gz49,1
o6gnkro1,o86r2r38,o6gyq862,02qo6j9k,owo66jkw,3
o6gnkro1,o86r2r38,369vwg1l,5dwj88nk,y9m555zd,2
o6gnkro1,o86r2r38,k6q4rqzd,9kv7gzok,xd16ely9,2
o6gnkro1,o86r2r38,o6gl08xd,w20vr3jk,5d7e6l6w,1
o6gnkro1,o86r2r38,j1ll48e1,z27mox52,None,4
o6gnkro1,o86r2r38,nd2elmvd,02qvyqpd,None,2
o6gnkro1,o86r2r38,j1llx271,xd1vg6rd,69znkn49,1
o6gnkro1,o86r2r38,w6jl78ed,wdmwmvx2,None,1
o6gnkro1,o86r2r38,4d7zpl67,7kjq934d,5d78ll5w,1
o6gnkro1,o86r2r38,k6q4rqzd,9d8xw932,y9m1gl19,6
o6gnkro1,o86r2r38,k6q4rqzd,9kv7gzok,ewpznyk9,3
o6gnkro1,o86r2r38,4d7zpl67,7kjq934d,nwl3nkgw,14
o6gnkro1,o86r2r38,lde3qk56,w203y4j2,None,1
o6gnkro1,o86r2r38,y654yv0d,wdmlpv4k,None,2
o6gnkro1,o86r2r38,k6q4rqzd,9kv7gzok,y9m1gl19,4
o6gnkro1,o86r2r38,m1mryx62,7dgrzqxk,None,1
o6gnkro1,o86r2r38,k6q4rqzd,9kv7gzok,y9m1gl19,5
o6gnkro1,o86r2r38,9d3rnedl,zdny4nkq,n938jnw0,3
o6gnkro1,o86r2r38,k6q4rqzd,9kv7gzok,rdqnox1d,1
o6gnkro1,o86r2r38,4d7yxgd7,wkpq5lwd,r9g35n2w,1
o6gnkro1,o86r2r38,nd2elmvd,02qvyqpd,None,1
o6gnkro1,o86r2r38,k6q4rqzd,zd38mevk,69zen149,3
o6gnkro1,o86r2r38,k6q4rqzd,xd1lxp4k,69zen149,2
o6gnkro1,o86r2r38,k6q4rqzd,zd38mevk,69zen149,2
o6gnkro1,o86r2r38,yd4ozjw1,q257yryd,49543gmw,2
o6gnkro1,o86r2r38,j1lxkz1g,vdo4ljy2,o9x2vp6w,1
o6gnkro1,o86r2r38,k6q4rqzd,xd1lxp4k,69zen149,2
o6gnkro1,o86r2r38,76rxjrq6,xd177rrd,None,3
o6gnkro1,o86r2r38,k6q4rqzd,9d8xw932,69zen149,2
o6gnkro1,o86r2r38,76rxjrq6,xk9nnmv2,None,2
o6gnkro1,o86r2r38,k6q4rqzd,zd38mevk,rdnrelvw,3
o6gnkro1,o86r2r38,k6q4rqzd,9d8xw932,69zen149,4
o6gnkro1,o86r2r38,76rxjrq6,xk9nnmv2,None,4
o6gnkro1,o86r2r38,kdkokl6m,n2yjry82,n9374xzd,1
o6gnkro1,o86r2r38,k6q4rqzd,9kv7gzok,69zen149,2
o6gnkro1,o86r2r38,nd2oq360,7kjqx93d,n93ovoz9,2
o6gnkro1,o86r2r38,pdvz34v6,xd1evo42,r9g2805d,1
o6gnkro1,o86r2r38,pdvz34v6,ndxm4lr2,r9g2805d,1
o6gnkro1,o86r2r38,m1mxj8p6,wdml8e4k,ewpex3j9,1
o6gnkro1,o86r2r38,k6q4rqzd,9kv7gzok,69zxvogd,5
o6gnkro1,o86r2r38,k6q4rqzd,9d8xw932,y9m1gl19,6
o6gnkro1,o86r2r38,o6gl08xd,w20vr3jk,xd13v659,1
o6gnkro1,o86r2r38,4d729g67,zd37gve2,None,1
o6gnkro1,o86r2r38,4d7zpl67,7kjq934d,nwl3nypw,1
o6gnkro1,o86r2r38,2682n96p,zdnrg9e2,o9xl8619,3
o6gnkro1,o86r2r38,pd0r0vde,w20z8jod,None,3
o6gnkro1,o86r2r38,369vwg1l,mkeorrxd,None,1
o6gnkro1,o86r2r38,4d7zpl67,7kjq934d,xd0xl20d,1
o6gnkro1,o86r2r38,j1llmxv1,7dgn9o42,29vl04nw,1
o6gnkro1,o86r2r38,268e3996,8246xqnd,None,1
o6gnkro1,o86r2r38,46w3v231,xd1l5j7k,o9xkon3w,1
o6gnkro1,o86r2r38,kdkzjn2d,mkerwojd,xd0qmr09,1
o6gnkro1,o86r2r38,k6q49nzd,w20yplvk,owo6z0kw,1
o6gnkro1,o86r2r38,k6q49nzd,824rrmwd,owo6z0kw,4
o6gnkro1,o86r2r38,268ee856,vdoo80od,None,2
o6gnkro1,o86r2r38,j1ll48e1,8246pzed,None,13
o6gnkro1,o86r2r38,268eq356,7dg09p4k,592roy7d,1
o6gnkro1,o86r2r38,369plx21,xd14x0wd,ywe3r1r9,5
o6gnkro1,o86r2r38,j1llwz1g,9kvnmy3d,gdr0z7ld,1
o6gnkro1,o86r2r38,nd2evyrd,rkl3rerk,None,1
o6gnkro1,o86r2r38,o6gyq862,02qo6j9k,kwjzzg79,8
o6gnkro1,o86r2r38,k6q4rqzd,9kv7gzok,o9xkp67w,5
o6gnkro1,o86r2r38,k6q4rqzd,zd38mevk,o9xkp67w,3
o6gnkro1,o86r2r38,9dow0lm1,5dw987l2,nwlzz7od,2
o6gnkro1,o86r2r38,4d79qnz1,ndx765j2,29vjo3l9,2
o6gnkro1,o86r2r38,k6q4rqzd,9d8xw932,ewpogqzd,2
o6gnkro1,o86r2r38,k6q4rqzd,9kv7gzok,xd03ogjd,5
o6gnkro1,o86r2r38,k6q4rqzd,9d8xw932,69zxvogd,3
o6gnkro1,o86r2r38,76rxpg56,02qmlgjd,None,1
o6gnkro1,o86r2r38,k6q4rqzd,9kv7gzok,69zxvogd,7
o6gnkro1,o86r2r38,k6q4rqzd,9kv7gzok,ewpogqzd,2
o6gnkro1,o86r2r38,k6q4rqzd,9kv7gzok,rw6e50gd,6
o6gnkro1,o86r2r38,m1zjr7m6,9kv616j2,None,1
o6gnkro1,o86r2r38,j1llvp71,wkp3p182,69zner49,2
o6gnkro1,o86r2r38,9d3rpmgd,824gqye2,z98zx3r9,1
o6gnkro1,o86r2r38,v1poge76,xk9nwjx2,None,2
o6gnkro1,o86r2r38,k6q4rqzd,9kv7gzok,xd4kln8w,2
o6gnkro1,o86r2r38,k6q4rqzd,zd38mevk,rdqnox1d,3
o6gnkro1,o86r2r38,k6q4rqzd,9kv7gzok,69zen149,7
o6gnkro1,o86r2r38,k6q4rqzd,9d8xw932,r9grp6jw,7
o6gnkro1,o86r2r38,3dx2nl41,9kv6oge2,rdnxlpnw,1
o6gnkro1,o86r2r38,3dx2nl41,rkl3l86k,rdnxlpnw,1
o6gnkro1,o86r2r38,o6gl08xd,w20vr3jk,kwj8o379,1
o6gnkro1,o86r2r38,k6q4rqzd,zd38mevk,69zq3yx9,3
o6gnkro1,o86r2r38,kdknmqdm,rklvp6qd,None,2
o6gnkro1,o86r2r38,46w0rn1r,9d8emz6d,None,4
o6gnkro1,o86r2r38,k6q4rqzd,9kv7gzok,5923g33d,3
o6gnkro1,o86r2r38,k6q4rqzd,9kv7gzok,xd0ljljd,8
o6gnkro1,o86r2r38,3dx2nl41,9kv6oge2,z985z879,1
o6gnkro1,o86r2r38,3dx2nl41,rkl3l86k,z985z879,1
o6gnkro1,o86r2r38,9dogpo6p,wdm4l5od,rdq15619,16
o6gnkro1,o86r2r38,k6q474zd,q25m6zyd,None,1
o6gnkro1,o86r2r38,k6q4rqzd,zd38mevk,ldyj7l7d,3
o6gnkro1,o86r2r38,k6q4rqzd,zd38mevk,nwlnvepd,3
o6gnkro1,o86r2r38,j1llx271,xd1vg6rd,ywem6m4d,1
o6gnkro1,o86r2r38,4d7zpl67,7kjq934d,kwjp33rw,1
o6gnkro1,o86r2r38,4d7zpl67,7kjq934d,rdqlggmw,1
o6gnkro1,o86r2r38,k6q4rqzd,zd38mevk,rdnrelvw,3
o6gnkro1,o86r2r38,j1llx271,xd1vg6rd,nwlprpg9,1
o6gnkro1,o86r2r38,ldelvl63,xd17744d,None,6
o6gnkro1,o86r2r38,k6qjwxdg,wdm78edq,z98nlpr9,1
o6gnkro1,o86r2r38,k6qjwxdg,wdm78edq,rdnng35d,1
o6gnkro1,o86r2r38,ldelvl63,xd17744d,None,9
o6gnkro1,o86r2r38,76rxjrq6,zd3770y2,None,1
o6gnkro1,o86r2r38,ldelvl63,wkpvmj0k,None,2
o6gnkro1,o86r2r38,m1zjrn26,9kv6rr82,n93le3z9,1
o6gnkro1,o86r2r38,k6q4rqzd,zd38mevk,rdnrvr6w,2
o6gnkro1,o86r2r38,k6qjwxdg,w205yjdn,z98nlpr9,1
o6gnkro1,o86r2r38,k6qjwxdg,w205yjdn,rdnng35d,1
o6gnkro1,o86r2r38,pd0083de,xk9rgoxk,None,2
o6gnkro1,o86r2r38,y65ej76e,q2554ny2,ywepmqrd,5
o6gnkro1,o86r2r38,76rxjrq6,zd3770y2,None,2
o6gnkro1,o86r2r38,m1zjrn26,9kv6rr82,ldyk60kw,1
o6gnkro1,o86r2r38,ldelvl63,wkpvmj0k,None,3
o6gnkro1,o86r2r38,ldelvl63,wkpvmj0k,None,3
o6gnkro1,o86r2r38,268e4q56,rklr388k,xd4k0rpw,3
o6gnkro1,o86r2r38,ldelvl63,wkpvmj0k,None,3
o6gnkro1,o86r2r38,k6q4rqzd,zd38mevk,29v5n01d,9
o6gnkro1,o86r2r38,268e4q56,rklr388k,5wkqk1qw,2
o6gnkro1,o86r2r38,k6q4rqzd,xd1lxp4k,29v5n01d,14
o6gnkro1,o86r2r38,ldelvl63,wkpvmj0k,None,3
o6gnkro1,o86r2r38,j1nej8y1,n2y9mgmd,None,8
o6gnkro1,o86r2r38,268e4q56,rklr388k,xd14j86d,4
o6gnkro1,o86r2r38,2687xkdp,jdzp54rk,gdrqj5k9,6
o6gnkro1,o86r2r38,j1nej8y1,rkl03owk,None,3
o6gnkro1,o86r2r38,ldelvl63,xd17744d,None,8
o6gnkro1,o86r2r38,m1zjrn26,xk9e55y2,None,2
o6gnkro1,o86r2r38,ldelvl63,wkpvmj0k,None,1
o6gnkro1,o86r2r38,2687xkdp,9d8jvqqk,z988jx19,10
o6gnkro1,o86r2r38,4d7rml17,mkernyjd,xd0xmq4d,2
o6gnkro1,o86r2r38,268e4q56,rklr388k,n93mqyed,2
o6gnkro1,o86r2r38,76rxjrq6,z27oox4d,None,1
o6gnkro1,o86r2r38,76rxjrq6,9kvyypjk,None,1
o6gnkro1,o86r2r38,k6q4rqzd,9kv7gzok,rdnrvr6w,3
o6gnkro1,o86r2r38,k6q4rqzd,9kv7gzok,29v5n01d,1
o6gnkro1,o86r2r38,k6q4rqzd,9d8xw932,29v5n01d,1
o6gnkro1,o86r2r38,k6q4rqzd,9d8xw932,29v5n01d,1
o6gnkro1,o86r2r38,k6q4rqzd,9kv7gzok,xd16ely9,5
o6gnkro1,o86r2r38,k6qlmz1g,mke5mjnk,None,4
o6gnkro1,o86r2r38,k6q4rqzd,9kv7gzok,29v5n01d,1
o6gnkro1,o86r2r38,k6q4rqzd,zd38mevk,z98evep9,9
o6gnkro1,o86r2r38,k6q4rqzd,zd38mevk,z98evep9,1
o6gnkro1,o86r2r38,k6q4rqzd,9kv7gz8k,None,4
o6gnkro1,o86r2r38,k6q4rqzd,9kv7gzok,z98evep9,1
o6gnkro1,o86r2r38,k6q4rqzd,9d8xw932,z98evep9,1
o6gnkro1,o86r2r38,k6q4rqzd,9d8xw932,z98evep9,1
o6gnkro1,o86r2r38,k6q4rqzd,xd1lxp4k,z98evep9,1
o6gnkro1,o86r2r38,k6q4rqzd,xd1lxp4k,z98evep9,1
o6gnkro1,o86r2r38,k6q4rqzd,9kv7gz8k,None,3
o6gnkro1,o86r2r38,k6q4rqzd,9kv7gzok,z98evep9,1
o6gnkro1,o86r2r38,j1llqr41,02qoezpk,None,1
o6gnkro1,o86r2r38,9d3rv59d,jdre5jgk,None,1
o6gnkro1,o86r2r38,pd0083de,7kj8oe3d,None,2
o6gnkro1,o86r2r38,46w0rn1r,9d8emz6d,None,1
o6gnkro1,o86r2r38,46w0rn1r,9d8emz6d,None,1
o6gnkro1,o86r2r38,46w0rn1r,rklelvq2,None,3
o6gnkro1,o86r2r38,9doxoodp,z271g420,None,1
o6gnkro1,o86r2r38,pd0083de,7kj8oe3d,None,1
o6gnkro1,o86r2r38,pd0083de,xk9rgoxk,None,3
o6gnkro1,o86r2r38,k6q474zd,q25m6zyd,None,1
o6gnkro1,o86r2r38,pdvzn5k6,xd178yrd,None,3
o6gnkro1,o86r2r38,pd0083de,z274mq42,None,1
o6gnkro1,o86r2r38,pd0083de,xk9rgoxk,None,2
o6gnkro1,o86r2r38,pd0083de,7kj8oe3d,None,2
o6gnkro1,o86r2r38,pd0083de,xk9ep4v2,None,2
o6gnkro1,o86r2r38,9dop9k6p,jdro7y0d,None,1
o6gnkro1,o86r2r38,9dop9k6p,xd1m6wwd,None,1
o6gnkro1,o86r2r38,pd0083de,xk9rgoxk,None,1
o6gnkro1,o86r2r38,pd0083de,9kv7jz0k,None,2
o6gnkro1,o86r2r38,ldeq9nd3,rklg8wnd,None,2
o6gnkro1,o86r2r38,9doe5k1p,824p93m2,None,2
o6gnkro1,o86r2r38,v1poq468,mkezzxk6,None,14
o6gnkro1,o86r2r38,pd0wxz01,w20w5o5d,None,1
o6gnkro1,o86r2r38,m1mq53d2,9d8vn06k,None,4
o6gnkro1,o86r2r38,j1ll49v1,zdn4wv7k,None,3
o6gnkro1,o86r2r38,yd4jpgde,xd1mqn7d,None,2
o6gnkro1,o86r2r38,lde7wx13,wdm4n14d,None,5
o6gnkro1,o86r2r38,9d38e791,02q45zjd,None,9
o6gnkro1,o86r2r38,9d38e791,jdzlyz32,None,2
o6gnkro1,o86r2r38,9d38e791,jdrrz4gd,None,11
o6gnkro1,o86r2r38,w6jpr56j,xk9vp4vd,None,4
o6gnkro1,o86r2r38,o1yglv1q,vdoqlwyk,None,2
o6gnkro1,o86r2r38,j1ll49v1,jdrxqm0d,None,1
o6gnkro1,o86r2r38,w6jpr56j,9d8jz06k,None,1
o6gnkro1,o86r2r38,ldee7nd3,jdre74nk,None,1
o6gnkro1,o86r2r38,w6jpr56j,9d8j8eqk,None,1
o6gnkro1,o86r2r38,pd0wxz01,9d86v9q2,None,1
o6gnkro1,o86r2r38,j1llqr41,ndxmrvr2,None,1
o6gnkro1,o86r2r38,j1llqr41,02qoezpk,None,1
o6gnkro1,o86r2r38,j1llqr41,ndxmrvr2,None,1
o6gnkro1,o86r2r38,9doxoodp,xk9v0vd0,None,1
