original_game_id,user_id,game_id,category_id,level_id,position
xldeeed3,68w9vmvj,o6glep8d,z27146z2,None,1
xldeeed3,68w9vmvj,o6glep8d,z27146z2,None,1
xldeeed3,68w9vmvj,xldeeed3,wkpjojvk,n935vrw0,4
xldeeed3,68w9vmvj,369pxn01,w2035ro2,ewp8el49,7
xldeeed3,68w9vmvj,369pxn01,w2035ro2,kwjv321w,14
xldeeed3,68w9vmvj,369pxn01,w2035ro2,59243y6w,15
xldeeed3,68w9vmvj,369pxn01,w2035ro2,owo3lr3w,10
xldeeed3,68w9vmvj,369pxn01,w2035ro2,y9m2yn0d,7
xldeeed3,68w9vmvj,369pxn01,w2035ro2,5wkq83xw,14
xldeeed3,68w9vmvj,xldeeed3,wkpjojvk,kwjll0dg,4
xldeeed3,68w9vmvj,xldeeed3,wkpjojvk,29veoxdv,7
xldeeed3,68w9vmvj,xldeeed3,wkpjojvk,owo11j96,3
xldeeed3,68w9vmvj,xldeeed3,wkpjojvk,kwj7o70w,7
xldeeed3,68w9vmvj,xldeeed3,wkpjojvk,495oomdp,4
xldeeed3,68w9vmvj,xldeeed3,wkpjojvk,nwlxxowv,4
xldeeed3,68w9vmvj,xldeeed3,wkpjojvk,rdnj669m,6
xldeeed3,68w9vmvj,xldeeed3,wkpjojvk,69zooxd1,6
xldeeed3,68w9vmvj,xldeeed3,wkpjojvk,ewpmmywn,3
xldeeed3,68w9vmvj,xldeeed3,wkpjojvk,owo1z396,5
xldeeed3,68w9vmvj,xldeeed3,wkpjojvk,xd1jvjzd,7
xldeeed3,68w9vmvj,xldeeed3,wkpjojvk,r9gykkj9,5
xldeeed3,68w9vmvj,xldeeed3,wkpjojvk,xd4748dm,3
xldeeed3,68w9vmvj,xldeeed3,wkpjojvk,ewp7k7yw,4
xldeeed3,68w9vmvj,xldeeed3,wkpjojvk,n9356rw0,6
xldeeed3,68w9vmvj,xldeeed3,wkpjojvk,59205y3d,4
xldeeed3,68w9vmvj,xldeeed3,wkpjojvk,gdr44ewz,7
xldeeed3,68w9vmvj,xldeeed3,wkpjojvk,o9x587wl,5
xldeeed3,68w9vmvj,xldeeed3,wkpjojvk,29ve4xdv,4
xldeeed3,68w9vmvj,xldeeed3,wkpjojvk,495kvvm9,8
xldeeed3,68w9vmvj,xldeeed3,wkpjojvk,5wkzyxw4,7
xldeeed3,68w9vmvj,xldeeed3,wkpjojvk,69zpmmxw,6
xldeeed3,68w9vmvj,xldeeed3,wkpjojvk,ldy144pd,2
xldeeed3,68w9vmvj,xldeeed3,wkpjojvk,xd1jvvzd,7
xldeeed3,68w9vmvj,xldeeed3,wkpjojvk,ywekklwl,4
xldeeed3,68w9vmvj,xldeeed3,wkpjojvk,ldy7m7d3,5
xldeeed3,68w9vmvj,xldeeed3,wkpjojvk,rdnje69m,4
xldeeed3,68w9vmvj,xldeeed3,wkpjojvk,xd47q8dm,5
xldeeed3,68w9vmvj,xldeeed3,wkpjojvk,5920vogd,6
xldeeed3,68w9vmvj,xldeeed3,wkpjojvk,y9m5k5zd,6
xldeeed3,68w9vmvj,xldeeed3,wkpjojvk,ldy141pd,6
xldeeed3,68w9vmvj,xldeeed3,wkpjojvk,z98r2rrd,4
xldeeed3,68w9vmvj,xldeeed3,wkpjojvk,69zoy4d1,6
xldeeed3,68w9vmvj,xldeeed3,wkpjojvk,ewp7kkyw,5
xldeeed3,68w9vmvj,xldeeed3,wkpjojvk,gdr4mkwz,5
xldeeed3,68w9vmvj,xldeeed3,wkpjojvk,owo7g7j9,8
xldeeed3,68w9vmvj,xldeeed3,wkpjojvk,rdq22odx,4
xldeeed3,68w9vmvj,xldeeed3,wkpjojvk,gdrpkpew,10
xldeeed3,68w9vmvj,xldeeed3,wkpjojvk,xd1ekywo,4
xldeeed3,68w9vmvj,xldeeed3,wkpjojvk,r9g00jw2,7
xldeeed3,68w9vmvj,xldeeed3,wkpjojvk,rdqz66od,6
xldeeed3,68w9vmvj,xldeeed3,rklge08d,None,5
xldeeed3,68w9vmvj,xldeeed3,wkpjojvk,r9g0e2w2,2
xldeeed3,68w9vmvj,xldeeed3,wkpjojvk,xd0rrmdq,7
xldeeed3,68w9vmvj,xldeeed3,wkpjojvk,rdnjj59m,5
xldeeed3,68w9vmvj,xldeeed3,wkpjojvk,29vm11q9,4
xldeeed3,68w9vmvj,xldeeed3,wkpjojvk,r9gykyj9,7
xldeeed3,68w9vmvj,xldeeed3,wkpjojvk,xd0rmjdq,3
xldeeed3,68w9vmvj,xldeeed3,wkpq1nwd,None,8
xldeeed3,68w9vmvj,xldeeed3,wkpjojvk,5wkz5xw4,6
xldeeed3,68w9vmvj,xldeeed3,wkpjojvk,592g26w6,7
xldeeed3,68w9vmvj,xldeeed3,wkpjojvk,ywe2z2lw,6
xldeeed3,68w9vmvj,xldeeed3,wkpjojvk,o9x553wl,6
xldeeed3,68w9vmvj,xldeeed3,wkpjojvk,xd0rzjdq,6
xldeeed3,68w9vmvj,xldeeed3,wkpjojvk,ldy77pd3,5
xldeeed3,68w9vmvj,xldeeed3,wkpjojvk,xd40rp09,11
xldeeed3,68w9vmvj,xldeeed3,wkpjojvk,y9m5kkzd,6
xldeeed3,x7qzpw08,46wr7n1r,zd3oqydn,None,1
xldeeed3,x7qzpw08,ok6qq06g,xk90916k,rdqz5lgd,1
xldeeed3,x7qzpw08,ok6qq06g,xk90916k,5wkk1pxw,1
xldeeed3,x7qzpw08,ok6qq06g,xk90916k,5920n56d,1
xldeeed3,x7qzpw08,ok6qq06g,xk90916k,5d7yz8ed,1
xldeeed3,x7qzpw08,m9doledp,zd304rdn,None,3
xldeeed3,x7qzpw08,m9doledp,zd304rdn,None,2
xldeeed3,x7qzpw08,ok6qq06g,xk90916k,owo7qy39,1
xldeeed3,x7qzpw08,ok6qq06g,xk90916k,kwj71p1w,1
xldeeed3,x7qzpw08,ok6qq06g,xk90916k,ewp70r4w,1
xldeeed3,x7qzpw08,ok6qq06g,9kvpl60k,5920n56d,1
xldeeed3,x7qzpw08,ok6qq06g,9kvpl60k,xd40rx89,1
xldeeed3,x7qzpw08,ok6qq06g,9kvpl60k,29vm52x9,1
xldeeed3,x7qzpw08,xldeeed3,rklge08d,None,13
xldeeed3,x7qzpw08,ok6qq06g,9kvpl60k,ewp70r4w,1
xldeeed3,x7qzpw08,ok6qq06g,9kvpl60k,5d7yz8ed,2
xldeeed3,x7qzpw08,ok6qq06g,9kvpl60k,kwj71p1w,2
xldeeed3,x7qzpw08,ok6qq06g,9kvpl60k,rdqz5lgd,2
xldeeed3,x7qzpw08,jy65g3de,z27gyo20,None,38
xldeeed3,x7qzpw08,xldeeed3,wkpjojvk,rdnoro6w,1
xldeeed3,x7qzpw08,jy65g3de,rklxn7nk,nwlgnve9,1
xldeeed3,x7qzpw08,ok6qq06g,wkpjr8kr,None,16
xldeeed3,x7qzpw08,xldeeed3,wkpjojvk,rdnoko5w,3
xldeeed3,x7qzpw08,xldeeed3,wkpjojvk,owo7lk39,4
xldeeed3,x7qzpw08,xldeeed3,wkpjojvk,gdrpkpew,8
xldeeed3,x7qzpw08,xldeeed3,wkpjojvk,n93552w0,6
xldeeed3,x7qzpw08,xldeeed3,wkpjojvk,592gg7w6,4
xldeeed3,x7qzpw08,nj1nrxdp,jdrq6lk6,None,24
xldeeed3,x7qzpw08,m9doledp,zd304rdn,None,3
xldeeed3,x7qzpw08,m9doledp,zd304rdn,None,4
xldeeed3,x7qzpw08,m9doledp,zd304rdn,None,17
xldeeed3,zxz764jq,pd0wq31e,7kjrn323,None,221
xldeeed3,zxz764jq,l3dx0vdy,l824jg25,None,446
xldeeed3,zxz764jq,l3dx0vdy,nxd144d8,None,120
xldeeed3,zxz764jq,pd0wq31e,mkeyen26,None,149
xldeeed3,zxz764jq,xldeeed3,rklge08d,None,37
xldeeed3,zxz764jq,pd0wq31e,n2y1y72o,None,848
xldeeed3,zxz764jq,pd0wq31e,q257ngdo,None,137
xldeeed3,zxz764jq,9dog9o6p,7kjrnqz2,None,17
xldeeed3,zxz764jq,4pd04v6e,n2yjoz2o,None,50
xldeeed3,0jm1oyj1,m1zjmz60,82466qnd,None,166
xldeeed3,0jm1oyj1,xldeeed3,rklge08d,None,34
xldeeed3,0jm1oyj1,y65ky86e,zd36ewed,None,19
xldeeed3,0jm1oyj1,y65ky86e,wdm9035k,None,2
xldeeed3,0jm1oyj1,y65ky86e,wdm9035k,None,1
xldeeed3,0jm1oyj1,yd4oz51e,02q89j2y,None,32
xldeeed3,0jm1oyj1,kdkmkq1m,ndxm7112,None,1
xldeeed3,0jm1oyj1,29d37g6l,gjdregk6,None,195
xldeeed3,0jm1oyj1,v1pxmp68,rklgvo8d,None,5
xldeeed3,0jm1oyj1,4pd0n31e,wk6pexd1,None,1552
xldeeed3,zx76rl6j,xldeeed3,rklge08d,None,11
xldeeed3,zx76rl6j,n2680o1p,02qo8pjk,None,4
xldeeed3,zx76rl6j,n2680o1p,jdz8p73d,None,4
xldeeed3,zx76rl6j,n2680o1p,jdrx1egd,None,3
xldeeed3,zx76rl6j,m9doledp,zd304rdn,None,7
xldeeed3,zx76rl6j,n2680o1p,jdz8p73d,None,22
xldeeed3,zx76rl6j,n2680o1p,jdrx1egd,None,12
xldeeed3,zx76rl6j,o6glkk8d,jdrx0end,None,8
xldeeed3,zx76rl6j,nj1nrxdp,wk6p6pd1,None,14
xldeeed3,zx76rl6j,xldeeed3,wkpjojvk,5d7y6yqd,7
xldeeed3,zx76rl6j,ok6qq06g,5dwjv0kg,None,21
xldeeed3,zx76rl6j,xldeeed3,wkpjojvk,ldy144pd,9
xldeeed3,zx76rl6j,xldeeed3,wkpjojvk,gdr44ewz,9
xldeeed3,zx76rl6j,n2680o1p,xd135g8k,xd15rkew,9
xldeeed3,zx76rl6j,n2680o1p,jdrx1egd,None,67
xldeeed3,8q65o5dj,xldeeed3,wkpjojvk,5wkkggvw,3
xldeeed3,8q65o5dj,xldeeed3,wkpjojvk,r9gykkj9,3
xldeeed3,8q65o5dj,j1n8k4x1,jdzryeg2,xd0jm7jw,2
xldeeed3,8q65o5dj,xldeeed3,wkpjojvk,xd07o6jw,4
xldeeed3,8q65o5dj,9d38jey1,xk99g44k,y9mox4zw,2
xldeeed3,8q65o5dj,9d38jey1,xk99g44k,o9xe763w,1
xldeeed3,8q65o5dj,9d38jey1,xk99g44k,kwjqz009,1
xldeeed3,8q65o5dj,9d38jey1,xk99g44k,rw66o1pw,1
xldeeed3,8q65o5dj,9d38jey1,xk99g44k,29vr7gqw,1
xldeeed3,8q65o5dj,9d38jey1,xk99g44k,ldyzgrjw,1
xldeeed3,8q65o5dj,9d38jey1,xk99g44k,5927qm7w,1
xldeeed3,8q65o5dj,9d38jey1,xk99g44k,n93j412d,1
xldeeed3,8q65o5dj,9d38jey1,xk99g44k,xd05q6m9,1
xldeeed3,8q65o5dj,9d38jey1,xk99g44k,n93j4x2d,1
xldeeed3,8q65o5dj,9d38jey1,xk99g44k,rdqk74od,1
xldeeed3,8q65o5dj,9d38jey1,xk99g44k,z98k74r9,1
xldeeed3,8q65o5dj,9d38jey1,xk99g44k,rdn1z459,1
xldeeed3,8q65o5dj,xldeeed3,wkpjojvk,ewpm14wn,4
xldeeed3,98r5rkqx,xldeeed3,rklge08d,None,5
xldeeed3,zxz2z9xq,ok6qq06g,xk90916k,xd1j8xyd,2
xldeeed3,zxz2z9xq,ok6qq06g,xk90916k,5d7yz8ed,5
xldeeed3,zxz2z9xq,ok6qq06g,xk90916k,xd40rx89,3
xldeeed3,zxz2z9xq,ok6qq06g,xk90916k,5wkk1pxw,4
xldeeed3,zxz2z9xq,ok6qq06g,xk90916k,owo7qy39,4
xldeeed3,zxz2z9xq,ok6qq06g,xk90916k,29vm52x9,2
xldeeed3,zxz2z9xq,ok6qq06g,xk90916k,y9m5180d,2
xldeeed3,zxz2z9xq,ok6qq06g,xk90916k,ewp70r4w,1
xldeeed3,zxz2z9xq,ok6qq06g,xk90916k,kwj71p1w,3
xldeeed3,zxz2z9xq,ok6qq06g,xk90916k,n93qyorw,2
xldeeed3,zxz2z9xq,ok6qq06g,xk90916k,rw6qe36d,2
xldeeed3,zxz2z9xq,ok6qq06g,xk90916k,xd0k3xj9,2
xldeeed3,zxz2z9xq,m9doledp,zd304rdn,None,11
xldeeed3,zxz2z9xq,xldeeed3,rklge08d,None,14
xldeeed3,zxz2z9xq,ok6qq06g,5dwjv0kg,None,3
xldeeed3,zxz2z9xq,ok6qq06g,rklrp8kn,None,2
xldeeed3,zxz2z9xq,ok6qq06g,rklrp8kn,None,2
xldeeed3,zxz2z9xq,76r35l68,5dwyj6lk,None,22
xldeeed3,zxz2z9xq,o6glkk8d,jdz847rd,None,2
xldeeed3,zxz2z9xq,n2680o1p,jdz8p73d,None,10
xldeeed3,zxz2z9xq,m9doledp,9d8p8lkn,None,5
xldeeed3,zxz2z9xq,ok6qq06g,5dwjv0kg,None,2
xldeeed3,zxz2z9xq,j1nqoy1p,mke9x59d,None,11
xldeeed3,zxz2z9xq,m9doledp,rkl9q6kn,None,2
xldeeed3,zxz2z9xq,ok6qq06g,9kvpl60k,rdqz5lgd,4
xldeeed3,zxz2z9xq,ok6qq06g,9kvpl60k,5d7yz8ed,3
xldeeed3,zxz2z9xq,ok6qq06g,xk90916k,rdqz5lgd,4
xldeeed3,qjnq24jm,kdkz53qd,q25jlewd,None,1
xldeeed3,qjnq24jm,o6gnz4n1,9d8og0q2,None,1
xldeeed3,qjnq24jm,76r35l68,w20xw4z2,None,1
xldeeed3,qjnq24jm,j1lqwz6g,wk68mo21,None,2
xldeeed3,qjnq24jm,w6jl094d,w20gjgjk,None,53
xldeeed3,qjnq24jm,4d7y5zd7,7kjzlvzd,5wk8445w,4
xldeeed3,qjnq24jm,4d7y5zd7,n2yjrq12,5wk8445w,3
xldeeed3,qjnq24jm,369penl1,9kvowr02,None,5
xldeeed3,qjnq24jm,4d7y5zd7,02qlzqpk,None,27
xldeeed3,qjnq24jm,76r35l68,5dwyj6lk,None,3
xldeeed3,qjnq24jm,76r35l68,02qg51zd,None,2
xldeeed3,qjnq24jm,yd4or2x1,wkp1jowk,None,1
xldeeed3,qjnq24jm,76r35l68,5dwyj6lk,None,3
xldeeed3,qjnq24jm,ldejkwl1,vdo5jy1k,None,4
xldeeed3,qjnq24jm,j1nwkl1p,z27o3mgd,None,3
xldeeed3,qjnq24jm,j1lqwz6g,vdo1qn62,None,2
xldeeed3,qjnq24jm,76r35l68,5dwyj6lk,None,5
xldeeed3,qjnq24jm,76r35l68,zdnw657d,None,20
xldeeed3,qjnq24jm,yd4ljx1e,xk9g0zvd,None,239
xldeeed3,qjnq24jm,yd4ljx1e,n2y5198k,ldyy3rkd,14
xldeeed3,qjnq24jm,yd4ljx1e,n2y5198k,z986mogd,22
xldeeed3,qjnq24jm,pdvje9dw,xk9jq7xd,None,5
xldeeed3,qjnq24jm,76r35l68,02qg51zd,None,3
xldeeed3,qjnq24jm,76r35l68,q25oylwk,None,9
xldeeed3,qjnq24jm,kdkknedm,7kjz573d,None,5
xldeeed3,qjnq24jm,76r35l68,5dwyj6lk,None,4
xldeeed3,qjnq24jm,y65420de,9kvpyvek,None,12
xldeeed3,qjnq24jm,xldeeed3,rklge08d,None,28
xldeeed3,qjnq24jm,pdvje9dw,jdz0132v,None,1
xldeeed3,qjnq24jm,pdvje9dw,zd344y2n,None,3
xldeeed3,qjnq24jm,j1nrmwdp,jdz5po6d,None,80
xldeeed3,qjnq24jm,n2680o1p,jdrx1egd,None,45
xldeeed3,qjnq24jm,76r35l68,5dwyj6lk,None,5
xldeeed3,qjnq24jm,76r35l68,5dwyj6lk,None,6
xldeeed3,qjnq24jm,76r35l68,5dwyj6lk,None,43
xldeeed3,qjnq24jm,pdvje9dw,jdz0132v,None,2
xldeeed3,qjnq24jm,pdvje9dw,rklmmqdn,None,1
xldeeed3,qjnq24jm,pdvje9dw,zd344y2n,None,5
xldeeed3,qjnq24jm,pdvje9dw,ndxll1dq,495zzm9p,4
xldeeed3,qjnq24jm,pdvje9dw,ndxll1dq,z9857l9l,2
xldeeed3,qjnq24jm,pdvje9dw,ndxll1dq,592rqrd6,6
xldeeed3,qjnq24jm,pdvje9dw,ndxll1dq,xd4e2pwm,4
xldeeed3,qjnq24jm,pdvje9dw,ndxll1dq,n93l4e90,3
xldeeed3,v8lo048m,xldeeed3,rklge08d,None,10
xldeeed3,v8lo048m,369pxn01,w2035ro2,59243y6w,8
xldeeed3,v8lo048m,xldeeed3,wkpq1nwd,None,6
xldeeed3,v8lo048m,o6gnn812,7dg9nxk4,None,48
xldeeed3,v8lo048m,46wr7n1r,zd3oqydn,None,5
xldeeed3,v8lo048m,369pxn01,w2035ro2,29vzjqxd,10
xldeeed3,v8lo048m,369pxn01,w2035ro2,kwjv321w,16
xldeeed3,v8lo048m,o6glkk8d,jdrx0end,None,5
xldeeed3,v8lo048m,xldej13p,w9d8v7kn,None,9
xldeeed3,v8lo048m,xldeeed3,824r84gd,None,7
xldeeed3,v8lo048m,m9doledp,zd304rdn,None,3
xldeeed3,v8lo048m,o6glkk8d,jdrx0end,None,6
xldeeed3,v8lo048m,xldeeed3,wkpjojvk,y9mq70d5,7
xldeeed3,v8lo048m,9d35l01l,wdmzqqx2,None,2
xldeeed3,v8lo048m,xldeeed3,wkpjojvk,rw6qkkpd,6
xldeeed3,v8lo048m,xldeeed3,wkpjojvk,z98r22rd,7
xldeeed3,v8lo048m,xldeeed3,wkpjojvk,xd1jvvzd,8
xldeeed3,v8lo048m,xldeeed3,wkpjojvk,59205y3d,8
xldeeed3,v8lo048m,xldeeed3,wkpjojvk,n93552w0,8
xldeeed3,v8lo048m,xldeeed3,wkpjojvk,ldy7n7d3,9
xldeeed3,v8lo048m,xldeeed3,wkpjojvk,o9x1m13d,7
xldeeed3,v8lo048m,n2680o1p,jdrx1egd,None,14
xldeeed3,v8lo048m,n2680o1p,jdrx1egd,None,10
xldeeed3,v8lo048m,n2680o1p,jdrx1egd,None,6
xldeeed3,v8lo048m,nd2eeqd0,xd1mzwd8,None,27
xldeeed3,v8lo048m,xldeeed3,wkpjojvk,xd477qdm,8
xldeeed3,v8lo048m,n2680o1p,jdz8p73d,None,13
xldeeed3,v8lo048m,n2680o1p,jdz8p73d,None,8
xldeeed3,v8lo048m,m9doledp,zd304rdn,None,18
xldeeed3,v8lo048m,nj1nrxdp,wk6p6pd1,None,41
xldeeed3,v8lo048m,4pd03de5,jdrq07lk,None,207
xldeeed3,v8lo048m,9doxp7dp,9d8eo7dn,None,109
xldeeed3,pj059p98,k6q0p01g,jdz3zpv2,None,20
xldeeed3,pj059p98,3dxkx3g1,wdmmoned,None,1
xldeeed3,pj059p98,xldeeed3,wkpjojvk,ewp7k7yw,7
xldeeed3,pj059p98,lde323e6,xk98xlx2,None,1
xldeeed3,pj059p98,o1yj33v1,jdzemgvd,None,2
xldeeed3,pj059p98,ok6qq06g,5dwjv0kg,None,5
xldeeed3,pj059p98,46wvx7dr,7kjv4xxk,None,1
xldeeed3,pj059p98,nj1nrxdp,wk6p6pd1,None,32
xldeeed3,pj059p98,ok6qq06g,zdnw7p9d,29vm52x9,5
xldeeed3,pj059p98,o6glkk8d,jdz847rd,None,6
xldeeed3,pj059p98,lde323e6,z27lv75d,None,1
xldeeed3,pj059p98,lde323e6,9kv7nx0k,5923rv6d,1
xldeeed3,pj059p98,lde323e6,9kv7nx0k,ywen324w,1
xldeeed3,pj059p98,lde323e6,9kv7nx0k,r9grny2w,1
xldeeed3,pj059p98,xldeeed3,wkpjojvk,ldy141pd,10
xldeeed3,pj059p98,46wr7n1r,zd3oqydn,None,8
xldeeed3,pj059p98,3dxkx3g1,w20emrjd,None,2
xldeeed3,pj059p98,xldeeed3,wkpjojvk,ywe2z2lw,7
xldeeed3,pj059p98,xldeeed3,wkpjojvk,n9356rw0,8
xldeeed3,pj059p98,xldeeed3,wkpjojvk,n935vrw0,10
xldeeed3,pj059p98,xldeeed3,wkpjojvk,gdr44ewz,8
xldeeed3,pj059p98,xldeeed3,wkpjojvk,ywekklwl,10
xldeeed3,pj059p98,o1y9rrv6,xk9goq4d,None,6
xldeeed3,v8l0dl8m,xldeeed3,wkpjojvk,xd0rzjdq,11
xldeeed3,v8l0dl8m,xldeeed3,wkpjojvk,rdnoko5w,6
xldeeed3,v8l0dl8m,xldeeed3,wkpjojvk,ldy77pd3,9
xldeeed3,v8l0dl8m,ok6qq06g,wkpjr8kr,None,2
xldeeed3,v8l0dl8m,ok6qq06g,wkpjr8kr,None,8
xldeeed3,v8l0dl8m,ok6qq06g,wkpjr8kr,None,4
xldeeed3,v8l0dl8m,8m1zg360,02qgx9dy,kwj7y0wg,4
xldeeed3,jmo29qo8,xldeeed3,wkpjojvk,69zpmpxw,4
xldeeed3,jmo29qo8,369p7081,xd17lerd,None,8
xldeeed3,jmo29qo8,369p7081,xd17lerd,None,10
xldeeed3,jmo29qo8,369p7081,xd17lerd,None,4
xldeeed3,jmo29qo8,369pxn01,w2035ro2,owo3lr3w,16
xldeeed3,jmo29qo8,369pxn01,w2035ro2,kwjv321w,15
xldeeed3,jmo29qo8,369pxn01,w2035ro2,5d72lgew,17
xldeeed3,jmo29qo8,o6gl2gxd,wk6ejlr2,None,3
xldeeed3,jmo29qo8,o6gl2gxd,02qmj0yd,owo5g0kd,2
xldeeed3,jmo29qo8,o6gl2gxd,02qmj0yd,5d7x6v69,2
xldeeed3,jmo29qo8,o6gl2gxd,02qmj0yd,xd1yv75d,3
xldeeed3,jmo29qo8,o6gl2gxd,02qmj0yd,ewpokjjd,3
xldeeed3,jmo29qo8,o6gl2gxd,02qmj0yd,kwj6o57d,2
xldeeed3,jmo29qo8,o6gl2gxd,02qmj0yd,rdq40g19,2
xldeeed3,jmo29qo8,o6gl2gxd,02qmj0yd,o9xomlp9,2
xldeeed3,jmo29qo8,o6gl2gxd,02qmj0yd,rdqo612w,2
xldeeed3,jmo29qo8,o6gl2gxd,02qmj0yd,495zv839,2
xldeeed3,jmo29qo8,o6gl2gxd,02qmj0yd,r9gnk3pd,2
xldeeed3,jmo29qo8,xldeeed3,wkpjojvk,ewpmmywn,2
xldeeed3,jmo29qo8,xldeeed3,wkpjojvk,xd1jvvzd,4
xldeeed3,jmo29qo8,j1l2yz6g,wdmwwzx2,ewpjn7zw,2
xldeeed3,jmo29qo8,j1l2yz6g,ndxmmj12,ewpjn7zw,1
xldeeed3,jmo29qo8,j1l2yz6g,w20wwpvd,ewpjn7zw,1
xldeeed3,jmo29qo8,j1l2yz6g,vdooo01d,owo087yw,1
xldeeed3,jmo29qo8,j1l2yz6g,zd3660yd,y9mj0519,1
xldeeed3,jmo29qo8,j1l2yz6g,9kvmmpjk,y9mj0519,1
xldeeed3,jmo29qo8,j1l2yz6g,rklqqxq2,y9mj0519,1
xldeeed3,jmo29qo8,j1l2yz6g,ndxmmj12,y9mj0519,1
xldeeed3,jmo29qo8,j1l2yz6g,w20wwpvd,y9mj0519,1
xldeeed3,jmo29qo8,j1l2yz6g,wdmwwzx2,y9mj0519,1
xldeeed3,jmo29qo8,j1l2yz6g,zd3660yd,5wkj0kqd,1
xldeeed3,jmo29qo8,j1l2yz6g,9kvmmpjk,5wkj0kqd,1
xldeeed3,jmo29qo8,j1l2yz6g,vdooo01d,xd17pj6d,1
xldeeed3,jmo29qo8,j1l2yz6g,w20wwpvd,592zm0r9,1
xldeeed3,jmo29qo8,j1l2yz6g,zd3660yd,592zm0r9,1
xldeeed3,jmo29qo8,j1l2yz6g,rklqqxq2,5wkj0kqd,1
xldeeed3,jmo29qo8,j1l2yz6g,ndxmmj12,5wkj0kqd,1
xldeeed3,jmo29qo8,j1l2yz6g,wdmwwzx2,592zm0r9,1
xldeeed3,jmo29qo8,j1l2yz6g,w20wwpvd,5wkj0kqd,1
xldeeed3,jmo29qo8,j1l2yz6g,rklqqxq2,592zm0r9,1
xldeeed3,jmo29qo8,j1l2yz6g,9kvmmpjk,592zm0r9,1
xldeeed3,jmo29qo8,j1l2yz6g,wdmwwzx2,5wkj0kqd,1
xldeeed3,jmo29qo8,j1l2yz6g,ndxmmj12,592zm0r9,1
xldeeed3,jmo29qo8,j1l2yz6g,vdooo01d,y9mj0519,1
xldeeed3,jmo29qo8,j1l2yz6g,vdooo01d,ewpjn7zw,1
xldeeed3,jmo29qo8,j1l2yz6g,vdooo01d,592zm0r9,1
xldeeed3,jmo29qo8,j1l2yz6g,vdooo01d,5wkj0kqd,1
xldeeed3,jmo29qo8,j1l2yz6g,zd3660yd,ewpjn7zw,1
xldeeed3,jmo29qo8,j1l2yz6g,rklqqxq2,xd17pj6d,2
xldeeed3,jmo29qo8,j1l2yz6g,9kvmmpjk,ewpjn7zw,1
xldeeed3,jmo29qo8,j1l2yz6g,wdmwwzx2,xd17pj6d,3
xldeeed3,jmo29qo8,j1l2yz6g,rklqqxq2,ewpjn7zw,1
xldeeed3,jmo29qo8,j1l2yz6g,zd3660yd,xd17pj6d,2
xldeeed3,jmo29qo8,j1l2yz6g,9kvmmpjk,xd17pj6d,2
xldeeed3,jmo29qo8,j1l2yz6g,ndxmmj12,xd17pj6d,1
xldeeed3,jmo29qo8,j1l2yz6g,w20wwpvd,xd17pj6d,1
xldeeed3,jmo29qo8,j1l2yz6g,zd3660yd,owo087yw,2
xldeeed3,jmo29qo8,j1l2yz6g,9kvmmpjk,owo087yw,2
xldeeed3,jmo29qo8,j1l2yz6g,rklqqxq2,owo087yw,2
xldeeed3,jmo29qo8,j1l2yz6g,ndxmmj12,owo087yw,2
xldeeed3,jmo29qo8,j1l2yz6g,w20wwpvd,owo087yw,2
xldeeed3,jmo29qo8,j1l2yz6g,wdmwwzx2,owo087yw,3
xldeeed3,jmo29qo8,3695l8dl,9d8jwvlk,owopqk96,3
xldeeed3,jmo29qo8,3695l8dl,xd13xmwk,owopqk96,3
xldeeed3,jmo29qo8,3695l8dl,zd3lmyrd,owopqk96,2
xldeeed3,jmo29qo8,3695l8dl,9kvjgx3k,owopqk96,2
xldeeed3,jmo29qo8,3695l8dl,rkle8g82,owopqk96,1
xldeeed3,jmo29qo8,3695l8dl,wdm41q3d,xd1q85wo,2
xldeeed3,jmo29qo8,3695l8dl,jdzp456k,owopqk96,5
xldeeed3,jmo29qo8,3695l8dl,02q8xj92,owopqk96,5
xldeeed3,jmo29qo8,3695l8dl,824mopn2,owopqk96,4
xldeeed3,jmo29qo8,pd0w0m21,z2741q52,29v05oxw,2
xldeeed3,jmo29qo8,pd0w0m21,zdnl8j72,29v05oxw,2
xldeeed3,jmo29qo8,pd0w0m21,jdz6wmx2,29v05oxw,2
xldeeed3,jmo29qo8,pd0w0m21,jdrol50d,29v05oxw,2
xldeeed3,jmo29qo8,pd0w0m21,7dg06o4k,None,3
xldeeed3,jmo29qo8,pd0w0m21,q25emnw2,29v05oxw,2
xldeeed3,jmo29qo8,k6q4mk0d,9kvmjo8k,r9g2qjjd,2
xldeeed3,jmo29qo8,k6q4mk0d,9kvmjo8k,ewp017jd,2
xldeeed3,jmo29qo8,yd4o8vg1,z27oy8gd,None,2
xldeeed3,jmo29qo8,k6q474zd,8240o13d,None,111
xldeeed3,jmo29qo8,k6q474zd,xd1vz6wd,None,27
xldeeed3,jmo29qo8,k6q474zd,q25m6zyd,None,5
xldeeed3,jmo29qo8,k6q474zd,8240zynd,None,40
xldeeed3,jmo29qo8,yd4o8vg1,rkll39nk,None,2
xldeeed3,jmo29qo8,k6q474zd,xd1vz6wd,None,18
xldeeed3,jmo29qo8,k6q474zd,xd1vz6wd,None,13
xldeeed3,jmo29qo8,76r70q18,xd1ml7rd,None,54
xldeeed3,jmo29qo8,pd0w4v01,wdmxvrok,None,1
xldeeed3,jmo29qo8,pd0w4v01,824rzvgd,None,2
xldeeed3,jmo29qo8,xldeeed3,wkpjojvk,o9x553wl,7
xldeeed3,jmo29qo8,xldeeed3,wkpjojvk,xd0rzjdq,10
xldeeed3,jmo29qo8,xldeeed3,wkpjojvk,5d7kkqwy,5
xldeeed3,jmo29qo8,xldeeed3,wkpjojvk,nwlxqgwv,6
xldeeed3,jmo29qo8,xldeeed3,wkpjojvk,r9g0e2w2,6
xldeeed3,jmo29qo8,xldeeed3,wkpjojvk,owo7ggj9,6
xldeeed3,jmo29qo8,xldeeed3,wkpjojvk,z98vy1wl,8
xldeeed3,jmo29qo8,2689591p,rklr48kn,None,29
xldeeed3,jmo29qo8,xldeeed3,rklge08d,None,21
xldeeed3,jmo29qo8,xldeeed3,wkpjojvk,rdqz66od,7
xldeeed3,jmo29qo8,xldeeed3,wkpjojvk,69zoy4d1,5
xldeeed3,jmo29qo8,xldeeed3,wkpjojvk,ywe2z2lw,5
xldeeed3,jmo29qo8,xldeeed3,wkpjojvk,o9x1m13d,8
xldeeed3,jmo29qo8,xldeeed3,wkpjojvk,5wkzzvw4,6
xldeeed3,jmo29qo8,xldeeed3,9d863y62,None,5
xldeeed3,jmo29qo8,xldeeed3,wkpjojvk,kwj7o70w,9
xldeeed3,jmo29qo8,xldeeed3,wkpjojvk,rdnoro6w,1
xldeeed3,jmo29qo8,xldeeed3,wkpjojvk,rdnj669m,7
xldeeed3,jmo29qo8,xldeeed3,wkpjojvk,n935vrw0,8
xldeeed3,jmo29qo8,xldeeed3,wkpjojvk,29vm11q9,7
xldeeed3,jmo29qo8,xldeeed3,wkpjojvk,owo7g7j9,7
xldeeed3,jmo29qo8,xldeeed3,wkpjojvk,ewp7k7yw,9
xldeeed3,jmo29qo8,xldeeed3,wkpjojvk,495kvkm9,7
xldeeed3,jmo29qo8,xldeeed3,wkpjojvk,gdrpkpew,11
xldeeed3,jmo29qo8,xldeeed3,wkpjojvk,5d7y6yqd,6
xldeeed3,jmo29qo8,xldeeed3,wkpjojvk,rdqz6zod,5
xldeeed3,jmo29qo8,xldeeed3,wkpjojvk,nwlgkgo9,3
xldeeed3,jmo29qo8,xldeeed3,wkpjojvk,ywe2zzlw,3
xldeeed3,jmo29qo8,xldeeed3,wkpjojvk,gdrpkkew,6
xldeeed3,jmo29qo8,xldeeed3,wkpjojvk,n93q8qrw,4
xldeeed3,jmo29qo8,xldeeed3,wkpjojvk,xd40vvq9,5
xldeeed3,jmo29qo8,xldeeed3,wkpjojvk,5920vv7d,4
xldeeed3,jmo29qo8,xldeeed3,wkpjojvk,o9x1mm3d,6
xldeeed3,jmo29qo8,xldeeed3,wkpjojvk,rdnoko5w,8
xldeeed3,jmo29qo8,xldeeed3,wkpjojvk,kwj7oo0w,8
xldeeed3,jmo29qo8,xldeeed3,wkpjojvk,z98r2rrd,6
xldeeed3,jmo29qo8,xldeeed3,wkpjojvk,n93q2q2w,6
xldeeed3,jmo29qo8,xldeeed3,wkpjojvk,592gg7w6,5
xldeeed3,jmo29qo8,xldeeed3,wkpjojvk,rw6ppp97,6
xldeeed3,jmo29qo8,xldeeed3,wkpjojvk,y9m5kkzd,4
xldeeed3,jmo29qo8,xldeeed3,wkpjojvk,ewp7kkyw,7
xldeeed3,jmo29qo8,xldeeed3,wkpjojvk,xd40rp09,10
xldeeed3,jmo29qo8,xldeeed3,wkpjojvk,owo7lk39,6
xldeeed3,jmo29qo8,xldeeed3,wkpjojvk,5d7y66qd,7
xldeeed3,jmo29qo8,xldeeed3,wkpjojvk,xd1jvjzd,8
xldeeed3,jmo29qo8,xldeeed3,wkpjojvk,xd07o6jw,6
xldeeed3,jmo29qo8,xldeeed3,wkpjojvk,rw6qkkpd,7
xldeeed3,jmo29qo8,xldeeed3,wkpjojvk,z98r22rd,8
xldeeed3,jmo29qo8,xldeeed3,wkpjojvk,xd0kvvm9,7
xldeeed3,jmo29qo8,xldeeed3,wkpjojvk,nwlxxowv,6
xldeeed3,jmo29qo8,xldeeed3,wkpjojvk,xd1eezwo,3
xldeeed3,jmo29qo8,xldeeed3,wkpjojvk,owo11j96,5
xldeeed3,jmo29qo8,xldeeed3,wkpjojvk,y9mqqzd5,5
xldeeed3,jmo29qo8,xldeeed3,wkpjojvk,69zooxd1,11
xldeeed3,jmo29qo8,xldeeed3,wkpjojvk,xd0rrmdq,8
xldeeed3,jmo29qo8,xldeeed3,wkpjojvk,xd477qdm,7
xldeeed3,jmo29qo8,xldeeed3,wkpjojvk,5wkkggvw,5
xldeeed3,jmo29qo8,xldeeed3,wkpjojvk,495kvvm9,9
xldeeed3,jmo29qo8,xldeeed3,wkpjojvk,n93552w0,7
xldeeed3,jmo29qo8,xldeeed3,wkpjojvk,z98vvrwl,7
xldeeed3,jmo29qo8,xldeeed3,wkpjojvk,rdnjj59m,6
xldeeed3,jmo29qo8,xldeeed3,wkpjojvk,ldy77pd3,4
xldeeed3,jmo29qo8,xldeeed3,wkpjojvk,gdr44ewz,6
xldeeed3,jmo29qo8,xldeeed3,wkpjojvk,xd4748dm,8
xldeeed3,jmo29qo8,xldeeed3,wkpjojvk,29ve4xdv,5
xldeeed3,jmo29qo8,xldeeed3,wkpjojvk,592g26w6,8
xldeeed3,jmo29qo8,xldeeed3,wkpjojvk,5d7knewy,5
xldeeed3,jmo29qo8,xldeeed3,wkpjojvk,5wkz5xw4,7
xldeeed3,jmo29qo8,xldeeed3,wkpjojvk,y9mq70d5,6
xldeeed3,jmo29qo8,xldeeed3,wkpjojvk,ldy7n7d3,6
xldeeed3,jmo29qo8,xldeeed3,wkpjojvk,kwjlx1dg,4
xldeeed3,jmo29qo8,xldeeed3,wkpjojvk,owo1o396,4
xldeeed3,jmo29qo8,xldeeed3,wkpjojvk,495o34dp,5
xldeeed3,jmo29qo8,xldeeed3,wkpjojvk,rdq2pgdx,6
xldeeed3,jmo29qo8,xldeeed3,wkpjojvk,xd1ekywo,6
xldeeed3,jmo29qo8,xldeeed3,wkpjojvk,o9x587wl,8
xldeeed3,jmo29qo8,xldeeed3,wkpjojvk,ywekr4wl,8
xldeeed3,jmo29qo8,xldeeed3,wkpjojvk,5920vogd,9
xldeeed3,jmo29qo8,xldeeed3,wkpjojvk,gdr4mkwz,6
xldeeed3,jmo29qo8,xldeeed3,wkpjojvk,5wkzyxw4,8
xldeeed3,jmo29qo8,xldeeed3,wkpjojvk,rdnje69m,5
xldeeed3,jmo29qo8,xldeeed3,wkpjojvk,y9m5k5zd,10
xldeeed3,jmo29qo8,xldeeed3,wkpjojvk,r9gykkj9,8
xldeeed3,jmo29qo8,xldeeed3,wkpjojvk,ywekklwl,8
xldeeed3,jmo29qo8,xldeeed3,wkpjojvk,ewpm14wn,8
xldeeed3,jmo29qo8,xldeeed3,wkpjojvk,r9gykyj9,9
xldeeed3,jmo29qo8,xldeeed3,wkpjojvk,69zpmmxw,12
xldeeed3,jmo29qo8,xldeeed3,wkpjojvk,rdq22odx,6
xldeeed3,jmo29qo8,xldeeed3,wkpjojvk,r9g00jw2,8
xldeeed3,jmo29qo8,xldeeed3,wkpjojvk,xd0rmjdq,3
xldeeed3,jmo29qo8,xldeeed3,wkpjojvk,495oomdp,6
xldeeed3,jmo29qo8,xldeeed3,wkpjojvk,ldy144pd,7
xldeeed3,jmo29qo8,xldeeed3,wkpjojvk,kwjll0dg,6
xldeeed3,jmo29qo8,xldeeed3,wkpjojvk,ldy7m7d3,9
xldeeed3,jmo29qo8,xldeeed3,wkpjojvk,ldy141pd,9
xldeeed3,jmo29qo8,xldeeed3,wkpjojvk,n93q222w,4
xldeeed3,jmo29qo8,pdvjl9dw,wdmo35kq,None,12
xldeeed3,jmo29qo8,pdvjl9dw,wdmo35kq,None,7
xldeeed3,jmo29qo8,pdvjl9dw,wdmo35kq,None,3
xldeeed3,jmo29qo8,pdvjl9dw,wdmo35kq,None,3
xldeeed3,jmo29qo8,pdvjl9dw,wdmo35kq,None,6
xldeeed3,jmo29qo8,xldeeed3,wkpjojvk,n9356rw0,7
xldeeed3,jmo29qo8,xldeeed3,wkpjojvk,29veoxdv,10
xldeeed3,jmo29qo8,xldeeed3,wkpjojvk,xd47q8dm,4
xldeeed3,jmo29qo8,xldeeed3,wkpjojvk,59205y3d,6
xldeeed3,jmo29qo8,xldeeed3,wkpjojvk,owo1z396,6
xldeeed3,jmo29qo8,ldemjl13,ndx8xljk,None,17
xldeeed3,jmo29qo8,nd2gr310,q25407yd,None,3
xldeeed3,zxzn5rex,ok6qq06g,zdnw7p9d,kwj71p1w,1
xldeeed3,zxzn5rex,ok6qq06g,wkpjr8kr,None,2
xldeeed3,zxzn5rex,ok6qq06g,zdnw7p9d,29vm52x9,3
xldeeed3,zxzn5rex,ok6qq06g,zdnw7p9d,rdqz5lgd,2
xldeeed3,zxzn5rex,ok6qq06g,zdnw7p9d,5d7yz8ed,2
xldeeed3,zxzn5rex,ok6qq06g,zdnw7p9d,owo7qy39,2
xldeeed3,zxzn5rex,ok6qq06g,zdnw7p9d,5wkk1pxw,2
xldeeed3,zxzn5rex,ok6qq06g,wkpjr8kr,None,2
xldeeed3,zxzn5rex,369pxn01,w2035ro2,owo3lr3w,4
xldeeed3,zxzn5rex,n2680o1p,jdrx1egd,None,2
xldeeed3,zxzn5rex,n2680o1p,xd135g8k,ewpqymk9,2
xldeeed3,zxzn5rex,n2680o1p,xd135g8k,5wkroz29,2
xldeeed3,zxzn5rex,n2680o1p,xd135g8k,n93ge5nd,2
xldeeed3,zxzn5rex,n2680o1p,xd135g8k,29vkxe3d,3
xldeeed3,zxzn5rex,nj1nrxdp,jdrq6lk6,None,3
xldeeed3,zxzn5rex,nj1nrxdp,jdzo8g32,ewp6x2ld,4
xldeeed3,zxzn5rex,nj1nrxdp,jdzo8g32,xd4o2z09,3
xldeeed3,zxzn5rex,nj1nrxdp,jdzo8g32,rw66oxnw,3
xldeeed3,zxzn5rex,nj1nrxdp,wk6p6pd1,None,4
xldeeed3,zxzn5rex,369pxn01,w2035ro2,kwjv321w,5
xldeeed3,zxzn5rex,369pxn01,w2035ro2,5d72lgew,5
xldeeed3,zxzn5rex,xldeeed3,rklge08d,None,1
xldeeed3,zxzn5rex,pdvznzr6,824r35md,None,39
xldeeed3,zxzn5rex,nj1nrxdp,jdzo8g32,29vr7x1w,3
xldeeed3,zxzn5rex,nj1nrxdp,jdzo8g32,z98k7q79,2
xldeeed3,zxzn5rex,nj1nrxdp,jdzo8g32,y9moxmlw,3
xldeeed3,zxzn5rex,n2680o1p,rklenrw2,xd43z729,1
xldeeed3,zxzn5rex,n2680o1p,xd135g8k,xd43z729,2
xldeeed3,zxzn5rex,n2680o1p,xd135g8k,owo2nood,6
xldeeed3,zxzn5rex,369pxn01,w2035ro2,y9m2yn0d,4
xldeeed3,zxzn5rex,369pxn01,w2035ro2,xd4knl8w,4
xldeeed3,zxzn5rex,369pxn01,w2035ro2,29vzjqxd,3
xldeeed3,zxzn5rex,369pxn01,w2035ro2,xd146nyd,4
xldeeed3,zxzn5rex,369pxn01,w2035ro2,59243y6w,5
xldeeed3,zxzn5rex,369pxn01,w2035ro2,xd04l8jw,4
xldeeed3,zxzn5rex,369pxn01,w2035ro2,5wkq83xw,4
xldeeed3,zxzn5rex,369pxn01,w2035ro2,ewp8el49,4
xldeeed3,zxzn5rex,xldeeed3,wkpq1nwd,None,2
xldeeed3,zxzn5rex,xldeeed3,wkpjojvk,rdnoro6w,1
xldeeed3,zxzn5rex,9d38jey1,xk99g44k,xd05q1m9,1
xldeeed3,zxzn5rex,n2680o1p,jdz8p73d,None,3
xldeeed3,zxzn5rex,n2680o1p,rklenrw2,xd15rkew,2
xldeeed3,zxzn5rex,n2680o1p,rklenrw2,ewpqymk9,2
xldeeed3,zxzn5rex,n2680o1p,rklenrw2,y9mp3q59,1
xldeeed3,zxzn5rex,n2680o1p,rklenrw2,592olgod,2
xldeeed3,zxzn5rex,n2680o1p,rklenrw2,29vkxe3d,2
xldeeed3,zxzn5rex,n2680o1p,rklenrw2,xd07yrxw,2
xldeeed3,zxzn5rex,xldeeed3,824r84gd,None,2
xldeeed3,zxzn5rex,n2680o1p,jdz8p73d,None,3
xldeeed3,zxzn5rex,n2680o1p,ndxpn4j2,owo2nood,1
xldeeed3,zxzn5rex,n2680o1p,ndxpn4j2,y9mp3q59,1
xldeeed3,zxzn5rex,n2680o1p,ndxpn4j2,592olgod,1
xldeeed3,zxzn5rex,n2680o1p,ndxpn4j2,29vkxe3d,1
xldeeed3,zxzn5rex,n2680o1p,ndxpn4j2,xd07yrxw,1
xldeeed3,zxzn5rex,n2680o1p,ndxpn4j2,z988qvg9,1
xldeeed3,zxzn5rex,n2680o1p,ndxpn4j2,ewpqymk9,1
xldeeed3,zxzn5rex,n2680o1p,ndxpn4j2,5wkroz29,1
xldeeed3,zxzn5rex,n2680o1p,ndxpn4j2,n93ge5nd,1
xldeeed3,zxzn5rex,n2680o1p,ndxpn4j2,xd15rkew,1
xldeeed3,zxzn5rex,n2680o1p,ndxpn4j2,rw6nxprd,1
xldeeed3,zxzn5rex,m9doledp,zd304rdn,None,5
xldeeed3,zxzn5rex,n2680o1p,rklenrw2,owo2nood,3
xldeeed3,zxzn5rex,n2680o1p,rklenrw2,5wkroz29,2
xldeeed3,zxzn5rex,n2680o1p,rklenrw2,rw6nxprd,1
xldeeed3,zxzn5rex,n2680o1p,rklenrw2,n93ge5nd,2
xldeeed3,zxzn5rex,n2680o1p,rklenrw2,z988qvg9,1
xldeeed3,zxzn5rex,n2680o1p,xd135g8k,y9mp3q59,2
xldeeed3,zxzn5rex,n2680o1p,xd135g8k,592olgod,2
xldeeed3,zxzn5rex,n2680o1p,xd135g8k,xd07yrxw,2
xldeeed3,zxzn5rex,n2680o1p,xd135g8k,z988qvg9,3
xldeeed3,zxzn5rex,n2680o1p,xd135g8k,xd15rkew,2
xldeeed3,zxzn5rex,n2680o1p,xd135g8k,rw6nxprd,2
xldeeed3,zxzn5rex,o1y9wo6q,7kjpp4k3,None,144
xldeeed3,zxzn5rex,o1y9wo6q,n2y55mko,None,192
xldeeed3,zxzn5rex,o1ymwk1q,7kjrxx42,None,80
xldeeed3,zxzn5rex,369pxn01,zd3xr3rd,None,1
xldeeed3,zxzn5rex,o1y9wo6q,7dgrrxk4,None,136
xldeeed3,zxzn5rex,jy65g3de,xk901gk0,None,8
xldeeed3,zxzn5rex,jy65g3de,z27gyo20,None,8
xldeeed3,zxzn5rex,jy65g3de,rklxn7nk,nwlgnve9,1
xldeeed3,zxzn5rex,o1y9wo6q,7kjpp4k3,None,74
xldeeed3,zxzn5rex,o1ymwk1q,vdo4jr12,None,20
xldeeed3,zxzn5rex,pdvzg846,q25qymg2,None,11
xldeeed3,zxzn5rex,o1y9wo6q,wkpoo02r,None,14
xldeeed3,zxzn5rex,o1y9wo6q,7dgrrxk4,None,29
xldeeed3,zxzn5rex,o1ymwk1q,zd3lpqrd,None,10
xldeeed3,zxzn5rex,o1y9wo6q,n2y55mko,None,91
xldeeed3,zxzn5rex,o1ymwk1q,z2768e5d,None,29
xldeeed3,e8ew19p8,xldeeed3,wkpjojvk,gdr44ewz,1
xldeeed3,e8ew19p8,xldeeed3,wkpjojvk,592g26w6,2
xldeeed3,e8ew19p8,xldeeed3,wkpjojvk,rdnoko5w,1
xldeeed3,e8ew19p8,xldeeed3,wkpjojvk,n93q2q2w,1
xldeeed3,e8ew19p8,xldeeed3,wkpjojvk,xd1jvjzd,1
xldeeed3,e8ew19p8,xldeeed3,wkpjojvk,ywekr4wl,1
xldeeed3,e8ew19p8,xldeeed3,wkpjojvk,kwj7oo0w,1
xldeeed3,e8ew19p8,xldeeed3,wkpjojvk,ywe2zzlw,1
xldeeed3,e8ew19p8,xldeeed3,wkpjojvk,n935vrw0,2
xldeeed3,e8ew19p8,xldeeed3,wkpjojvk,495kvvm9,5
xldeeed3,e8ew19p8,xldeeed3,wkpjojvk,owo11j96,1
xldeeed3,e8ew19p8,xldeeed3,wkpjojvk,ywe2z2lw,1
xldeeed3,e8ew19p8,xldeeed3,wkpjojvk,r9gykyj9,4
xldeeed3,e8ew19p8,xldeeed3,wkpjojvk,ldy141pd,3
xldeeed3,e8ew19p8,xldeeed3,wkpjojvk,5d7y6yqd,2
xldeeed3,e8ew19p8,xldeeed3,wkpjojvk,n93q222w,1
xldeeed3,e8ew19p8,xldeeed3,wkpjojvk,o9x587wl,1
xldeeed3,e8ew19p8,xldeeed3,wkpjojvk,r9g0e2w2,1
xldeeed3,e8ew19p8,xldeeed3,wkpjojvk,gdrpkpew,1
xldeeed3,e8ew19p8,xldeeed3,rklge08d,None,9
xldeeed3,e8ew19p8,xldeeed3,wkpjojvk,xd4748dm,2
xldeeed3,e8ew19p8,xldeeed3,wkpjojvk,5d7kkqwy,2
xldeeed3,e8ew19p8,xldeeed3,wkpjojvk,xd47q8dm,2
xldeeed3,e8ew19p8,xldeeed3,wkpjojvk,xd0rzjdq,2
xldeeed3,e8ew19p8,xldeeed3,wkpjojvk,n9356rw0,2
xldeeed3,e8ew19p8,xldeeed3,wkpjojvk,5wkzyxw4,3
xldeeed3,e8ew19p8,xldeeed3,wkpjojvk,59205y3d,1
xldeeed3,e8ew19p8,xldeeed3,wkpjojvk,29veoxdv,1
xldeeed3,e8ew19p8,xldeeed3,wkpjojvk,owo1z396,2
xldeeed3,e8ew19p8,xldeeed3,wkpjojvk,xd477qdm,5
xldeeed3,e8ew19p8,xldeeed3,wkpjojvk,nwlxqgwv,5
xldeeed3,e8ew19p8,369pxn01,w2035ro2,29vzjqxd,8
xldeeed3,e8ew19p8,369pxn01,w2035ro2,59243y6w,14
xldeeed3,e8ew19p8,xldeeed3,wkpjojvk,nwlxxowv,3
xldeeed3,e8ew19p8,ok6qq06g,wkpjr8kr,None,11
xldeeed3,e8ew19p8,369pxn01,w2035ro2,owo3lr3w,19
xldeeed3,e8ew19p8,369pxn01,w2035ro2,5d72lgew,33
xldeeed3,o86m9vpj,nj1nrxdp,wk6p6pd1,None,1
xldeeed3,o86m9vpj,nj1nrxdp,jdrq6lk6,None,2
xldeeed3,o86m9vpj,o1yjk541,q259qnyk,nwljomp9,2
xldeeed3,o86m9vpj,xldeeed3,rklge08d,None,3
xldeeed3,o86m9vpj,nj1nrxdp,jdzo8g32,29vr7x1w,4
xldeeed3,o86m9vpj,nj1nrxdp,jdzo8g32,z98k7q79,2
xldeeed3,o86m9vpj,369pxn01,w2035ro2,y9m2yn0d,2
xldeeed3,o86m9vpj,369pxn01,w2035ro2,xd4knl8w,3
xldeeed3,o86m9vpj,369pxn01,w2035ro2,5d72lgew,1
xldeeed3,o86m9vpj,369pxn01,w2035ro2,xd146nyd,5
xldeeed3,o86m9vpj,369pxn01,w2035ro2,59243y6w,6
xldeeed3,o86m9vpj,369pxn01,w2035ro2,xd04l8jw,2
xldeeed3,o86m9vpj,369pxn01,w2035ro2,kwjv321w,3
xldeeed3,o86m9vpj,369pxn01,w2035ro2,29vzjqxd,4
xldeeed3,o86m9vpj,369pxn01,w2035ro2,5wkq83xw,5
xldeeed3,o86m9vpj,xldeeed3,9d863y62,None,2
xldeeed3,o86m9vpj,xldeeed3,wkpq1nwd,None,3
xldeeed3,o86m9vpj,9d38jey1,z2796q0d,None,2
xldeeed3,o86m9vpj,xldeeed3,wkpjojvk,r9g00jw2,5
xldeeed3,o86m9vpj,369pxn01,w2035ro2,owo3lr3w,6
xldeeed3,o86m9vpj,xldeeed3,824r84gd,None,4
xldeeed3,o86m9vpj,n2680o1p,n2y5m08k,None,2
xldeeed3,o86m9vpj,n2680o1p,jdz8p73d,None,2
xldeeed3,o86m9vpj,n2680o1p,02qo8pjk,None,2
xldeeed3,o86m9vpj,n2680o1p,jdz8p73d,None,2
xldeeed3,o86m9vpj,n2680o1p,rklenrw2,owo2nood,2
xldeeed3,o86m9vpj,n2680o1p,rklenrw2,5wkroz29,1
xldeeed3,o86m9vpj,n2680o1p,rklenrw2,29vkxe3d,1
xldeeed3,o86m9vpj,n2680o1p,rklenrw2,xd43z729,2
xldeeed3,o86m9vpj,n2680o1p,02qo8pjk,None,2
xldeeed3,o86m9vpj,n2680o1p,jdz8p73d,None,2
xldeeed3,o86m9vpj,n2680o1p,jdrx1egd,None,2
xldeeed3,o86m9vpj,n2680o1p,02qo8pjk,None,2
xldeeed3,o86m9vpj,n2680o1p,jdrx1egd,None,2
xldeeed3,o86m9vpj,xldeeed3,wkpjojvk,ywe2z2lw,3
xldeeed3,o86m9vpj,xldeeed3,wkpjojvk,n93q222w,2
xldeeed3,o86m9vpj,n2680o1p,n2y5m08k,None,2
xldeeed3,o86m9vpj,n4d7r172,q254wgdo,None,27
xldeeed3,o86m9vpj,n4d7r172,7wk6prd1,None,141
xldeeed3,o86m9vpj,xldeeed3,wkpjojvk,gdrpkpew,9
xldeeed3,o86m9vpj,n2680o1p,rklenrw2,xd15rkew,1
xldeeed3,o86m9vpj,n2680o1p,jdrx1egd,None,5
xldeeed3,o86m9vpj,n2680o1p,xd135g8k,owo2nood,1
xldeeed3,o86m9vpj,369pxn01,w2035ro2,ewp8el49,5
xldeeed3,o86m9vpj,xldeeed3,wkpjojvk,o9x553wl,4
xldeeed3,o86m9vpj,xldeeed3,wkpjojvk,69zooxd1,5
xldeeed3,o86m9vpj,xldeeed3,wkpjojvk,owo11j96,4
xldeeed3,o86m9vpj,xldeeed3,wkpjojvk,ldy7n7d3,7
xldeeed3,o86m9vpj,xldeeed3,wkpjojvk,kwj7oo0w,9
xldeeed3,o86m9vpj,xldeeed3,wkpjojvk,kwj7o70w,5
xldeeed3,o86m9vpj,xldeeed3,wkpjojvk,o9x1m13d,6
xldeeed3,o86m9vpj,369pxn01,xk9egxv2,None,4
xldeeed3,1xy1yznx,xldeeed3,wkpjojvk,kwjlx1dg,6
xldeeed3,1xy1yznx,jy65g3de,rklxn7nk,ldy1jvrd,1
xldeeed3,1xy1yznx,xldeeed3,wkpjojvk,495kvvm9,6
xldeeed3,1xy1yznx,nj1nrxdp,jdrq6lk6,None,14
xldeeed3,1xy1yznx,xldeeed3,wkpjojvk,xd0rmjdq,5
xldeeed3,1xy1yznx,xldeeed3,wkpjojvk,xd0rzjdq,9
xldeeed3,1xy1yznx,xldeeed3,wkpjojvk,nwlxqgwv,3
xldeeed3,1xy1yznx,xldeeed3,9d863y62,None,6
xldeeed3,1xy1yznx,jy65g3de,xk901gk0,None,14
xldeeed3,1xy1yznx,jy65g3de,rklxn7nk,gdrpgvlw,1
xldeeed3,1xy1yznx,nj1nrxdp,wk6p6pd1,None,12
xldeeed3,1xy1yznx,nj1nrxdp,jdzo8g32,ewp6x2ld,5
xldeeed3,1xy1yznx,jy65g3de,rklxn7nk,o9x1kvpd,6
xldeeed3,1xy1yznx,xldeeed3,rklge08d,None,4
xldeeed3,1xy1yznx,jy65g3de,rklxn7nk,ywe2n77w,5
xldeeed3,1xy1yznx,jy65g3de,rklxn7nk,69zpxvgw,6
xldeeed3,1xy1yznx,ldee3ed3,7kjrr7z2,None,2
xldeeed3,1xy1yznx,o1yjk541,n2ymry72,r9gg4mq9,2
xldeeed3,1xy1yznx,o1yjk541,n2ymry72,nwljomp9,2
xldeeed3,1xy1yznx,ok6qq06g,5dwjv0kg,None,13
xldeeed3,1xy1yznx,o6glkk8d,jdz847rd,None,6
xldeeed3,1xy1yznx,xldeeed3,wkpjojvk,ewpm14wn,15
xldeeed3,1xy1yznx,jy65g3de,jdz8o36d,None,4
xldeeed3,1xy1yznx,jy65g3de,z27gyo20,None,14
xldeeed3,1xy1yznx,m9doledp,9d8p8lkn,None,9
xldeeed3,1xy1yznx,m9doledp,xd1qj772,5d7mr45d,1
xldeeed3,1xy1yznx,m9doledp,xd1qj772,5927lprw,4
xldeeed3,1xy1yznx,m9doledp,xd1qj772,5wk7olqd,4
xldeeed3,1xy1yznx,m9doledp,xd1qj772,29vrxpnw,2
xldeeed3,1xy1yznx,m9doledp,xd1qj772,xd4oz8p9,2
xldeeed3,1xy1yznx,m9doledp,xd1qj772,kwjqrzr9,1
xldeeed3,1xy1yznx,m9doledp,xd1qj772,y9mo3z1w,2
xldeeed3,1xy1yznx,xldeeed3,rklge08d,None,24
xldeeed3,1xy1yznx,xldeeed3,wkpjojvk,ewpmmywn,6
xldeeed3,1xy1yznx,jy65g3de,rklxn7nk,495ky039,1
xldeeed3,1xy1yznx,jy65g3de,rklxn7nk,r9gyrop9,1
xldeeed3,1xy1yznx,9d38jey1,xk99g44k,xd05q1m9,1
xldeeed3,1xy1yznx,369pxn01,z2746v42,None,1
xldeeed3,1xy1yznx,jy65g3de,rklxn7nk,495ky039,3
xldeeed3,1xy1yznx,jy65g3de,rklxn7nk,rdnorv7w,7
xldeeed3,1xy1yznx,xldeeed3,wkpjojvk,rdnoro6w,1
xldeeed3,1xy1yznx,kdk24qdm,xd1w0v82,gdrvmpkw,3
xldeeed3,1xy1yznx,kdk24qdm,xd1w0v82,rdnv6k69,2
xldeeed3,1xy1yznx,kdk24qdm,xd1w0v82,n93pv2rd,1
xldeeed3,1xy1yznx,kdk24qdm,xd1w0v82,rw608k6w,2
xldeeed3,1xy1yznx,kdk24qdm,xd1w0v82,xd4m4v8d,2
xldeeed3,1xy1yznx,kdk24qdm,xd1w0v82,xd0jmvjw,3
xldeeed3,1xy1yznx,369pxn01,w2035ro2,5d72lgew,30
xldeeed3,1xy1yznx,369pxn01,z2746v42,None,1
xldeeed3,1xy1yznx,369pxn01,z2746v42,None,1
xldeeed3,1xy1yznx,j1n8k4x1,wkpg8zwk,None,2
xldeeed3,1xy1yznx,o6glkk8d,7dg9ozpk,None,2
xldeeed3,1xy1yznx,jy65g3de,mkeqpp8k,None,4
xldeeed3,1xy1yznx,o6glkk8d,7dg9ozpk,None,2
xldeeed3,1xy1yznx,m9doledp,zd304rdn,None,14
xldeeed3,1xy1yznx,om1mgp12,824xend5,None,3
xldeeed3,1xy1yznx,ok6qq06g,wkpjr8kr,None,17
xldeeed3,1xy1yznx,46wr7n1r,zd3oqydn,None,3
xldeeed3,1xy1yznx,o6glkk8d,7kj619z2,None,2
xldeeed3,1xy1yznx,k6qwy96g,824xz1nd,None,21
xldeeed3,1xy1yznx,qw6jx4dj,zdnwpxdq,None,15
xldeeed3,1xy1yznx,369pxn01,zd3xr3rd,None,1
xldeeed3,1xy1yznx,369pxn01,w2035ro2,owo3lr3w,26
xldeeed3,1xy1yznx,369pxn01,w2035ro2,5wkq83xw,23
xldeeed3,1xy1yznx,369pxn01,w2035ro2,59243y6w,25
xldeeed3,1xy1yznx,369pxn01,w2035ro2,y9m2yn0d,14
xldeeed3,1xy1yznx,369pxn01,w2035ro2,ewp8el49,20
xldeeed3,1xy1yznx,369pxn01,w2035ro2,xd04l8jw,17
xldeeed3,1xy1yznx,369pxn01,w2035ro2,29vzjqxd,22
xldeeed3,1xy1yznx,369pxn01,w2035ro2,xd4knl8w,15
xldeeed3,1xy1yznx,369pxn01,w2035ro2,xd146nyd,20
xldeeed3,1xy1yznx,369pxn01,w2035ro2,kwjv321w,22
xldeeed3,1xy1yznx,369pxn01,z2746v42,None,5
xldeeed3,1xy1yznx,n2680o1p,jdz8p73d,None,17
xldeeed3,1xy1yznx,n2680o1p,jdrx1egd,None,41
xldeeed3,1xy1yznx,pdvy2odw,rklq6v82,rw6oegnw,30
xldeeed3,1xy1yznx,pd0vw06e,n2y5zo7k,None,6
xldeeed3,1xy1yznx,o6gmpx62,mkejmg82,5d7v6y5d,49
xldeeed3,1xy1yznx,o6gmpx62,mkejmg82,69z3mp6d,135
xldeeed3,1xy1yznx,k6qwy96g,02qjq3pd,None,26
xldeeed3,e8e94oj0,nj1nrxdp,jdrq6lk6,None,4
xldeeed3,e8e94oj0,369pxn01,w2035ro2,kwjv321w,1
xldeeed3,e8e94oj0,369pxn01,w2035ro2,xd04l8jw,1
xldeeed3,e8e94oj0,369pxn01,w2035ro2,5wkq83xw,1
xldeeed3,e8e94oj0,369pxn01,w2035ro2,59243y6w,1
xldeeed3,e8e94oj0,369pxn01,w2035ro2,29vzjqxd,1
xldeeed3,e8e94oj0,369pxn01,w2035ro2,y9m2yn0d,3
xldeeed3,e8e94oj0,369pxn01,w2035ro2,ewp8el49,2
xldeeed3,e8e94oj0,369pxn01,w2035ro2,owo3lr3w,1
xldeeed3,e8e94oj0,j1n88rx1,7kjo0342,None,2
xldeeed3,e8e94oj0,369pxn01,w2035ro2,5d72lgew,2
xldeeed3,e8e94oj0,369pxn01,w2035ro2,xd146nyd,2
xldeeed3,e8e94oj0,369pxn01,w2035ro2,xd4knl8w,5
xldeeed3,e8e94oj0,369pxn01,z2746v42,None,5
xldeeed3,e8e94oj0,jy65g3de,rklxn7nk,o9x1kvpd,3
xldeeed3,e8e94oj0,jy65g3de,rklxn7nk,r9gyrop9,1
xldeeed3,e8e94oj0,9j1lr41g,7kjvyzk3,None,5
xldeeed3,e8e94oj0,jy65g3de,jdz8o36d,None,3
xldeeed3,e8e94oj0,nj1nrxdp,wk6p6pd1,None,3
xldeeed3,e8e94oj0,jy65g3de,xk901gk0,None,2
xldeeed3,e8e94oj0,jy65g3de,rklxn7nk,rdnorv7w,3
xldeeed3,e8e94oj0,qw6jx4dj,zdnwpxdq,None,5
xldeeed3,e8e94oj0,qw6jx4dj,q25owgko,None,16
xldeeed3,e8e94oj0,jy65g3de,z27gyo20,None,4
xldeeed3,e8e94oj0,m9doledp,9kvyzx3k,None,3
xldeeed3,e8e94oj0,xldeeed3,rklge08d,None,18
xldeeed3,e8e94oj0,m9doledp,9d8p8lkn,None,8
xldeeed3,61xygzxr,ldemyx13,rklmxndn,None,20
xldeeed3,61xygzxr,m1mm8p12,ndx69vdq,None,1
xldeeed3,61xygzxr,m1mjvk12,q25o7eyk,None,3
xldeeed3,61xygzxr,kdkjzl1m,ndxjy3v2,None,1
xldeeed3,61xygzxr,k6q9701g,mkeogr6d,rdnogenw,1
xldeeed3,61xygzxr,k6q9701g,wk6pxoxd,rdnogenw,2
xldeeed3,61xygzxr,4d700r17,q25onzwk,owo7xey9,1
xldeeed3,61xygzxr,m1znyx10,rklj7wnd,kwj7kg0w,3
xldeeed3,61xygzxr,946wm3dr,q25496yd,None,5
xldeeed3,61xygzxr,o6g08xd2,wdmxl6ok,None,22
xldeeed3,61xygzxr,o6g08xd2,wkp1m3wk,None,17
xldeeed3,61xygzxr,kdkjvl1m,wkpgzgkr,None,5
xldeeed3,61xygzxr,kdkzmrqd,9kvmn43k,None,5
xldeeed3,61xygzxr,9don2k1p,jdrqrpnk,None,3
xldeeed3,61xygzxr,o6g08xd2,n2y575mk,None,22
xldeeed3,61xygzxr,o6g08xd2,9kvpeg0k,None,21
xldeeed3,61xygzxr,o6g08xd2,zd301mnd,None,16
xldeeed3,61xygzxr,o6g08xd2,xk9rel6k,None,10
xldeeed3,61xygzxr,w6jng51j,7dgoygk4,None,23
xldeeed3,61xygzxr,9d303wdl,n2yj1we2,None,1
xldeeed3,61xygzxr,j1ljl4dg,jdz3j662,None,1
xldeeed3,61xygzxr,3dx8n41y,9kvmr43k,None,3
xldeeed3,61xygzxr,pdv09v1w,w20y37jk,None,1
xldeeed3,61xygzxr,kdkyle1m,wkpj330k,None,2
xldeeed3,61xygzxr,ldemyx13,9d8neqdn,rdqn11dx,4
xldeeed3,61xygzxr,ldemyx13,9d8neqdn,o9xxl19l,3
xldeeed3,61xygzxr,ldemyx13,9d8neqdn,495m8jwp,3
xldeeed3,61xygzxr,ldemyx13,9d8neqdn,yweq4rwl,3
xldeeed3,61xygzxr,ldemyx13,9d8neqdn,r9g73k92,3
xldeeed3,61xygzxr,j1lrle1g,5dwp48nk,None,2
xldeeed3,61xygzxr,268ev4k6,9kv79jjk,None,13
xldeeed3,61xygzxr,pdv09v1w,wdmqo942,None,10
xldeeed3,61xygzxr,4d7znl67,ndxwo5kq,None,3
xldeeed3,61xygzxr,k6q3k01g,w201lv5k,None,6
xldeeed3,61xygzxr,m1znyx10,824x3z3d,xd1jzmzd,1
xldeeed3,61xygzxr,m1znyx10,824x3z3d,5wkkmxvw,4
xldeeed3,61xygzxr,m1znyx10,824x3z3d,y9m5m6zd,4
xldeeed3,61xygzxr,m1znyx10,824x3z3d,kwj7kg0w,4
xldeeed3,61xygzxr,m1znyx10,824x3z3d,ewp723yw,4
xldeeed3,61xygzxr,m1znyx10,824x3z3d,owo7mjj9,7
xldeeed3,61xygzxr,m1znyx10,824x3z3d,5d7yj1qd,5
xldeeed3,61xygzxr,v1pp0818,q25rqyko,None,1
xldeeed3,61xygzxr,m1znyx10,xd1m3owd,None,4
xldeeed3,61xygzxr,v1p3r868,7dgqnp24,None,4
xldeeed3,61xygzxr,pd0ln2de,n2yq3gzk,None,3
xldeeed3,61xygzxr,9j1l9v1g,7wk6nq21,None,134
xldeeed3,61xygzxr,46wqyn6r,ndxmv652,None,6
xldeeed3,61xygzxr,ldeq05d3,9kvx1zj2,None,2
xldeeed3,61xygzxr,n4d7pgd7,9zdn1ekq,None,219
xldeeed3,61xygzxr,4d735r17,xd1rj7zk,None,8
xldeeed3,61xygzxr,jy65g3de,z27gyo20,None,44
xldeeed3,61xygzxr,y65k436e,jdrqym5k,None,3
xldeeed3,61xygzxr,9d3el01l,jdz3o1v2,None,7
xldeeed3,61xygzxr,v1pq0pd8,5dw8nj5d,None,5
xldeeed3,61xygzxr,v1pq0pd8,5dw8nj5d,None,1
xldeeed3,61xygzxr,n268x51p,7wk68x21,None,67
xldeeed3,61xygzxr,268eee96,xk9g84vd,None,1
xldeeed3,61xygzxr,k6q4wgzd,mkezwlxk,None,13
xldeeed3,61xygzxr,w6jg8e6j,jdz6eg2v,None,16
xldeeed3,61xygzxr,v1pq0pd8,7dg9y8gk,None,7
xldeeed3,61xygzxr,v1pq0pd8,5dw8nj5d,None,5
xldeeed3,61xygzxr,v1pq0pd8,mkeryojd,None,1
xldeeed3,61xygzxr,9d3wr91l,wdmq4e42,None,4
xldeeed3,61xygzxr,m1m02x62,z27gqn02,None,1
xldeeed3,61xygzxr,xldeeed3,rklge08d,None,6
xldeeed3,61xygzxr,9d38vw1l,ndx8911k,None,12
xldeeed3,61xygzxr,j1lep46g,9d8el47d,None,4
xldeeed3,61xygzxr,3dxzxp1y,xd1w0428,None,1
xldeeed3,61xygzxr,29d37g6l,r02qpjdy,None,95
xldeeed3,61xygzxr,y658g86e,wk6jy9qd,None,4
xldeeed3,61xygzxr,3dxzxp1y,zd35gvkn,None,1
xldeeed3,61xygzxr,y658g86e,n2y1y482,rw6vyyp9,6
xldeeed3,61xygzxr,76rp0l18,xd1340zk,None,5
xldeeed3,61xygzxr,8nd2wvd0,xn2y3zdo,None,200
xldeeed3,61xygzxr,46wokn1r,ndxm8xj2,None,1
xldeeed3,61xygzxr,m1znyx10,n2yrxmdo,None,6
xldeeed3,61xygzxr,46wj4ndr,8248ynk5,None,2
xldeeed3,61xygzxr,n268modp,9kvpr8kg,None,17
xldeeed3,61xygzxr,4d7ex367,wdmzz0x2,None,5
xldeeed3,61xygzxr,46wj4ndr,02qrq9ky,None,3
xldeeed3,61xygzxr,576rje18,7wkp1gkr,None,204
xldeeed3,61xygzxr,46wrrl1r,02qjw1jd,None,3
xldeeed3,61xygzxr,76rlz568,zd30plyd,None,5
xldeeed3,61xygzxr,26840ydp,9kv6q332,None,2
xldeeed3,61xygzxr,46w8v36r,z277np02,None,2
xldeeed3,61xygzxr,y658g86e,n2y1y482,ldye0vpw,8
xldeeed3,61xygzxr,y658g86e,n2y1y482,gdrj7vew,6
xldeeed3,61xygzxr,y658g86e,n2y1y482,rdn5gv5d,7
xldeeed3,61xygzxr,y658g86e,n2y1y482,z98jl0rw,4
xldeeed3,61xygzxr,29d37g6l,gjdregk6,None,73
xldeeed3,61xygzxr,9dokqm1p,vdo457v2,None,12
xldeeed3,61xygzxr,j1lep46g,9d8el47d,None,3
xldeeed3,61xygzxr,pdvj9vdw,wk6r6rk1,None,4
xldeeed3,61xygzxr,y658g86e,n2y1y482,n9303p29,8
xldeeed3,61xygzxr,y658g86e,n2y1y482,xd4688q9,21
xldeeed3,61xygzxr,y658g86e,n2y1y482,xd00oomd,12
xldeeed3,61xygzxr,3697g31l,zd3rpvdn,None,1
xldeeed3,61xygzxr,nd27m510,zd3vwn2n,None,4
xldeeed3,61xygzxr,29d3w01l,w9d846kn,None,339
xldeeed3,61xygzxr,29d3w01l,w9d846kn,None,339
xldeeed3,61xygzxr,nj1nrxdp,jdrq6lk6,None,8
xldeeed3,61xygzxr,576rje18,lvdo8ykp,None,146
xldeeed3,61xygzxr,ldeq05d3,vdoqr0vk,None,1
xldeeed3,61xygzxr,ldemyx13,ndxljrdq,None,3
xldeeed3,61xygzxr,4pd02v1e,xn2yozdo,None,90
xldeeed3,61xygzxr,x369701l,wz27r0d0,None,5
xldeeed3,61xygzxr,qw6jx4dj,q25owgko,None,23
xldeeed3,61xygzxr,946wm3dr,q25496yd,None,15
xldeeed3,61xygzxr,9j1l9v1g,pmke98d6,None,155
xldeeed3,61xygzxr,576rje18,9kvxrv82,None,104
xldeeed3,61xygzxr,j1l9qz1g,zd35jnkn,None,177
xldeeed3,61xygzxr,x369701l,9zdn0e2q,None,16
xldeeed3,61xygzxr,j1nrmwdp,jdz5po6d,None,96
xldeeed3,61xygzxr,m1mn33d2,zdn17qkq,None,2
xldeeed3,61xygzxr,v1pq0pd8,5dw8nj5d,None,4
xldeeed3,61xygzxr,v1pq0pd8,7dg9y8gk,None,2
xldeeed3,61xygzxr,v1pq0pd8,mkeryojd,None,7
xldeeed3,61xygzxr,o1yjko1q,9kvxpl32,None,56
xldeeed3,61xygzxr,nj1njw6p,vdo4o12p,None,30
xldeeed3,61xygzxr,w6jng51j,5dwln52g,None,22
xldeeed3,61xygzxr,pdv2p46w,ndx8nn1k,None,5
xldeeed3,61xygzxr,j1njoe6p,wk61mzrd,None,1
xldeeed3,61xygzxr,m1m02x62,wk6plzqd,None,2
xldeeed3,61xygzxr,3697g31l,9kvlw82g,None,1
xldeeed3,61xygzxr,46w5996r,zdnwvxxd,None,3
xldeeed3,61xygzxr,w6jzz21j,wdmzy4o2,None,16
xldeeed3,61xygzxr,v1p827d8,vdo4e862,None,1
xldeeed3,61xygzxr,j1nem5x1,rkljypnd,None,10
xldeeed3,61xygzxr,76rlz568,vdoml862,None,39
xldeeed3,61xygzxr,46wrrl1r,vdonq9kp,None,1
xldeeed3,61xygzxr,268oek1p,zdnq0w7d,None,25
xldeeed3,61xygzxr,946wm3dr,n2yq7m8k,None,2
xldeeed3,61xygzxr,29d3w01l,jdz5op6d,None,15
xldeeed3,61xygzxr,3dx8n41y,z27g6g52,None,14
xldeeed3,61xygzxr,3697201l,9d8nw7dn,None,5
xldeeed3,61xygzxr,76r9jv68,824npnk5,None,43
xldeeed3,61xygzxr,kdkyle1m,wkpj330k,None,3
xldeeed3,61xygzxr,946wm3dr,7kjrq423,None,4
xldeeed3,61xygzxr,o1yjko1q,ndx8j0vk,None,7
xldeeed3,61xygzxr,k6qlnx1g,n2y1y312,None,1
xldeeed3,61xygzxr,4d7znl67,rkl87r2n,None,8
xldeeed3,61xygzxr,4pd02v1e,4xk9r4k0,None,112
xldeeed3,61xygzxr,46wj4ndr,rklg39qd,None,1
xldeeed3,61xygzxr,26840ydp,9kv6q332,None,2
xldeeed3,61xygzxr,3dxmwp6y,wkpj6pgk,None,1
xldeeed3,61xygzxr,v1pp0818,rkl0pnkn,None,2
xldeeed3,61xygzxr,o6gljxd2,zd369rdn,None,22
xldeeed3,61xygzxr,xkdko26m,w20peokn,None,40
xldeeed3,61xygzxr,4d7org17,5dwpjz5k,None,3
xldeeed3,61xygzxr,xkdko26m,w20peokn,None,88
xldeeed3,61xygzxr,v1prkz68,w20zl5jd,None,103
xldeeed3,61xygzxr,v1prkz68,w20zl5jd,None,25
xldeeed3,61xygzxr,pdvz2k6w,jdrpmn26,None,39
xldeeed3,61xygzxr,3dxzxp1y,jdzryv2v,None,2
xldeeed3,61xygzxr,46w5996r,mke00xd6,None,3
xldeeed3,61xygzxr,4d74xld7,vdo9j1dp,None,100
xldeeed3,61xygzxr,v1pp0818,q25rqyko,None,1
xldeeed3,61xygzxr,v1p827d8,824peew2,None,1
xldeeed3,61xygzxr,pdv2p46w,ndx8nn1k,None,15
xldeeed3,61xygzxr,v1pp0818,rkl0pnkn,None,3
xldeeed3,61xygzxr,3dxzxp1y,jdzryv2v,None,5
xldeeed3,61xygzxr,o1y9yr6q,824x68gd,None,34
xldeeed3,61xygzxr,o1y9yr6q,z27g9452,None,30
xldeeed3,61xygzxr,j1nem5x1,rkljypnd,None,9
xldeeed3,61xygzxr,o1y9yr6q,9d8p6l3k,None,61
xldeeed3,61xygzxr,j1nem5x1,xd17p04d,None,45
xldeeed3,61xygzxr,ldemyx13,z27w5zk0,None,6
xldeeed3,61xygzxr,46w5996r,7dgooxk4,None,5
xldeeed3,61xygzxr,946wm3dr,jdz5oj3d,None,7
xldeeed3,61xygzxr,369o726l,xd1rr44k,None,22
xldeeed3,61xygzxr,n268x51p,wkpjl5vk,None,4
xldeeed3,61xygzxr,w6jlpxdj,ndxmvv2q,None,23
xldeeed3,61xygzxr,3697g31l,9kvlw82g,None,1
xldeeed3,61xygzxr,3dxzxp1y,jdzryv2v,None,29
xldeeed3,61xygzxr,pdvz2k6w,q2544njd,ywe28qyw,2
xldeeed3,61xygzxr,pdvz2k6w,q2544njd,rdnopqqw,2
xldeeed3,61xygzxr,36928gdl,wkpj0ngk,None,2
xldeeed3,61xygzxr,46wokn1r,7kjvmvnk,None,1
xldeeed3,61xygzxr,46wokn1r,wdmq88x2,ywe447rd,2
xldeeed3,61xygzxr,pd07nl6e,02q077ky,n931zrd0,2
xldeeed3,61xygzxr,pd07nl6e,02q077ky,rw615697,2
xldeeed3,61xygzxr,76rxxv68,zdnqgxdq,None,5
xldeeed3,61xygzxr,46wokn1r,ndx8111k,y9meeo1d,1
xldeeed3,61xygzxr,pd07nl6e,02q077ky,29v6nxwv,2
xldeeed3,61xygzxr,pd07nl6e,02q077ky,xd016jwq,2
xldeeed3,61xygzxr,pd07nl6e,02q077ky,592ke696,2
xldeeed3,61xygzxr,46wokn1r,xd1m77rd,y9meeo1d,1
xldeeed3,61xygzxr,46wokn1r,xd1m77rd,5wk227qw,1
xldeeed3,61xygzxr,k6q0l91g,xk90oy4k,o9x1056d,3
xldeeed3,61xygzxr,k6q0l91g,rklx706k,o9x1056d,1
xldeeed3,61xygzxr,k6q0l91g,xk90oy4k,rdqzqn1d,3
xldeeed3,61xygzxr,m1m02x62,mkeo0e8d,xd1jzgqd,1
xldeeed3,61xygzxr,m1m02x62,mkeo0e8d,owo7mzv9,1
xldeeed3,61xygzxr,m1m02x62,mkeo0e8d,ewp72glw,1
xldeeed3,61xygzxr,m1m02x62,mkeo0e8d,kwj7knrw,1
xldeeed3,61xygzxr,m1m02x62,mkeo0e8d,5d7yjo5d,1
xldeeed3,61xygzxr,m1m02x62,mkeo0e8d,o9x1yp6d,1
xldeeed3,61xygzxr,4d700r17,zdno6q2q,None,1
xldeeed3,61xygzxr,4d700r17,jdrq5y0k,ywe2pjrw,1
xldeeed3,61xygzxr,4d700r17,q25onzwk,xd408yp9,1
xldeeed3,61xygzxr,4d700r17,q25onzwk,n93q3new,1
xldeeed3,61xygzxr,4d700r17,q25onzwk,xd0ko219,1
xldeeed3,61xygzxr,4d700r17,q25onzwk,z98rlzld,1
xldeeed3,61xygzxr,4d700r17,q25onzwk,ldy105zd,1
xldeeed3,61xygzxr,4d700r17,q25onzwk,rw6qyl7d,1
xldeeed3,61xygzxr,4d700r17,q25onzwk,ywe2pjrw,1
xldeeed3,61xygzxr,4d700r17,q25onzwk,nwlgeyr9,1
xldeeed3,61xygzxr,4d700r17,q25onzwk,69zp0qow,1
xldeeed3,61xygzxr,4d700r17,q25onzwk,rdnoglvw,1
xldeeed3,61xygzxr,4d700r17,q25onzwk,495knlj9,1
xldeeed3,61xygzxr,4d700r17,q25onzwk,gdrp78zw,1
xldeeed3,61xygzxr,4d700r17,q25onzwk,y9m5zr1d,1
xldeeed3,61xygzxr,4d700r17,q25onzwk,5920p8rd,1
xldeeed3,61xygzxr,4d700r17,q25onzwk,5wkklnqw,1
xldeeed3,61xygzxr,4d700r17,q25onzwk,29vmpln9,1
xldeeed3,61xygzxr,m1m02x62,jdrqm45k,y9m5mmzd,6
xldeeed3,61xygzxr,m1m02x62,mkeo0e8d,y9m5mmzd,1
xldeeed3,61xygzxr,m1m02x62,mkeo0e8d,5wkkmmvw,1
xldeeed3,61xygzxr,m1m02x62,mkeo0e8d,rdqzmxmd,1
xldeeed3,61xygzxr,m1m02x62,mkeo0e8d,495kq729,1
xldeeed3,61xygzxr,ldemyx13,9d8neqdn,69zj4gw1,2
xldeeed3,61xygzxr,46wokn1r,w20zyyvd,xd100q69,1
xldeeed3,61xygzxr,46wokn1r,w20zyyvd,ewppp6zw,1
xldeeed3,61xygzxr,pd07nl6e,q25ov48k,5wkx4x94,2
xldeeed3,61xygzxr,pd07nl6e,zdnwvqqd,5wkx4x94,2
xldeeed3,61xygzxr,46w5996r,w20po7vk,69zp5xow,5
xldeeed3,61xygzxr,4d700r17,q25onzwk,owo7xey9,1
xldeeed3,61xygzxr,4d700r17,q25onzwk,xd1j136d,1
xldeeed3,61xygzxr,4d700r17,jdrq5y0k,xd1j136d,1
xldeeed3,61xygzxr,4d700r17,q25onzwk,ewp75zzw,1
xldeeed3,61xygzxr,pd07nl6e,zdnwvqqd,ewp344dn,2
xldeeed3,61xygzxr,pd07nl6e,02q077ky,5wkx4x94,2
xldeeed3,61xygzxr,m1m02x62,mkeo0e8d,5920667d,1
xldeeed3,61xygzxr,m1m02x62,mkeo0e8d,ewp722yw,1
xldeeed3,61xygzxr,4d700r17,jdrq5y0k,owo7xey9,1
xldeeed3,61xygzxr,46w5996r,ndxjq612,rdqz831d,2
xldeeed3,61xygzxr,pd07nl6e,02q077ky,ewp344dn,2
xldeeed3,61xygzxr,pd07nl6e,q25ov48k,xd1mlydo,2
xldeeed3,61xygzxr,pd07nl6e,zdnwvqqd,xd1mlydo,2
xldeeed3,61xygzxr,m1m02x62,jdrqm45k,o9x1yp6d,6
xldeeed3,61xygzxr,m1m02x62,jdrqm45k,5d7yjo5d,4
xldeeed3,61xygzxr,m1m02x62,jdrqm45k,kwj7knrw,4
xldeeed3,61xygzxr,m1m02x62,jdrqm45k,xd1jzgqd,3
xldeeed3,61xygzxr,m1m02x62,jdrqm45k,ewp72glw,5
xldeeed3,61xygzxr,m1m02x62,jdrqm45k,495kq729,4
xldeeed3,61xygzxr,m1m02x62,jdrqm45k,owo7mzv9,4
xldeeed3,61xygzxr,m1m02x62,jdrqm45k,rdqzmxmd,3
xldeeed3,61xygzxr,pd07nl6e,02q077ky,xd1mlydo,3
xldeeed3,61xygzxr,pd07nl6e,02q077ky,y9m640w5,2
xldeeed3,61xygzxr,pd07nl6e,q25ov48k,owoj4396,2
xldeeed3,61xygzxr,pd07nl6e,02q077ky,owoj4396,2
xldeeed3,61xygzxr,pd07nl6e,zdnwvqqd,5d71qedy,2
xldeeed3,61xygzxr,pd07nl6e,02q077ky,kwjg41wg,2
xldeeed3,61xygzxr,pd07nl6e,q25ov48k,kwjg41wg,3
xldeeed3,61xygzxr,pd07nl6e,zdnwvqqd,kwjg41wg,2
xldeeed3,61xygzxr,pd07nl6e,zdnwvqqd,owoj4396,3
xldeeed3,61xygzxr,m1m02x62,jdrqm45k,ewp722yw,5
xldeeed3,61xygzxr,m1m02x62,jdrqm45k,5wkkmmvw,6
xldeeed3,61xygzxr,m1m02x62,jdrqm45k,5920667d,6
xldeeed3,61xygzxr,pd07nl6e,02q077ky,5d71qedy,3
xldeeed3,61xygzxr,pd07nl6e,zdnwvqqd,rdq84gdx,3
xldeeed3,61xygzxr,46w5996r,w20po7vk,5920k8rd,5
xldeeed3,61xygzxr,46w5996r,ndxjq612,5920k8rd,4
xldeeed3,61xygzxr,46w5996r,w20po7vk,xd1jm36d,5
xldeeed3,61xygzxr,46w5996r,w20po7vk,ewp73zzw,5
xldeeed3,61xygzxr,46w5996r,ndxjq612,ewp73zzw,3
xldeeed3,61xygzxr,46w5996r,w20po7vk,y9m56r1d,3
xldeeed3,61xygzxr,46w5996r,ndxjq612,y9m56r1d,4
xldeeed3,61xygzxr,46w5996r,w20po7vk,5wkkxnqw,4
xldeeed3,61xygzxr,46w5996r,ndxjq612,5wkkxnqw,3
xldeeed3,61xygzxr,46wokn1r,xd1m77rd,ewppp6zw,1
xldeeed3,61xygzxr,46w5996r,ndxjq612,owo7jey9,4
xldeeed3,61xygzxr,46w5996r,w20po7vk,5d7y1evd,4
xldeeed3,61xygzxr,46w5996r,ndxjq612,5d7y1evd,4
xldeeed3,61xygzxr,46w5996r,w20po7vk,kwj7g8zw,4
xldeeed3,61xygzxr,46w5996r,ndxjq612,kwj7g8zw,3
xldeeed3,61xygzxr,46w5996r,w20po7vk,owo7jey9,5
xldeeed3,61xygzxr,pd07nl6e,02q077ky,rdq84gdx,4
xldeeed3,61xygzxr,46w5996r,ndxjq612,495k2rj9,4
xldeeed3,61xygzxr,46w5996r,ndxjq612,69zp5xow,4
xldeeed3,61xygzxr,46w5996r,w20po7vk,r9gyljk9,6
xldeeed3,61xygzxr,46w5996r,ndxjq612,r9gyljk9,4
xldeeed3,61xygzxr,46w5996r,w20po7vk,o9x1gz1d,5
xldeeed3,61xygzxr,46w5996r,ndxjq612,o9x1gz1d,5
xldeeed3,61xygzxr,46w5996r,w20po7vk,495k2rj9,5
xldeeed3,61xygzxr,yo1yq2dq,nxd1l7k8,None,146
xldeeed3,61xygzxr,kdk2oxdm,wdmz1ox2,xd40e809,2
xldeeed3,61xygzxr,kdk2oxdm,wdmz1ox2,xd0kno09,2
xldeeed3,61xygzxr,kdk2oxdm,wdmz1ox2,rw6qgynd,3
xldeeed3,61xygzxr,76rxxv68,z27geyz2,rdqky1dx,2
xldeeed3,61xygzxr,76rxxv68,z27geyz2,4951pjwp,3
xldeeed3,61xygzxr,76rxxv68,z27geyz2,o9xe61wl,3
xldeeed3,61xygzxr,46wokn1r,wdmq88x2,69zrrvod,1
xldeeed3,61xygzxr,kdk2oxdm,wkpjlv8k,None,7
xldeeed3,61xygzxr,46wokn1r,wdmq88x2,r9gzzgkd,1
xldeeed3,61xygzxr,46wokn1r,w20zyyvd,69zrrvod,1
xldeeed3,61xygzxr,946wm3dr,n2yq7m8k,None,5
xldeeed3,61xygzxr,46wokn1r,wdmq88x2,5d777mvd,1
xldeeed3,61xygzxr,46wokn1r,wdmq88x2,o9x22e1w,1
xldeeed3,61xygzxr,46wokn1r,wdmq88x2,rdq00k1w,1
xldeeed3,61xygzxr,46wokn1r,wdmq88x2,ewppp6zw,1
xldeeed3,61xygzxr,946wm3dr,jdz5oj3d,None,4
xldeeed3,61xygzxr,46wokn1r,zd3y77y2,495jj1jw,1
xldeeed3,61xygzxr,ldemyx13,zdnzo9dq,None,4
xldeeed3,61xygzxr,46wokn1r,9kvxyyj2,ewppp6zw,1
xldeeed3,61xygzxr,946wm3dr,xk951620,ldy8lpw3,3
xldeeed3,61xygzxr,46wokn1r,ndx8111k,kwjyyqzw,1
xldeeed3,61xygzxr,46wokn1r,w20zyyvd,owokkpyd,1
xldeeed3,61xygzxr,46wokn1r,w20zyyvd,592jj7rw,1
xldeeed3,61xygzxr,46wokn1r,ndx8111k,ywe447rd,1
xldeeed3,61xygzxr,46wokn1r,ndx8111k,r9gzzgkd,1
xldeeed3,61xygzxr,46wokn1r,rklgjjqd,69zrrvod,1
xldeeed3,61xygzxr,46wokn1r,ndx8111k,69zrrvod,1
xldeeed3,61xygzxr,46wokn1r,9kvxyyj2,r9gzzgkd,1
xldeeed3,61xygzxr,46wokn1r,vdo43312,r9gzzgkd,1
xldeeed3,61xygzxr,46wokn1r,vdo43312,ewppp6zw,1
xldeeed3,61xygzxr,46wokn1r,vdo43312,y9meeo1d,1
xldeeed3,61xygzxr,946wm3dr,q25496yd,None,5
xldeeed3,61xygzxr,46wokn1r,xd1m77rd,owokkpyd,1
xldeeed3,61xygzxr,46wokn1r,ndx8111k,owokkpyd,1
xldeeed3,61xygzxr,46wokn1r,xd1m77rd,xd100q69,1
xldeeed3,61xygzxr,v1ppv718,824qewk5,None,4
xldeeed3,61xygzxr,946wm3dr,7kjl4423,rdn245dm,2
xldeeed3,61xygzxr,n268x51p,p7kj6x23,None,15
xldeeed3,61xygzxr,76r48418,vdoz9vkp,None,47
xldeeed3,61xygzxr,v1ppv718,xk96wvk0,rw6gpr97,7
xldeeed3,61xygzxr,v1ppv718,xk96wvk0,5d7q66wy,4
xldeeed3,61xygzxr,369po01l,02qjgqyd,None,16
xldeeed3,61xygzxr,46wokn1r,9kvxyyj2,ywe447rd,1
xldeeed3,61xygzxr,46wokn1r,xd1m77rd,592jj7rw,1
xldeeed3,61xygzxr,9dowpe1p,824m5e25,owokqvd6,46
xldeeed3,61xygzxr,ldemyx13,xk9w5620,None,3
xldeeed3,61xygzxr,9dowpe1p,824m5e25,xd108q9o,35
xldeeed3,61xygzxr,9dowpe1p,824m5e25,y9me1ld5,16
xldeeed3,61xygzxr,9dowpe1p,824m5e25,ewp3kkdn,20
xldeeed3,61xygzxr,ldemyx13,xk9w5620,None,6
xldeeed3,61xygzxr,ldemyx13,9d8m5wkn,r9g73k92,4
xldeeed3,61xygzxr,ldemyx13,9d8m5wkn,rdqn11dx,3
xldeeed3,61xygzxr,ldemyx13,9d8neqdn,r9g53pd2,3
xldeeed3,61xygzxr,ldemyx13,9d8neqdn,o9xqlpwl,2
xldeeed3,61xygzxr,9dowpe1p,5dwyr5kg,None,55
xldeeed3,61xygzxr,9dowpe1p,824m5e25,ewpp0lwn,41
xldeeed3,61xygzxr,9dowpe1p,vdo3l9dp,None,42
xldeeed3,61xygzxr,9dowpe1p,w20y7okn,None,10
xldeeed3,61xygzxr,kdkm421m,9kvvz0kg,None,14
xldeeed3,61xygzxr,v1pp0818,q25rqyko,None,2
xldeeed3,61xygzxr,3697g31l,zd3rpvdn,None,2
xldeeed3,61xygzxr,3dxzxp1y,824qwgk5,None,2
xldeeed3,61xygzxr,3dxzxp1y,02qe5p2y,None,2
xldeeed3,61xygzxr,m1me8kd2,xd113zd8,None,9
xldeeed3,61xygzxr,m1me8kd2,zd3vle2n,None,4
xldeeed3,61xygzxr,ldemyx13,9d8neqdn,xd0401wq,5
xldeeed3,61xygzxr,946wm3dr,xk951620,xd03nmdq,3
xldeeed3,61xygzxr,946wm3dr,q255wv2o,xd03nmdq,3
xldeeed3,61xygzxr,946wm3dr,xk951620,rw6egpd7,2
xldeeed3,61xygzxr,946wm3dr,q255wv2o,rdn245dm,3
xldeeed3,61xygzxr,946wm3dr,q255wv2o,z98g4rwl,3
xldeeed3,61xygzxr,946wm3dr,7kjl4423,z98g4rwl,2
xldeeed3,61xygzxr,946wm3dr,zdnop92q,rw6egpd7,2
xldeeed3,61xygzxr,946wm3dr,7kjl4423,xd4req9m,5
xldeeed3,61xygzxr,946wm3dr,q255wv2o,xd4req9m,3
xldeeed3,61xygzxr,946wm3dr,z275yzk0,xd4req9m,2
xldeeed3,61xygzxr,946wm3dr,xk951620,xd4req9m,3
xldeeed3,61xygzxr,946wm3dr,xk951620,z98g4rwl,3
xldeeed3,61xygzxr,k6q9701g,7kj3w742,None,1
xldeeed3,61xygzxr,k6q9701g,7kj3w742,None,1
xldeeed3,61xygzxr,k6q9701g,7kj3w742,None,1
xldeeed3,61xygzxr,k6q9701g,7kj3w742,None,1
xldeeed3,61xygzxr,k6q9701g,7kj3w742,None,1
xldeeed3,61xygzxr,k6q9701g,7kj3w742,None,1
xldeeed3,61xygzxr,k6q9701g,7kj3w742,None,1
xldeeed3,61xygzxr,k6q9701g,7kj3w742,None,1
xldeeed3,61xygzxr,k6q9701g,7kj3w742,None,1
xldeeed3,61xygzxr,k6q9701g,7kj3w742,None,1
xldeeed3,61xygzxr,k6q9701g,7kj3w742,None,1
xldeeed3,61xygzxr,k6q9701g,7kj3w742,None,1
xldeeed3,61xygzxr,k6q9701g,7kj3w742,None,1
xldeeed3,61xygzxr,k6q9701g,7kj3w742,None,1
xldeeed3,61xygzxr,46wokn1r,rklgjjqd,xd100q69,1
xldeeed3,61xygzxr,46wokn1r,ndx8111k,xd100q69,1
xldeeed3,61xygzxr,46wokn1r,ndx8111k,5wk227qw,1
xldeeed3,61xygzxr,46wokn1r,ndx8111k,592jj7rw,1
xldeeed3,61xygzxr,46wokn1r,n2yq8qzk,None,1
xldeeed3,61xygzxr,46wokn1r,zd3y77y2,y9meeo1d,1
xldeeed3,61xygzxr,46wokn1r,rklgjjqd,592jj7rw,1
xldeeed3,61xygzxr,46wokn1r,xd1m77rd,o9x22e1w,2
xldeeed3,61xygzxr,46wokn1r,w20zyyvd,5wk227qw,1
xldeeed3,61xygzxr,3dxzxp1y,zd35gvkn,None,8
xldeeed3,61xygzxr,46wokn1r,vdo43312,owokkpyd,2
xldeeed3,61xygzxr,46wokn1r,vdo43312,5wk227qw,2
xldeeed3,61xygzxr,46wokn1r,vdo43312,592jj7rw,1
xldeeed3,61xygzxr,46wokn1r,vdo43312,495jj1jw,1
xldeeed3,61xygzxr,46wokn1r,vdo43312,o9x22e1w,1
xldeeed3,61xygzxr,46wokn1r,zd3y77y2,5d777mvd,1
xldeeed3,61xygzxr,3697g31l,zd3rpvdn,None,1
xldeeed3,61xygzxr,46wokn1r,vdo43312,ywe447rd,2
xldeeed3,61xygzxr,46wokn1r,vdo43312,rdq00k1w,2
xldeeed3,61xygzxr,46wokn1r,vdo43312,kwjyyqzw,1
xldeeed3,61xygzxr,46wokn1r,vdo43312,xd100q69,1
xldeeed3,61xygzxr,m1me8kd2,n2ymee2o,5wkv0qd4,3
xldeeed3,61xygzxr,yd43xw1e,zd30np8d,None,4
xldeeed3,61xygzxr,v1pq0pd8,wk6o3pok,None,6
xldeeed3,61xygzxr,v1pq0pd8,wk6o3pok,None,6
xldeeed3,61xygzxr,4pd02v1e,p7kj3n23,None,110
xldeeed3,61xygzxr,946wm3dr,jdrpl5l2,None,7
xldeeed3,61xygzxr,9j1l9v1g,w5dw4ekg,None,95
xldeeed3,61xygzxr,946wm3dr,xk951620,n93yz2d0,2
xldeeed3,61xygzxr,kdk04q6m,zd30308d,None,2
xldeeed3,61xygzxr,w6jzk71j,z27g0p02,None,2
xldeeed3,61xygzxr,o6g7oo62,7kjmwgk3,None,3
xldeeed3,61xygzxr,y65zo76e,jdrro0d6,None,11
xldeeed3,61xygzxr,3dxzjy1y,vdoqnlvk,None,88
xldeeed3,61xygzxr,46wj4ndr,02qrq9ky,None,2
xldeeed3,61xygzxr,o6g7oo62,xk937xk0,None,3
xldeeed3,61xygzxr,n268x51p,xn2yg82o,None,52
xldeeed3,e8ew5p80,46wr7n1r,zd3oqydn,None,1
xldeeed3,e8ew5p80,46wr7n1r,zd30xoyd,None,1
xldeeed3,e8ew5p80,46wr7n1r,zd3oqydn,None,2
xldeeed3,e8ew5p80,n2680o1p,n2y5m08k,None,4
xldeeed3,e8ew5p80,268w996p,5dw87ndg,None,41
xldeeed3,e8ew5p80,369pxn01,w2035ro2,5wkq83xw,18
xldeeed3,e8ew5p80,369pxn01,w2035ro2,59243y6w,27
xldeeed3,e8ew5p80,46w22l6r,wk6oork1,None,376
xldeeed3,e8ew5p80,n2680o1p,n2y5m08k,None,4
xldeeed3,e8ew5p80,m1mx0y46,xd1g6nrd,None,11
xldeeed3,e8ew5p80,m1mx0y46,xd1g6nrd,None,27
xldeeed3,e8ew5p80,4d7y5zd7,02qlzqpk,None,27
xldeeed3,e8ew5p80,yd4or2x1,wkp1jowk,None,1
xldeeed3,e8ew5p80,yd4or2x1,wkp1jowk,None,2
xldeeed3,e8ew5p80,m9doledp,zd304rdn,None,8
xldeeed3,e8ew5p80,o6glkk8d,jdzopnx2,None,2
xldeeed3,e8ew5p80,3693m36l,zd3y6nn2,None,2
xldeeed3,e8ew5p80,3693m36l,zd3y6nn2,None,2
xldeeed3,e8ew5p80,3693m36l,zd3y6nn2,None,2
xldeeed3,e8ew5p80,3693m36l,zd3y6nn2,None,2
xldeeed3,e8ew5p80,3693m36l,mkej8p82,None,2
xldeeed3,e8ew5p80,3693m36l,mkej8p82,None,2
xldeeed3,e8ew5p80,3693m36l,mkej8p82,None,2
xldeeed3,e8ew5p80,qw6jx4dj,q25owgko,None,9
xldeeed3,e8ew5p80,n2680o1p,02qo8pjk,None,6
xldeeed3,e8ew5p80,n2680o1p,jdrx1egd,None,6
xldeeed3,e8ew5p80,n2680o1p,jdz8p73d,None,8
xldeeed3,e8ew5p80,n2680o1p,xd135g8k,z988qvg9,6
xldeeed3,e8ew5p80,n2680o1p,jdrx1egd,None,8
xldeeed3,e8ew5p80,n2680o1p,xd135g8k,owo2nood,4
xldeeed3,e8ew5p80,n2680o1p,xd135g8k,ewpqymk9,5
xldeeed3,e8ew5p80,n2680o1p,xd135g8k,5wkroz29,6
xldeeed3,e8ew5p80,n2680o1p,xd135g8k,xd07yrxw,3
xldeeed3,e8ew5p80,n2680o1p,xd135g8k,xd15rkew,5
xldeeed3,e8ew5p80,n2680o1p,xd135g8k,y9mp3q59,3
xldeeed3,e8ew5p80,n2680o1p,xd135g8k,29vkxe3d,3
xldeeed3,e8ew5p80,n2680o1p,xd135g8k,rw6nxprd,4
xldeeed3,e8ew5p80,n2680o1p,xd135g8k,592olgod,4
xldeeed3,e8ew5p80,n2680o1p,xd135g8k,n93ge5nd,5
xldeeed3,e8ew5p80,n2680o1p,xd135g8k,xd43z729,3
xldeeed3,e8ew5p80,76r35l68,5dwyj6lk,None,22
xldeeed3,e8ew5p80,nj1nrxdp,wk6p6pd1,None,18
xldeeed3,e8ew5p80,268vqkdp,9kvp9e8k,None,54
xldeeed3,e8ew5p80,n2680o1p,jdz8p73d,None,7
xldeeed3,e8ew5p80,n4d7jzd7,w20p7jkn,None,62
xldeeed3,e8ew5p80,jy65g3de,z27gyo20,None,16
xldeeed3,e8ew5p80,3693m36l,mkej8p82,None,2
xldeeed3,e8ew5p80,j1nqoy1p,mke9x59d,None,11
xldeeed3,e8ew5p80,j1ly9zdg,jdrq7wxk,None,3
xldeeed3,e8ew5p80,3dxl9pdy,wk6p80rd,None,3
xldeeed3,e8ew5p80,n2680o1p,jdz8p73d,None,18
xldeeed3,e8ew5p80,n2680o1p,jdrx1egd,None,50
xldeeed3,e8ew5p80,9doxl7dp,wkp0ww2r,None,5
xldeeed3,e8ew5p80,qw6jx4dj,zdnwpxdq,None,4
xldeeed3,e8ew5p80,ok6qq06g,wkpjr8kr,None,13
xldeeed3,e8ew5p80,m9doledp,9d8p8lkn,None,5
xldeeed3,e8ew5p80,n2680o1p,jdrx1egd,None,7
xldeeed3,e8ew5p80,pdvje9dw,jdz0132v,None,8
xldeeed3,e8ew5p80,pdvje9dw,zd344y2n,None,7
xldeeed3,e8ew5p80,ok6qq06g,5dwjv0kg,None,8
xldeeed3,e8ew5p80,ok6qq06g,rklrp8kn,None,7
xldeeed3,e8ew5p80,nd2ewo5d,xd17re7d,None,5
xldeeed3,e8ew5p80,jy65g3de,xk901gk0,None,10
xldeeed3,e8ew5p80,xldeeed3,rklge08d,None,20
xldeeed3,e8ew5p80,xldeeed3,wkpjojvk,n935vrw0,12
xldeeed3,e8ew5p80,xldeeed3,wkpjojvk,o9x553wl,11
xldeeed3,e8ew5p80,xldeeed3,wkpjojvk,29vm11q9,8
xldeeed3,e8ew5p80,xldeeed3,wkpjojvk,ldy7m7d3,10
xldeeed3,e8ew5p80,268zey6p,jdzlw4r2,None,230
xldeeed3,e8ew5p80,9j1l9v1g,pmke98d6,None,149
xldeeed3,e8ew5p80,j1l9qz1g,9d85yqdn,None,415
xldeeed3,e8ew5p80,j1l9qz1g,z275w5k0,None,554
xldeeed3,e8ew5p80,y654y0de,7dg5og24,None,4
xldeeed3,e8ew5p80,369883dl,02qllyky,None,84
xldeeed3,e8ew5p80,4d709l17,9d8p777k,None,35
xldeeed3,1xyrkyjr,n2680o1p,jdz8p73d,None,18
xldeeed3,1xyrkyjr,pdvz0e96,jdzvnn3k,None,3
xldeeed3,1xyrkyjr,xldeeed3,rklge08d,None,36
xldeeed3,1xyrkyjr,n2680o1p,jdrx1egd,None,91
xldeeed3,1xyrkyjr,om1mgp12,02qgw9dy,None,3
xldeeed3,1xyrkyjr,n2680o1p,jdz8p73d,None,24
xldeeed3,1xyrkyjr,ok6qq06g,5dwjv0kg,None,6
xldeeed3,1xyrkyjr,n2680o1p,02qo8pjk,None,11
xldeeed3,1xyrkyjr,n2680o1p,jdrx1egd,None,17
xldeeed3,1xyrkyjr,ok6qq06g,wkpjr8kr,None,91
xldeeed3,j92zg478,o1ymwk1q,9d865m32,None,135
xldeeed3,j92zg478,o1ymwk1q,9d865m32,None,78
xldeeed3,j92zg478,o1y9wo6q,7kjpp4k3,None,236
xldeeed3,j92zg478,xldeeed3,wkpjojvk,kwjll0dg,8
xldeeed3,j92zg478,xldeeed3,wkpjojvk,69zpmmxw,10
xldeeed3,j92zg478,xldeeed3,wkpjojvk,495kvvm9,12
xldeeed3,j92zg478,o1y9wo6q,n2y55mko,None,677
xldeeed3,j92zg478,o1y9wo6q,wkpoo02r,None,391
xldeeed3,j92zg478,o1y9wo6q,xk9gg6d0,None,133
xldeeed3,j92zg478,o1y9wo6q,7dgrrxk4,None,637
xldeeed3,0jm742oj,nj1nrxdp,wk6p6pd1,None,24
xldeeed3,0jm742oj,xldeeed3,rklge08d,None,29
xldeeed3,0jm742oj,n2680o1p,jdrx1egd,None,66
xldeeed3,xkon3468,pdv279r6,824qlywk,None,5
xldeeed3,xkon3468,xldeeed3,rklge08d,None,38
xldeeed3,xkon3468,n2680o1p,jdrx1egd,None,13
xldeeed3,xkon3468,nj1nrxdp,wk6p6pd1,None,40
xldeeed3,xkon3468,jy65g3de,xk901gk0,None,30
xldeeed3,xkon3468,v1pxy768,jdz9mrg2,None,5
xldeeed3,xkon3468,v1pxy768,7kj3el42,None,3
xldeeed3,j032vowj,m1zjmz60,82466qnd,None,168
xldeeed3,j032vowj,9d3pey6l,z2773eo2,None,8
xldeeed3,j032vowj,o1y92wo6,xd1e3882,None,10
xldeeed3,j032vowj,o1y92wo6,rklqe4w2,None,6
xldeeed3,j032vowj,o1y92wo6,9kvmj40k,None,7
xldeeed3,j032vowj,9d3lmwdl,wk6p84qd,None,1
xldeeed3,j032vowj,9d3lmwdl,vdo49192,None,1
xldeeed3,j032vowj,o1y92wo6,zd36l3nd,None,5
xldeeed3,j032vowj,4d7plnd7,5dw440nk,None,1
xldeeed3,j032vowj,pdvjjkdw,jdzrg32v,None,2
xldeeed3,j032vowj,4d7plnd7,824n5gk5,None,6
xldeeed3,j032vowj,pdvjjkdw,jdzrg32v,None,6
xldeeed3,j032vowj,pdvjjkdw,jdzrg32v,None,2
xldeeed3,j032vowj,pdvjjkdw,zd309xrd,None,7
xldeeed3,j032vowj,pdvjjkdw,q25onmgk,None,3
xldeeed3,j032vowj,xldeeed3,wkpq1nwd,None,1
xldeeed3,j032vowj,xldeeed3,rklge08d,None,3
xldeeed3,j032vowj,9d3lmwdl,rklg6r8d,None,1
xldeeed3,j032vowj,268e30o6,02qlr3yk,None,1
xldeeed3,j032vowj,9d3lmwdl,jdrlz9nd,None,1
xldeeed3,j032vowj,268e30o6,ndxmp5r2,None,4
xldeeed3,zx7237y8,xldeeed3,wkpjojvk,rdnjj59m,8
xldeeed3,zx7237y8,xldeeed3,rklge08d,None,23
xldeeed3,zx7237y8,xldeeed3,wkpjojvk,kwj7o70w,14
xldeeed3,zx7237y8,ok6qq06g,5dwjv0kg,None,15
xldeeed3,zx7237y8,ok6qq06g,rklrp8kn,None,5
xldeeed3,zx7237y8,n2680o1p,jdrx1egd,None,39
xldeeed3,dx3qnokj,nj1nrxdp,wk6p6pd1,None,11
xldeeed3,dx3qnokj,n4d7jzd7,9kvpvekg,None,11
xldeeed3,dx3qnokj,n4d7jzd7,vdo06wod,None,22
xldeeed3,dx3qnokj,xldeeed3,824r84gd,None,6
xldeeed3,dx3qnokj,xldeeed3,9d863y62,None,4
xldeeed3,dx3qnokj,xldeeed3,wkpq1nwd,None,3
xldeeed3,dx3qnokj,om1mx362,9d8vge6k,None,27
xldeeed3,dx3qnokj,xldeeed3,rklge08d,None,8
xldeeed3,dx3qnokj,369pxn01,w2035ro2,5d72lgew,22
xldeeed3,dx3qnokj,369pxn01,w2035ro2,kwjv321w,23
xldeeed3,dx3qnokj,369pxn01,w2035ro2,xd146nyd,19
xldeeed3,dx3qnokj,369pxn01,w2035ro2,y9m2yn0d,17
xldeeed3,dx3qnokj,369pxn01,w2035ro2,59243y6w,30
xldeeed3,dx3qnokj,369pxn01,w2035ro2,29vzjqxd,20
xldeeed3,dx3qnokj,369pxn01,w2035ro2,xd4knl8w,12
xldeeed3,dx3qnokj,nj1nrxdp,jdrq6lk6,None,11
xldeeed3,dx3qnokj,xldeeed3,wkpjojvk,n935vrw0,6
xldeeed3,dx3qnokj,n2680o1p,02qo8pjk,None,7
xldeeed3,dx3qnokj,ok6qq06g,wkpjr8kr,None,10
xldeeed3,dx3qnokj,xldeeed3,wkpjojvk,z98vy1wl,9
xldeeed3,dx3qnokj,xldeeed3,wkpjojvk,owo11j96,6
xldeeed3,dx3qnokj,xldeeed3,wkpjojvk,o9x587wl,6
xldeeed3,dx3qnokj,xldeeed3,wkpjojvk,495oomdp,7
xldeeed3,dx3qnokj,xldeeed3,wkpjojvk,ldy141pd,7
xldeeed3,dx3qnokj,xldeeed3,wkpjojvk,5wkzyxw4,9
xldeeed3,dx3qnokj,xldeeed3,wkpjojvk,ldy77pd3,8
xldeeed3,dx3qnokj,xldeeed3,wkpjojvk,xd1jvjzd,9
xldeeed3,dx3qnokj,xldeeed3,wkpjojvk,69zpmmxw,9
xldeeed3,dx3qnokj,n2680o1p,02qo8pjk,None,9
xldeeed3,dx3qnokj,n2680o1p,jdz8p73d,None,13
xldeeed3,dx3qnokj,n2680o1p,jdrx1egd,None,9
xldeeed3,dx3qnokj,29d3w01l,8243qed5,None,23
xldeeed3,dx3qnokj,29d3w01l,w9d846kn,None,73
xldeeed3,dx3qnokj,n2680o1p,jdrx1egd,None,20
xldeeed3,dx3qnokj,n2680o1p,jdz8p73d,None,11
xldeeed3,dx3qnokj,xldeeed3,wkpjojvk,o9x553wl,9
xldeeed3,dx3qnokj,o6glkk8d,jdrx0end,None,7
xldeeed3,dx3qnokj,xldeeed3,wkpjojvk,n9356rw0,9
xldeeed3,dx3qnokj,ok6qq06g,5dwjv0kg,None,11
xldeeed3,dx3qnokj,xldeeed3,wkpjojvk,xd1ekywo,5
xldeeed3,dx3qnokj,xldeeed3,wkpjojvk,gdr44ewz,9
xldeeed3,dx3qnokj,xldeeed3,wkpjojvk,y9m5kkzd,5
xldeeed3,dx3qnokj,xldeeed3,wkpjojvk,29vm11q9,6
xldeeed3,dx3qnokj,xldeeed3,wkpjojvk,29ve4xdv,7
xldeeed3,dx3qnokj,xldeeed3,wkpjojvk,ewpm14wn,12
xldeeed3,dx3qnokj,xldeeed3,wkpjojvk,rdq22odx,8
xldeeed3,dx3qnokj,xldeeed3,wkpjojvk,kwjll0dg,5
xldeeed3,dx3qnokj,xldeeed3,wkpjojvk,ywekklwl,11
xldeeed3,dx3qnokj,xldeeed3,wkpjojvk,rdnokk5w,5
xldeeed3,dx3qnokj,ok6qq06g,wkpjr8kr,None,13
xldeeed3,dx3qnokj,xldeeed3,wkpjojvk,59205y3d,9
xldeeed3,dx3qnokj,xldeeed3,wkpjojvk,495kvvm9,11
xldeeed3,dx3qnokj,xldeeed3,wkpjojvk,rdnoro6w,1
xldeeed3,dx3qnokj,o6glkk8d,jdrx0end,None,4
xldeeed3,dx3qnokj,o6glkk8d,jdrx0end,None,3
xldeeed3,dx3qnokj,y654z7de,xk9jywgd,None,1
xldeeed3,dx3qnokj,y654z7de,wk6jzod1,None,9
xldeeed3,dx3qnokj,om1mx362,7kjvmgk3,None,367
xldeeed3,dx3qnokj,nd22xvd0,w20pq58k,None,672
xldeeed3,5j5w0zjv,xldeeed3,wkpjojvk,rdnj669m,8
xldeeed3,5j5w0zjv,xldeeed3,rklge08d,None,17
xldeeed3,5j5w0zjv,xldeeed3,wkpjojvk,69zooxd1,10
xldeeed3,5j5w0zjv,xldeeed3,wkpjojvk,ywekr4wl,9
xldeeed3,5j5w0zjv,xldeeed3,wkpjojvk,ewpmmywn,5
xldeeed3,5j5w0zjv,xldeeed3,wkpjojvk,5wkzyxw4,15
xldeeed3,5j5w0zjv,xldeeed3,wkpjojvk,29veoxdv,12
xldeeed3,5j5w0zjv,xldeeed3,wkpjojvk,gdr4mkwz,9
xldeeed3,5j5w0zjv,xldeeed3,wkpjojvk,xd477qdm,10
xldeeed3,5j5w0zjv,xldeeed3,wkpjojvk,n93q222w,8
xldeeed3,5j5w0zjv,xldeeed3,wkpjojvk,n935vrw0,13
xldeeed3,5j5w0zjv,xldeeed3,wkpjojvk,495kvvm9,15
xldeeed3,5j5w0zjv,xldeeed3,wkpjojvk,5wkzzvw4,7
xldeeed3,5j5w0zjv,xldeeed3,wkpjojvk,rw6ppp97,8
xldeeed3,5j5w0zjv,xldeeed3,wkpjojvk,ewp7kkyw,9
xldeeed3,5j5w0zjv,xldeeed3,wkpjojvk,ldy7n7d3,10
xldeeed3,5j5w0zjv,xldeeed3,wkpjojvk,5wkz5xw4,11
xldeeed3,5j5w0zjv,xldeeed3,wkpjojvk,rdnoko5w,10
xldeeed3,5j5w0zjv,xldeeed3,wkpjojvk,rdqz66od,10
xldeeed3,5j5w0zjv,xldeeed3,wkpjojvk,xd0kvvm9,8
xldeeed3,5j5w0zjv,xldeeed3,wkpjojvk,r9gykyj9,10
xldeeed3,5j5w0zjv,xldeeed3,wkpjojvk,ewpm14wn,13
xldeeed3,5j5w0zjv,xldeeed3,wkpjojvk,kwj7o70w,11
xldeeed3,o86zdv5x,9d38jey1,xk99g44k,49515xmw,2
xldeeed3,o86zdv5x,3dxkx3g1,wdmmoned,None,4
xldeeed3,o86zdv5x,9d38jey1,xk99g44k,xd05q1m9,1
xldeeed3,o86zdv5x,nj1nrxdp,wk6p6pd1,None,21
xldeeed3,o86zdv5x,n2680o1p,jdz8p73d,None,23
xldeeed3,o86zdv5x,xldeeed3,wkpjojvk,xd47q8dm,7
xldeeed3,o86zdv5x,xldeeed3,wkpjojvk,rdnoro6w,1
xldeeed3,o86zdv5x,46wr7n1r,zd3oqydn,None,12
xldeeed3,o86zdv5x,3dxkx3g1,w20emrjd,None,3
xldeeed3,o86zdv5x,o6glkk8d,jdz847rd,None,2
xldeeed3,o86zdv5x,o6glkk8d,7dg9ozpk,None,6
xldeeed3,8qrrv3oj,xldeeed3,wkpjojvk,xd40rp09,8
xldeeed3,8qrrv3oj,xldeeed3,wkpjojvk,69zooxd1,4
xldeeed3,8qrrv3oj,xldeeed3,wkpjojvk,69zpmmxw,8
xldeeed3,qjn024xm,kdkzrx2d,wk6vp4od,xd16j2e9,25
xldeeed3,qjn024xm,kdkzrx2d,wk6vp4od,ewpe7rk9,21
xldeeed3,qjn024xm,y650k41e,9d8zq7dn,None,2
xldeeed3,qjn024xm,y650k41e,9kv1vjkg,None,4
xldeeed3,qjn024xm,o1y92x46,z2766q4d,None,16
xldeeed3,qjn024xm,9dow271p,jdrpx4l2,ldyee2jw,15
xldeeed3,qjn024xm,m1mzmxd2,wk6pp4pd,xd08rm9q,4
xldeeed3,qjn024xm,m1mzmxd2,wk6pp4pd,69zkm691,4
xldeeed3,qjn024xm,m1mzmxd2,wk6pp4pd,xd4l7q9m,4
xldeeed3,qjn024xm,m1mzmxd2,wk6pp4pd,rw6zppd7,3
xldeeed3,qjn024xm,m1mzmxd2,wk6pp4pd,z9812rwl,2
xldeeed3,qjn024xm,m1mzmxd2,9kvxzqe2,None,2
xldeeed3,qjn024xm,w6je871j,9d8zr6dn,nwlgv8o9,2
xldeeed3,qjn024xm,w6je871j,mke13826,nwlgv8o9,4
xldeeed3,qjn024xm,w6je871j,7dgvl7d4,nwlgv8o9,7
xldeeed3,qjn024xm,w6je871j,q25zry2o,nwlgv8o9,4
xldeeed3,qjn024xm,w6je871j,jdryzg26,nwlgv8o9,6
xldeeed3,qjn024xm,w6je871j,jdzxy32v,nwlgv8o9,4
xldeeed3,qjn024xm,9dow271p,wdmz9x42,ldyee2jw,64
xldeeed3,qjn024xm,9dow271p,jdrpx4l2,rdq00lmw,7
xldeeed3,qjn024xm,kdkpol1m,7dggreld,None,64
xldeeed3,qjn024xm,76r2nvd8,7dggz4pd,None,147
xldeeed3,qjn024xm,76r2nvd8,7kjr59z2,None,66
xldeeed3,qjn024xm,9dok331p,9kvp410k,y9m5vg1d,21
xldeeed3,qjn024xm,y650k41e,z27y0020,r9gq72d2,1
xldeeed3,qjn024xm,m1mzmxd2,wk6pp4pd,ywe6zq9l,4
xldeeed3,qjn024xm,xldeeed3,wkpjojvk,o9x553wl,12
xldeeed3,qjn024xm,xldeeed3,wkpjojvk,ywekklwl,12
xldeeed3,qjn024xm,xldeeed3,wkpjojvk,ldy7n7d3,14
xldeeed3,qjn024xm,xldeeed3,wkpjojvk,gdr44ewz,13
xldeeed3,qjn024xm,v1ppv718,xk96wvk0,rw6gpr97,9
xldeeed3,qjn024xm,nd27o510,jdze5rdv,kwjpy1wg,6
xldeeed3,qjn024xm,m1mzmxd2,n2yqqm1k,5wk3zv94,4
xldeeed3,qjn024xm,m1mzmxd2,wk6pp4pd,gdr5k89z,4
xldeeed3,qjn024xm,m1mzmxd2,wk6pp4pd,ldym4jd3,4
xldeeed3,qjn024xm,m1mzmxd2,wk6pp4pd,29vqeqdv,5
xldeeed3,qjn024xm,m1mzmxd2,wk6pp4pd,ldym4pd3,4
xldeeed3,qjn024xm,m1mzmxd2,wk6pp4pd,rdnek5dm,1
xldeeed3,qjn024xm,m1mzmxd2,wk6pp4pd,n9362790,2
xldeeed3,qjn024xm,m1mzmxd2,wk6pp4pd,z98127wl,4
xldeeed3,qjn024xm,m1mzmxd2,wk6pp4pd,rdnekndm,4
xldeeed3,qjn024xm,m1mzmxd2,wk6pp4pd,592yg7w6,4
xldeeed3,qjn024xm,m1mzmxd2,wk6pp4pd,5wk3zv94,4
xldeeed3,qjn024xm,9d3k9w1l,xk976xd0,n93kx2w0,1
xldeeed3,qjn024xm,v1p3xm68,jdzmggkv,rdqmog9x,8
xldeeed3,qjn024xm,v1p3xm68,82458nk5,rdqmog9x,5
xldeeed3,qjn024xm,w6je871j,wdmzgq52,None,2
xldeeed3,qjn024xm,w6je871j,wkpj6ygk,None,2
xldeeed3,qjn024xm,v1p3xm68,jdzmggkv,xd1zyywo,1
xldeeed3,qjn024xm,v1p3xm68,jdzmggkv,ewp2o49n,6
xldeeed3,qjn024xm,v1p3xm68,jdzmggkv,5d7jxedy,5
xldeeed3,qjn024xm,v1p3xm68,jdzmggkv,kwjk619g,1
xldeeed3,qjn024xm,v1p3xm68,jdzmggkv,owom5396,5
xldeeed3,qjn024xm,y650k41e,z27y0020,592e8696,1
xldeeed3,qjn024xm,y650k41e,9d8zq7dn,None,2
xldeeed3,qjn024xm,y650k41e,9kv1vjkg,None,7
xldeeed3,qjn024xm,y650k41e,z27y0020,rdnxx5wm,3
xldeeed3,qjn024xm,y650k41e,z27y0020,r9gq72d2,1
xldeeed3,qjn024xm,y650k41e,z27y0020,r9gq72d2,1
xldeeed3,qjn024xm,y650k41e,z27y0020,rdnxq6wm,7
xldeeed3,7j424elx,ok6qq06g,wkpjr8kr,None,20
xldeeed3,7j424elx,n2680o1p,w201n3zk,owo2nood,1
xldeeed3,7j424elx,n2680o1p,jdrx1egd,None,5
xldeeed3,7j424elx,n2680o1p,02qo8pjk,None,3
xldeeed3,7j424elx,n2680o1p,jdz8p73d,None,6
xldeeed3,7j424elx,ok6qq06g,5dwjv0kg,None,14
xldeeed3,7j424elx,o6glkk8d,jdz847rd,None,5
xldeeed3,7j424elx,j1n8k4x1,jdzryeg2,xd0jm7jw,1
xldeeed3,7j424elx,n2680o1p,jdz8p73d,None,9
xldeeed3,7j424elx,n2680o1p,02qo8pjk,None,5
xldeeed3,7j424elx,nj1nrxdp,wk6p6pd1,None,16
xldeeed3,7j424elx,n2680o1p,jdrx1egd,None,11
xldeeed3,7j424elx,m9doledp,zd304rdn,None,4
xldeeed3,7j424elx,m9doledp,zd304rdn,None,1
xldeeed3,7j424elx,m9doledp,zd304rdn,None,1
xldeeed3,7j424elx,m9doledp,zd304rdn,None,1
xldeeed3,7j424elx,m9doledp,zd304rdn,None,1
xldeeed3,7j424elx,o6glkk8d,jdrx0end,None,1
xldeeed3,7j424elx,j1n8k4x1,wkpg8zwk,None,1
xldeeed3,7j424elx,j1n8k4x1,wkpg8zwk,None,2
xldeeed3,7j424elx,j1n8k4x1,jdzryeg2,ewpv1q4w,2
xldeeed3,7j424elx,j1n8k4x1,jdzryeg2,495036md,1
xldeeed3,7j424elx,j1n8k4x1,jdzryeg2,o9xv8n3d,1
xldeeed3,7j424elx,j1n8k4x1,wkpg8zwk,None,1
xldeeed3,7j424elx,ok6qq06g,wkpjr8kr,None,14
xldeeed3,7j424elx,o6glkk8d,jdrx0end,None,3
xldeeed3,7j424elx,o6glkk8d,jdrx0end,None,4
xldeeed3,7j424elx,pd08el1e,zd3l96rd,None,1
xldeeed3,7j424elx,xldeeed3,rklge08d,None,19
xldeeed3,7j424elx,n2680o1p,jdrx1egd,None,8
xldeeed3,7j424elx,n2680o1p,jdz8p73d,None,7
xldeeed3,7j424elx,xldeeed3,wkpjojvk,rdnoro6w,1
xldeeed3,7j424elx,m9doledp,zd304rdn,None,1
xldeeed3,7j424elx,369pxn01,w2035ro2,5d72lgew,28
xldeeed3,7j424elx,369pxn01,w2035ro2,59243y6w,24
xldeeed3,7j424elx,pd08el1e,9kvjvm3k,None,2
xldeeed3,pj0v90mx,xldeeed3,wkpjojvk,5d7knewy,1
xldeeed3,pj0v90mx,xldeeed3,wkpjojvk,xd07o6jw,1
xldeeed3,pj0v90mx,xldeeed3,wkpjojvk,ldy77pd3,3
xldeeed3,pj0v90mx,xldeeed3,wkpjojvk,495kvvm9,4
xldeeed3,pj0v90mx,m9doledp,9kvyzx3k,None,1
xldeeed3,pj0v90mx,m9doledp,xd1qj772,5927lprw,1
xldeeed3,pj0v90mx,m9doledp,xd1qj772,5wk7olqd,1
xldeeed3,pj0v90mx,xldeeed3,wkpjojvk,y9mqqzd5,2
xldeeed3,pj0v90mx,xldeeed3,wkpjojvk,xd1ekywo,1
xldeeed3,pj0v90mx,nj1nrxdp,jdzo8g32,xd05qy09,1
xldeeed3,pj0v90mx,nj1nrxdp,jdzo8g32,n93j4e7d,2
xldeeed3,pj0v90mx,nj1nrxdp,wk6p6pd1,None,10
xldeeed3,pj0v90mx,k6q0p01g,jdz3zpv2,None,1
xldeeed3,pj0v90mx,jy65g3de,z27gyo20,None,1
xldeeed3,pj0v90mx,jy65g3de,rklxn7nk,gdrpgvlw,2
xldeeed3,pj0v90mx,xldeeed3,5dw11v0k,None,1
xldeeed3,pj0v90mx,xldeeed3,wkpjojvk,nwlgkgo9,2
xldeeed3,pj0v90mx,xldeeed3,wkpjojvk,rdq2pgdx,2
xldeeed3,pj0v90mx,xldeeed3,wkpjojvk,495o34dp,3
xldeeed3,pj0v90mx,xldeeed3,wkpjojvk,5920vogd,3
xldeeed3,pj0v90mx,xldeeed3,wkpjojvk,r9g00jw2,4
xldeeed3,pj0v90mx,xldeeed3,wkpjojvk,5wkz5xw4,4
xldeeed3,pj0v90mx,xldeeed3,wkpjojvk,xd0kvvm9,3
xldeeed3,pj0v90mx,xldeeed3,wkpjojvk,owo1o396,3
xldeeed3,pj0v90mx,xldeeed3,wkpjojvk,kwj7oo0w,5
xldeeed3,pj0v90mx,xldeeed3,wkpjojvk,xd477qdm,4
xldeeed3,pj0v90mx,xldeeed3,wkpjojvk,5wkzzvw4,3
xldeeed3,pj0v90mx,xldeeed3,wkpjojvk,n93552w0,3
xldeeed3,pj0v90mx,xldeeed3,wkpjojvk,5d7y66qd,3
xldeeed3,pj0v90mx,xldeeed3,wkpjojvk,rdqz66od,3
xldeeed3,pj0v90mx,xldeeed3,wkpjojvk,ewp7k7yw,2
xldeeed3,pj0v90mx,xldeeed3,wkpjojvk,xd0rzjdq,1
xldeeed3,pj0v90mx,xldeeed3,wkpjojvk,owo1z396,1
xldeeed3,pj0v90mx,xldeeed3,wkpjojvk,kwjll0dg,3
xldeeed3,pj0v90mx,xldeeed3,wkpjojvk,owo11j96,2
xldeeed3,pj0v90mx,xldeeed3,wkpjojvk,rdq22odx,1
xldeeed3,pj0v90mx,xldeeed3,wkpjojvk,ewpmmywn,1
xldeeed3,pj0v90mx,xldeeed3,wkpjojvk,n9356rw0,4
xldeeed3,pj0v90mx,xldeeed3,wkpjojvk,5wkzyxw4,4
xldeeed3,pj0v90mx,xldeeed3,wkpjojvk,69zpmmxw,2
xldeeed3,pj0v90mx,nj1nrxdp,wk6p6pd1,None,5
xldeeed3,pj0v90mx,jy65g3de,rklxn7nk,ldy1jvrd,1
xldeeed3,pj0v90mx,jy65g3de,rklxn7nk,rdnorv7w,1
xldeeed3,pj0v90mx,xldeeed3,wkpjojvk,rw6qkkpd,3
xldeeed3,pj0v90mx,xldeeed3,wkpjojvk,n93q2q2w,4
xldeeed3,pj0v90mx,jy65g3de,rklxn7nk,o9x1kvpd,2
xldeeed3,pj0v90mx,xldeeed3,wkpjojvk,z98vvrwl,3
xldeeed3,pj0v90mx,xldeeed3,wkpjojvk,y9m5kkzd,1
xldeeed3,pj0v90mx,46wvx7dr,5dwjvolk,None,3
xldeeed3,pj0v90mx,xldeeed3,wkpjojvk,nwlxxowv,1
xldeeed3,pj0v90mx,xldeeed3,wkpjojvk,xd4748dm,4
xldeeed3,pj0v90mx,xldeeed3,wkpjojvk,592gg7w6,3
xldeeed3,pj0v90mx,xldeeed3,wkpjojvk,n93q222w,3
xldeeed3,pj0v90mx,xldeeed3,wkpjojvk,z98vy1wl,4
xldeeed3,pj0v90mx,xldeeed3,wkpjojvk,gdrpkpew,7
xldeeed3,pj0v90mx,xldeeed3,wkpjojvk,592g26w6,5
xldeeed3,pj0v90mx,xldeeed3,wkpjojvk,rdnj669m,3
xldeeed3,pj0v90mx,xldeeed3,wkpjojvk,r9g0e2w2,3
xldeeed3,pj0v90mx,xldeeed3,wkpjojvk,owo7lk39,5
xldeeed3,pj0v90mx,xldeeed3,wkpjojvk,rdnokk5w,2
xldeeed3,pj0v90mx,xldeeed3,wkpjojvk,n93q8qrw,3
xldeeed3,pj0v90mx,xldeeed3,wkpjojvk,rdnoko5w,5
xldeeed3,pj0v90mx,xldeeed3,wkpjojvk,ldy7m7d3,7
xldeeed3,pj0v90mx,xldeeed3,wkpjojvk,xd47q8dm,3
xldeeed3,pj0v90mx,xldeeed3,wkpjojvk,gdrpkkew,5
xldeeed3,pj0v90mx,xldeeed3,wkpjojvk,xd0rmjdq,9
xldeeed3,pj0v90mx,xldeeed3,wkpq1nwd,None,5
xldeeed3,pj0v90mx,jy65g3de,xk901gk0,None,5
xldeeed3,pj0v90mx,o1y9rrv6,xk9goq4d,None,1
xldeeed3,pj0v90mx,xldeeed3,wkpjojvk,xd1eezwo,2
xldeeed3,pj0v90mx,xldeeed3,wkpjojvk,nwlxqgwv,4
xldeeed3,pj0v90mx,xldeeed3,wkpjojvk,29veoxdv,4
xldeeed3,pj0v90mx,xldeeed3,wkpjojvk,rdqz6zod,3
xldeeed3,pj0v90mx,xldeeed3,wkpjojvk,kwjlx1dg,1
xldeeed3,pj0v90mx,m9doledp,9kvyzx3k,None,2
xldeeed3,pj0v90mx,9d38jey1,z2796q0d,None,3
xldeeed3,pj0v90mx,xldeeed3,wkpjojvk,5d7kkqwy,3
xldeeed3,pj0v90mx,xldeeed3,wkpjojvk,495kvkm9,3
xldeeed3,pj0v90mx,xldeeed3,wkpjojvk,ewp7kkyw,2
xldeeed3,pj0v90mx,xldeeed3,wkpjojvk,gdr4mkwz,2
xldeeed3,pj0v90mx,xldeeed3,wkpjojvk,r9gykyj9,6
xldeeed3,pj0v90mx,xldeeed3,wkpjojvk,29ve4xdv,1
xldeeed3,pj0v90mx,xldeeed3,wkpjojvk,rdnje69m,1
xldeeed3,pj0v90mx,xldeeed3,wkpjojvk,kwj7o70w,3
xldeeed3,pj0v90mx,xldeeed3,wkpjojvk,29vm11q9,3
xldeeed3,pj0v90mx,xldeeed3,wkpjojvk,ldy141pd,5
xldeeed3,pj0v90mx,xldeeed3,wkpjojvk,ywekklwl,5
xldeeed3,pj0v90mx,xldeeed3,wkpjojvk,ldy7n7d3,5
xldeeed3,pj0v90mx,xldeeed3,wkpjojvk,y9mq70d5,4
xldeeed3,pj0v90mx,xldeeed3,wkpjojvk,69zpmpxw,3
xldeeed3,pj0v90mx,xldeeed3,wkpjojvk,gdr44ewz,3
xldeeed3,pj0v90mx,xldeeed3,wkpjojvk,o9x553wl,2
xldeeed3,pj0v90mx,xldeeed3,wkpjojvk,rdnjj59m,2
xldeeed3,pj0v90mx,xldeeed3,wkpjojvk,y9m5k5zd,9
xldeeed3,pj0v90mx,xldeeed3,wkpjojvk,z98r2rrd,5
xldeeed3,pj0v90mx,xldeeed3,wkpjojvk,69zoy4d1,4
xldeeed3,pj0v90mx,xldeeed3,wkpjojvk,5wkkggvw,7
xldeeed3,pj0v90mx,xldeeed3,wkpjojvk,ywekr4wl,5
xldeeed3,pj0v90mx,xldeeed3,wkpjojvk,o9x1m13d,4
xldeeed3,pj0v90mx,xldeeed3,wkpjojvk,r9gykkj9,7
xldeeed3,pj0v90mx,xldeeed3,wkpjojvk,owo7g7j9,4
xldeeed3,pj0v90mx,xldeeed3,wkpjojvk,69zooxd1,3
xldeeed3,pj0v90mx,xldeeed3,wkpjojvk,xd0rrmdq,4
xldeeed3,pj0v90mx,xldeeed3,rklge08d,None,7
xldeeed3,pj0v90mx,xldeeed3,wkpjojvk,z98r22rd,4
xldeeed3,pj0v90mx,xldeeed3,wkpjojvk,o9x1mm3d,3
xldeeed3,pj0v90mx,xldeeed3,wkpjojvk,59205y3d,3
xldeeed3,pj0v90mx,ldee3ed3,n2y11m12,None,3
xldeeed3,pj0v90mx,jy65g3de,rklxn7nk,r9gyrop9,1
xldeeed3,pj0v90mx,nj1nrxdp,jdrq6lk6,None,25
xldeeed3,pj0v90mx,xldeeed3,wkpjojvk,xd40rp09,3
xldeeed3,pj0v90mx,jy65g3de,rklxn7nk,495ky039,3
xldeeed3,pj0v90mx,jy65g3de,rklxn7nk,69zpxvgw,2
xldeeed3,pj0v90mx,xldeeed3,wkpjojvk,495oomdp,1
xldeeed3,pj0v90mx,xldeeed3,wkpjojvk,ywe2z2lw,4
xldeeed3,pj0v90mx,xldeeed3,wkpjojvk,ldy144pd,1
xldeeed3,pj0v90mx,xldeeed3,wkpjojvk,n935vrw0,3
xldeeed3,pj0v90mx,o1y9wo6q,wkpoo02r,None,263
xldeeed3,pj0v90mx,jy65g3de,rklxn7nk,nwlgnve9,1
xldeeed3,pj0v90mx,jy65g3de,rklxn7nk,ywe2n77w,1
xldeeed3,pj0v90mx,o1y9wo6q,7dgrrxk4,None,605
xldeeed3,pj0v90mx,o1y9wo6q,n2y55mko,None,687
xldeeed3,pj0v90mx,xldeeed3,wkpjojvk,rw6ppp97,3
xldeeed3,pj0v90mx,xldeeed3,wkpjojvk,ewpm14wn,6
xldeeed3,pj0v90mx,xldeeed3,wkpjojvk,5920vv7d,3
xldeeed3,pj0v90mx,j1nrv9dp,xk9ln6gk,None,10
xldeeed3,pj0v90mx,xldeeed3,wkpjojvk,o9x587wl,3
xldeeed3,pj0v90mx,xldeeed3,wkpjojvk,owo7ggj9,5
xldeeed3,pj0v90mx,xldeeed3,wkpjojvk,xd1jvvzd,5
xldeeed3,pj0v90mx,xldeeed3,wkpjojvk,5d7y6yqd,3
xldeeed3,pj0v90mx,xldeeed3,wkpjojvk,xd1jvjzd,4
xldeeed3,pj0v90mx,xldeeed3,wkpjojvk,xd40vvq9,4
xldeeed3,pj0v90mx,k6q0p01g,jdz3zpv2,None,4
xldeeed3,pj0v90mx,n2680o1p,jdrx1egd,None,61
xldeeed3,pj0v90mx,n2680o1p,jdrx1egd,None,16
xldeeed3,pj0v90mx,ok6qq06g,5dwjv0kg,None,4
xldeeed3,pj0v90mx,ok6qq06g,wkpjr8kr,None,3
xldeeed3,pj0v90mx,o6glkk8d,jdrx0end,None,3
xldeeed3,pj0v90mx,xldeeed3,wkpjojvk,ywe2zzlw,5
xldeeed3,pj0v90mx,xldeeed3,wkpjojvk,rdnoro6w,1
xldeeed3,pj0v90mx,o6glkk8d,jdz847rd,None,3
xldeeed3,pj0v90mx,o6glkk8d,jdrx0end,None,6
xldeeed3,pj0v90mx,o6glkk8d,jdrx0end,None,7
xldeeed3,pj0v90mx,3694e21l,q25qoxg2,None,2
xldeeed3,pj0v90mx,n2680o1p,xd135g8k,29vkxe3d,2
xldeeed3,pj0v90mx,n2680o1p,xd135g8k,xd15rkew,4
xldeeed3,pj0v90mx,n2680o1p,xd135g8k,ewpqymk9,4
xldeeed3,pj0v90mx,o6glkk8d,jdrx0end,None,3
xldeeed3,pj0v90mx,o6glkk8d,jdrx0end,None,2
xldeeed3,pj0v90mx,n2680o1p,xd135g8k,z988qvg9,3
xldeeed3,pj0v90mx,n2680o1p,xd135g8k,owo2nood,7
xldeeed3,pj0v90mx,n2680o1p,xd135g8k,n93ge5nd,6
xldeeed3,18v0m1yx,nj1nrxdp,wk6p6pd1,None,33
xldeeed3,18v0m1yx,ok6qq06g,rklrp8kn,None,5
xldeeed3,18v0m1yx,xldeeed3,rklge08d,None,32
xldeeed3,18v0m1yx,369pxn01,w2035ro2,kwjv321w,28
xldeeed3,18v0m1yx,ok6qq06g,7kjv7l4k,29vm52x9,3
xldeeed3,18v0m1yx,ok6qq06g,5dwjv0kg,None,8
xldeeed3,18v0m1yx,3693786l,wkpyqo0k,None,8
xldeeed3,18v0m1yx,pdvkz46w,9d8j15wk,r9g222qd,7
xldeeed3,98r3eqw8,n2680o1p,jdz8p73d,None,6
xldeeed3,98r3eqw8,xldeeed3,wkpjojvk,xd4748dm,6
xldeeed3,98r3eqw8,xldeeed3,wkpjojvk,kwj7oo0w,10
xldeeed3,98r3eqw8,xldeeed3,wkpjojvk,xd40rp09,9
xldeeed3,98r3eqw8,xldeeed3,wkpjojvk,o9x1mm3d,5
xldeeed3,98r3eqw8,xldeeed3,wkpjojvk,xd07o6jw,8
xldeeed3,98r3eqw8,xldeeed3,wkpjojvk,xd0rrmdq,6
xldeeed3,98r3eqw8,xldeeed3,wkpjojvk,rdqz6zod,6
xldeeed3,98r3eqw8,xldeeed3,wkpjojvk,ewp7k7yw,8
xldeeed3,98r3eqw8,xldeeed3,wkpjojvk,ewpm14wn,7
xldeeed3,98r3eqw8,xldeeed3,wkpjojvk,592g26w6,6
xldeeed3,98r3eqw8,xldeeed3,wkpjojvk,5wkz5xw4,5
xldeeed3,98r3eqw8,xldeeed3,824r84gd,None,8
xldeeed3,98r3eqw8,xldeeed3,rklge08d,None,12
xldeeed3,98r3eqw8,n2680o1p,jdz8p73d,None,5
xldeeed3,98r3eqw8,ok6qq06g,5dwjv0kg,None,6
xldeeed3,98r3eqw8,n2680o1p,jdz8p73d,None,4
xldeeed3,98r3eqw8,ok6qq06g,wkpjr8kr,None,2
xldeeed3,98r3eqw8,ok6qq06g,wkpjr8kr,None,2
xldeeed3,98r3eqw8,ok6qq06g,wkpjr8kr,None,3
xldeeed3,98r3eqw8,n2680o1p,jdrx1egd,None,4
xldeeed3,98r3eqw8,o6glkk8d,jdrx0end,None,2
xldeeed3,98r3eqw8,n2680o1p,jdrx1egd,None,4
xldeeed3,98r3eqw8,n2680o1p,n2y5m08k,None,5
xldeeed3,98r3eqw8,n2680o1p,02qo8pjk,None,4
xldeeed3,98r3eqw8,xldeeed3,wkpjojvk,xd0kvvm9,6
xldeeed3,98r3eqw8,xldeeed3,wkpjojvk,rdnoro6w,1
xldeeed3,98r3eqw8,n2680o1p,jdrx1egd,None,4
xldeeed3,98r3eqw8,n2680o1p,xd135g8k,n93ge5nd,4
xldeeed3,98r3eqw8,n2680o1p,xd135g8k,z988qvg9,6
xldeeed3,98r3eqw8,n2680o1p,xd135g8k,xd15rkew,6
xldeeed3,18qzo408,xldeeed3,wkpjojvk,5wkzyxw4,10
xldeeed3,18qzo408,xldeeed3,wkpjojvk,5wkz5xw4,8
xldeeed3,18qzo408,xldeeed3,rklge08d,None,39
xldeeed3,y8d05q9x,m9doledp,zd304rdn,None,11
xldeeed3,y8d05q9x,xldeeed3,824r84gd,None,10
xldeeed3,y8d05q9x,o6glkk8d,jdz847rd,None,5
xldeeed3,y8d05q9x,xldeeed3,wkpjojvk,o9x1mm3d,7
xldeeed3,y8d05q9x,xldeeed3,wkpjojvk,xd40vvq9,6
xldeeed3,y8d05q9x,xldeeed3,wkpjojvk,n93q222w,6
xldeeed3,y8d05q9x,xldeeed3,wkpjojvk,xd47q8dm,8
xldeeed3,y8d05q9x,xldeeed3,wkpjojvk,owo11j96,7
xldeeed3,y8d05q9x,m9doledp,zd304rdn,None,5
xldeeed3,y8d05q9x,m9doledp,zd304rdn,None,4
xldeeed3,y8d05q9x,xldeeed3,wkpjojvk,owo7lk39,8
xldeeed3,y8d05q9x,xldeeed3,wkpjojvk,ldy144pd,8
xldeeed3,y8d05q9x,xldeeed3,wkpjojvk,rdnje69m,6
xldeeed3,y8d05q9x,xldeeed3,wkpjojvk,5d7kkqwy,6
xldeeed3,y8d05q9x,xldeeed3,wkpjojvk,5d7y6yqd,5
xldeeed3,y8d05q9x,xldeeed3,wkpjojvk,o9x587wl,9
xldeeed3,y8d05q9x,xldeeed3,wkpjojvk,owo7ggj9,7
xldeeed3,y8d05q9x,xldeeed3,wkpjojvk,495kvvm9,13
xldeeed3,y8d05q9x,xldeeed3,wkpjojvk,r9g0e2w2,5
xldeeed3,y8d05q9x,xldeeed3,wkpjojvk,ewp7k7yw,10
xldeeed3,y8d05q9x,xldeeed3,wkpjojvk,gdrpkkew,7
xldeeed3,y8d05q9x,nj1nrxdp,wk6p6pd1,None,8
xldeeed3,y8d05q9x,n2680o1p,02qo8pjk,None,13
xldeeed3,8142p2p8,xldeeed3,wkpjojvk,n9356rw0,1
xldeeed3,8142p2p8,xldeeed3,wkpjojvk,xd40rp09,1
xldeeed3,8142p2p8,xldeeed3,wkpjojvk,kwjll0dg,1
xldeeed3,8142p2p8,xldeeed3,wkpjojvk,xd1eezwo,1
xldeeed3,8142p2p8,xldeeed3,wkpjojvk,495kvvm9,1
xldeeed3,8142p2p8,xldeeed3,wkpjojvk,ldy77pd3,2
xldeeed3,8142p2p8,xldeeed3,wkpjojvk,rdnokk5w,1
xldeeed3,8142p2p8,xldeeed3,wkpjojvk,n935vrw0,1
xldeeed3,8142p2p8,xldeeed3,wkpjojvk,5d7kkqwy,1
xldeeed3,8142p2p8,xldeeed3,wkpjojvk,xd4748dm,1
xldeeed3,8142p2p8,xldeeed3,wkpjojvk,xd0rmjdq,1
xldeeed3,8142p2p8,nj1nrxdp,jdrq6lk6,None,1
xldeeed3,8142p2p8,nj1nrxdp,jdzo8g32,29vr7x1w,2
xldeeed3,8142p2p8,nj1nrxdp,jdzo8g32,xd4o2z09,2
xldeeed3,8142p2p8,nj1nrxdp,wk6p6pd1,None,2
xldeeed3,8142p2p8,nj1nrxdp,jdzo8g32,y9moxmlw,2
xldeeed3,8142p2p8,nj1nrxdp,jdzo8g32,z98k7q79,2
xldeeed3,8142p2p8,nj1nrxdp,jdzo8g32,rw66oxnw,2
xldeeed3,8142p2p8,nj1nrxdp,jdzo8g32,ewp6x2ld,2
xldeeed3,8142p2p8,xldeeed3,wkpjojvk,5wkzyxw4,1
xldeeed3,8142p2p8,369pxn01,xk9egxv2,None,1
xldeeed3,8142p2p8,xldeeed3,wkpjojvk,gdrpkpew,3
xldeeed3,8142p2p8,369pxn01,xk9egxv2,None,1
xldeeed3,8142p2p8,xldeeed3,9d863y62,None,1
xldeeed3,8142p2p8,369pxn01,w2035ro2,29vzjqxd,2
xldeeed3,8142p2p8,369pxn01,w2035ro2,y9m2yn0d,1
xldeeed3,8142p2p8,369pxn01,w2035ro2,xd4knl8w,1
xldeeed3,8142p2p8,369pxn01,w2035ro2,xd146nyd,1
xldeeed3,8142p2p8,369pxn01,w2035ro2,ewp8el49,1
xldeeed3,8142p2p8,369pxn01,w2035ro2,kwjv321w,2
xldeeed3,8142p2p8,369pxn01,w2035ro2,xd04l8jw,3
xldeeed3,8142p2p8,369pxn01,w2035ro2,5wkq83xw,2
xldeeed3,8142p2p8,369pxn01,w2035ro2,59243y6w,2
xldeeed3,8142p2p8,369pxn01,w2035ro2,5d72lgew,3
xldeeed3,8142p2p8,xldeeed3,wkpjojvk,59205y3d,2
xldeeed3,8142p2p8,xldeeed3,wkpjojvk,29veoxdv,3
xldeeed3,8142p2p8,xldeeed3,wkpjojvk,69zoy4d1,3
xldeeed3,8142p2p8,xldeeed3,wkpjojvk,ywe2zzlw,2
xldeeed3,8142p2p8,xldeeed3,wkpjojvk,kwj7oo0w,6
xldeeed3,8142p2p8,xldeeed3,wkpjojvk,y9m5kkzd,2
xldeeed3,8142p2p8,xldeeed3,wkpjojvk,owo7ggj9,3
xldeeed3,8142p2p8,xldeeed3,wkpjojvk,gdrpkkew,3
xldeeed3,8142p2p8,xldeeed3,wkpjojvk,69zpmmxw,3
xldeeed3,8142p2p8,xldeeed3,wkpjojvk,5wkkggvw,4
xldeeed3,8142p2p8,xldeeed3,wkpjojvk,o9x1mm3d,2
xldeeed3,8142p2p8,xldeeed3,wkpjojvk,gdr44ewz,2
xldeeed3,8142p2p8,xldeeed3,wkpjojvk,z98vy1wl,3
xldeeed3,8142p2p8,xldeeed3,wkpjojvk,nwlxxowv,2
xldeeed3,8142p2p8,xldeeed3,wkpq1nwd,None,1
xldeeed3,8142p2p8,369pxn01,w2035ro2,owo3lr3w,2
xldeeed3,8142p2p8,xldeeed3,rklge08d,None,2
xldeeed3,8142p2p8,xldeeed3,wkpjojvk,29vm11q9,2
xldeeed3,8142p2p8,xldeeed3,wkpjojvk,rdnj669m,4
xldeeed3,8142p2p8,xldeeed3,wkpjojvk,z98r22rd,3
xldeeed3,8142p2p8,xldeeed3,wkpjojvk,ewp7kkyw,1
xldeeed3,8142p2p8,xldeeed3,wkpjojvk,rdq22odx,1
xldeeed3,8142p2p8,xldeeed3,wkpjojvk,rdnje69m,3
xldeeed3,8142p2p8,xldeeed3,wkpjojvk,rdq2pgdx,4
xldeeed3,8142p2p8,xldeeed3,824r84gd,None,3
xldeeed3,8142p2p8,xldeeed3,wkpjojvk,o9x553wl,1
xldeeed3,8142p2p8,xldeeed3,wkpjojvk,5d7y66qd,6
xldeeed3,8142p2p8,xldeeed3,wkpjojvk,rw6qkkpd,5
xldeeed3,8142p2p8,xldeeed3,wkpjojvk,495kvkm9,5
xldeeed3,5j591wxv,kdkknedm,xk9050gk,59203x3d,2
xldeeed3,5j591wxv,xldeeed3,wkpjojvk,5d7y66qd,8
xldeeed3,5j591wxv,n2680o1p,jdrx1egd,None,76
xldeeed3,5j591wxv,xldeeed3,wkpjojvk,ldy7m7d3,11
xldeeed3,5j591wxv,xldeeed3,wkpjojvk,5wkzzvw4,9
xldeeed3,5j591wxv,xldeeed3,wkpjojvk,xd0kvvm9,11
xldeeed3,5j591wxv,xldeeed3,wkpjojvk,rw6qkkpd,8
xldeeed3,5j591wxv,ok6qq06g,wk636rk1,None,2
xldeeed3,5j591wxv,m9doledp,zd304rdn,None,24
xldeeed3,5j591wxv,ok6qq06g,5dwjv0kg,None,22
xldeeed3,5j591wxv,ok6qq06g,5dwjv0kg,None,6
xldeeed3,5j591wxv,ok6qq06g,wk636rk1,None,4
xldeeed3,pj0l0kmj,xldeeed3,wkpjojvk,rdnoro6w,1
xldeeed3,e8e9d3dj,ok6qq06g,wk636rk1,None,1
xldeeed3,e8e9d3dj,xldeeed3,wkpjojvk,xd40vvq9,2
xldeeed3,e8e9d3dj,xldeeed3,wkpjojvk,69zpmmxw,7
xldeeed3,e8e9d3dj,xldeeed3,wkpjojvk,5wkzyxw4,2
xldeeed3,e8e9d3dj,369pxn01,w2035ro2,xd4knl8w,2
xldeeed3,e8e9d3dj,369pxn01,w2035ro2,kwjv321w,4
xldeeed3,e8e9d3dj,46wvx7dr,zd3q33rk,None,1
xldeeed3,e8e9d3dj,369pxn01,w2035ro2,5wkq83xw,6
xldeeed3,e8e9d3dj,xldeeed3,wkpjojvk,z98vvrwl,5
xldeeed3,e8e9d3dj,xldeeed3,wkpjojvk,owo7g7j9,6
xldeeed3,e8e9d3dj,xldeeed3,wkpjojvk,rdnoro6w,1
xldeeed3,e8e9d3dj,xldeeed3,wkpjojvk,rdqz66od,8
xldeeed3,e8e9d3dj,xldeeed3,wkpjojvk,xd0rzjdq,5
xldeeed3,e8e9d3dj,xldeeed3,wkpjojvk,5920vogd,5
xldeeed3,e8e9d3dj,xldeeed3,wkpjojvk,ldy7m7d3,8
xldeeed3,e8e9d3dj,xldeeed3,wkpjojvk,ywekr4wl,2
xldeeed3,e8e9d3dj,qw6jx4dj,q25owgko,None,4
xldeeed3,e8e9d3dj,qw6jx4dj,mkey65j2,None,1
xldeeed3,e8e9d3dj,ok6qq06g,xk90916k,5d7yz8ed,1
xldeeed3,e8e9d3dj,xldeeed3,5dw11v0k,None,3
xldeeed3,e8e9d3dj,369pxn01,w2035ro2,ewp8el49,3
xldeeed3,e8e9d3dj,369pxn01,w2035ro2,xd04l8jw,6
xldeeed3,e8e9d3dj,369pxn01,w2035ro2,y9m2yn0d,5
xldeeed3,e8e9d3dj,369pxn01,w2035ro2,29vzjqxd,5
xldeeed3,e8e9d3dj,369pxn01,w2035ro2,5d72lgew,20
xldeeed3,e8e9d3dj,369pxn01,w2035ro2,xd146nyd,12
xldeeed3,e8e9d3dj,ok6qq06g,wk636rk1,None,2
xldeeed3,e8e9d3dj,ok6qq06g,wkpjr8kr,None,7
xldeeed3,e8e9d3dj,n2680o1p,n2y5m08k,None,3
xldeeed3,e8e9d3dj,n2680o1p,02qo8pjk,None,6
xldeeed3,e8e9d3dj,n2680o1p,02qo8pjk,None,3
xldeeed3,e8e9d3dj,n2680o1p,n2y5m08k,None,3
xldeeed3,e8e9d3dj,n2680o1p,02qo8pjk,None,5
xldeeed3,e8e9d3dj,n2680o1p,jdrx1egd,None,3
xldeeed3,e8e9d3dj,n2680o1p,jdz8p73d,None,3
xldeeed3,e8e9d3dj,n2680o1p,jdz8p73d,None,5
xldeeed3,e8e9d3dj,n2680o1p,jdz8p73d,None,4
xldeeed3,e8e9d3dj,n2680o1p,jdrx1egd,None,3
xldeeed3,e8e9d3dj,n2680o1p,jdrx1egd,None,6
xldeeed3,e8e9d3dj,kdk4e21m,7kjr0gg2,None,7
xldeeed3,e8e9d3dj,kdk4e21m,n2y1lve2,None,9
xldeeed3,e8e9d3dj,ok6qq06g,5dwjv0kg,None,5
xldeeed3,e8e9d3dj,ok6qq06g,wk636rk1,None,1
xldeeed3,e8e9d3dj,ok6qq06g,wk636rk1,None,1
xldeeed3,e8e9d3dj,ok6qq06g,wk636rk1,None,1
xldeeed3,e8e9d3dj,ok6qq06g,wk636rk1,None,1
xldeeed3,e8e9d3dj,ok6qq06g,rklrp8kn,None,1
xldeeed3,e8e9d3dj,ok6qq06g,rklrp8kn,None,1
xldeeed3,e8e9d3dj,ok6qq06g,rklrp8kn,None,1
xldeeed3,e8e9d3dj,ok6qq06g,rklrp8kn,None,1
xldeeed3,e8e9d3dj,ok6qq06g,xd1rn5zk,None,1
xldeeed3,e8e9d3dj,ok6qq06g,wkpjr8kr,None,5
xldeeed3,e8e9d3dj,o6glkk8d,jdz847rd,None,5
xldeeed3,e8e9d3dj,qw6jx4dj,mkejwm62,None,2
xldeeed3,e8e9d3dj,o6glkk8d,jdz847rd,None,3
xldeeed3,e8e9d3dj,ok6qq06g,wkpjr8kr,None,2
xldeeed3,e8e9d3dj,j1nqoy1p,mke9x59d,None,11
xldeeed3,kj92gw84,w6jxv4dj,n2y1gom2,xd0ql409,24
xldeeed3,kj92gw84,w6jxv4dj,n2y1gom2,n9348m7d,18
xldeeed3,kj92gw84,w6jxv4dj,q254m3vd,None,6
xldeeed3,kj92gw84,369pnz01,w20xyp82,None,6
xldeeed3,kj92gw84,46wr7n1r,z27gw0g2,None,2
xldeeed3,kj92gw84,w6jxv4dj,n2y1gom2,592q3ng9,23
xldeeed3,kj92gw84,k6q0p01g,jdz3zpv2,None,9
xldeeed3,kj92gw84,m1z0vmd0,wdmqmx42,None,3
xldeeed3,kj92gw84,n2680o1p,jdrx1egd,None,43
xldeeed3,kj92gw84,xldeeed3,rklge08d,None,25
xldeeed3,kj92gw84,m9doledp,zd304rdn,None,12
xldeeed3,kj92gw84,ldee3ed3,n2y11m12,None,4
xldeeed3,kj92gw84,xldeeed3,wkpjojvk,xd4748dm,7
xldeeed3,kj92gw84,m9doledp,rkl9q6kn,None,3
xldeeed3,kj92gw84,qw6jw41j,jdz3zr2v,59205gd6,45
xldeeed3,kj92gw84,m1mj0312,02qgeq9d,None,3
xldeeed3,kj92gw84,o6g8vx12,zdnwzwxd,None,2
xldeeed3,kj92gw84,m1mj0312,5dwj7r5k,None,6
xldeeed3,kj92gw84,ok6qq06g,9kvpl60k,xd0k3xj9,2
xldeeed3,kj92gw84,ldek8ed3,rklxwxqk,None,1
xldeeed3,kj92gw84,9dok231p,xk96yyk0,None,20
xldeeed3,kj92gw84,ok6qq06g,9kvpl60k,xd40rx89,3
xldeeed3,kj92gw84,ok6qq06g,9kvpl60k,rw6qe36d,2
xldeeed3,kj92gw84,ok6qq06g,9kvpl60k,n93qyorw,4
xldeeed3,kj92gw84,jy6578de,7dgg1pd4,None,55
xldeeed3,kj92gw84,ok6qq06g,rklrp8kn,None,8
xldeeed3,kj92gw84,n2680o1p,jdz8p73d,None,16
xldeeed3,kj92gw84,j1l9ke1g,5dwv80kg,None,28
xldeeed3,kj92gw84,ok6qq06g,wkpjr8kr,None,35
xldeeed3,kj92gw84,ok6qq06g,wkpjr8kr,None,7
xldeeed3,kj92gw84,j1nenx1p,7kjpq4k3,None,165
xldeeed3,kj92gw84,j1n8y91p,8241xe25,None,7
xldeeed3,kj92gw84,lde3xx63,824mqg25,kwjy50wg,23
xldeeed3,kj92gw84,lde3xx63,824mqg25,owok0jd6,19
xldeeed3,kj92gw84,lde3xx63,824mqg25,xd107z9o,21
xldeeed3,kj92gw84,lde3xx63,824mqg25,ewppjywn,24
xldeeed3,kj92gw84,lde3xx63,824mqg25,y9mejzd5,22
xldeeed3,kj92gw84,lde3xx63,824mqg25,5wk2jvw4,21
xldeeed3,kj92gw84,lde3xx63,824mqg25,592jz7w6,22
xldeeed3,kj92gw84,lde3xx63,zd3lj8dn,None,23
xldeeed3,kj92gw84,lde3xx63,824mqg25,29vy3q9v,20
xldeeed3,kj9r1owj,xldeeed3,wkpjojvk,y9m5k5zd,7
xldeeed3,kj9r1owj,xldeeed3,wkpjojvk,xd1ekywo,7
xldeeed3,y8d72l86,j1n89ry1,n2yn4yzk,None,3
xldeeed3,y8d72l86,369pxn01,w2035ro2,y9m2yn0d,15
xldeeed3,y8d72l86,n2680o1p,jdrx1egd,None,24
xldeeed3,y8d72l86,n2680o1p,jdz8p73d,None,16
xldeeed3,y8d72l86,46wr7n1r,z27gw0g2,None,1
xldeeed3,y8d72l86,46wr7n1r,zd3oqydn,None,4
xldeeed3,y8d72l86,ldelr563,n2yjy972,None,3
xldeeed3,y8d72l86,76rkwed8,xd1erv42,None,95
xldeeed3,y8d72l86,xldeeed3,wkpjojvk,xd0rmjdq,7
xldeeed3,y8d72l86,268eqy6p,vdooe9dp,None,3
xldeeed3,y8d72l86,kdk29qdm,5dwjejlk,rw6qge6d,1
xldeeed3,y8d72l86,kdk29qdm,5dwjejlk,xd0kn3j9,2
xldeeed3,y8d72l86,kdk24qdm,02qgx89d,None,1
xldeeed3,y8d72l86,46wvx7dr,5dwjvolk,None,6
xldeeed3,y8d72l86,46wr7n1r,zd3oqydn,None,1
xldeeed3,y8d72l86,268eqy6p,9d8r1q2n,None,1
xldeeed3,y8d72l86,268eqy6p,jdzx6r2v,None,2
xldeeed3,y8d72l86,268eqy6p,zd339ndn,5wkq52w4,1
xldeeed3,y8d72l86,268eqy6p,zd339ndn,xd04mxwq,1
xldeeed3,y8d72l86,268eqy6p,zd339ndn,xd4k42wm,1
xldeeed3,y8d72l86,268eqy6p,zd339ndn,rw6m8r97,1
xldeeed3,y8d72l86,268eqy6p,zd339ndn,z98mygwl,1
xldeeed3,y8d72l86,268eqy6p,zd339ndn,59242ow6,3
xldeeed3,y8d72l86,268eqy6p,zd339ndn,xd14gedo,1
xldeeed3,y8d72l86,268eqy6p,zd339ndn,29vz43dv,1
xldeeed3,y8d72l86,268eqy6p,zd339ndn,ewp81k9n,1
xldeeed3,y8d72l86,268eqy6p,zd339ndn,n93mvnd0,1
xldeeed3,y8d72l86,268eqy6p,zd339ndn,y9m275d5,1
xldeeed3,y8d72l86,268eqy6p,824exgk5,None,3
xldeeed3,y8d72l86,lde3xx63,824mqg25,69zr3xd1,17
xldeeed3,y8d72l86,4pd0n31e,7wkp6v2r,None,511
xldeeed3,y8d72l86,lde3xx63,824mqg25,r9gz2jd2,12
xldeeed3,y8d72l86,lde3xx63,824mqg25,o9x2n3wl,21
xldeeed3,y8d72l86,lde3xx63,824mqg25,495j6mwp,21
xldeeed3,y8d72l86,lde3xx63,824mqg25,rdq0jowx,15
xldeeed3,y8d72l86,lde3xx63,824mqg25,5d77vqdy,21
xldeeed3,y8d72l86,lde3xx63,xd13j7k8,None,34
xldeeed3,y8dn49j6,xldeeed3,wkpjojvk,495kvvm9,2
xldeeed3,y8dn49j6,xldeeed3,wkpjojvk,nwlgkgo9,1
xldeeed3,y8dn49j6,o6glkk8d,jdz847rd,None,1
xldeeed3,y8dn49j6,nj1nrxdp,wk6p6pd1,None,7
xldeeed3,y8dn49j6,xldeeed3,wkpjojvk,ldy7m7d3,4
xldeeed3,y8dn49j6,m9doledp,9d8p8lkn,None,1
xldeeed3,y8dn49j6,m9doledp,xd1qj772,y9mo3z1w,1
xldeeed3,y8dn49j6,m9doledp,xd1qj772,5wk7olqd,3
xldeeed3,y8dn49j6,m9doledp,xd1qj772,5927lprw,3
xldeeed3,y8dn49j6,m9doledp,xd1qj772,xd4oz8p9,1
xldeeed3,y8dn49j6,m9doledp,xd1qj772,29vrxpnw,1
xldeeed3,y8dn49j6,xldeeed3,wkpjojvk,5wkz5xw4,3
xldeeed3,y8dn49j6,xldeeed3,wkpjojvk,5wkzyxw4,6
xldeeed3,y8dn49j6,xldeeed3,wkpjojvk,69zpmmxw,4
xldeeed3,y8dn49j6,ok6qq06g,5dwjv0kg,None,1
xldeeed3,y8dn49j6,xldeeed3,wkpjojvk,xd4748dm,5
xldeeed3,y8dn49j6,xldeeed3,rklge08d,None,6
xldeeed3,y8dn49j6,ok6qq06g,z27g9yz2,owo7qy39,1
xldeeed3,y8dn49j6,o6glkk8d,7dg9ozpk,None,1
xldeeed3,y8dn49j6,jy65g3de,rklxn7nk,495ky039,1
xldeeed3,y8dn49j6,xldeeed3,wkpjojvk,ldy7n7d3,4
xldeeed3,y8dn49j6,369pxn01,w2035ro2,59243y6w,16
xldeeed3,y8dn49j6,xldeeed3,wkpjojvk,5d7y66qd,5
xldeeed3,y8dn49j6,369pxn01,w2035ro2,y9m2yn0d,9
xldeeed3,y8dn49j6,xldeeed3,wkpjojvk,gdrpkkew,2
xldeeed3,y8dn49j6,xldeeed3,wkpjojvk,ewp7kkyw,3
xldeeed3,y8dn49j6,xldeeed3,wkpjojvk,rdq22odx,4
xldeeed3,y8dn49j6,xldeeed3,wkpjojvk,xd1jvjzd,2
xldeeed3,y8dn49j6,xldeeed3,wkpjojvk,ldy141pd,7
xldeeed3,y8dn49j6,xldeeed3,wkpjojvk,y9m5k5zd,8
xldeeed3,y8dn49j6,xldeeed3,wkpjojvk,29vm11q9,5
xldeeed3,y8dn49j6,xldeeed3,rklge08d,None,2
xldeeed3,y8dn49j6,xldeeed3,wkpjojvk,xd1ekywo,3
xldeeed3,y8dn49j6,n2680o1p,jdz8p73d,None,15
xldeeed3,y8dn49j6,xldeeed3,5dw11v0k,None,2
xldeeed3,y8dn49j6,xldeeed3,wkpjojvk,z98vvrwl,6
xldeeed3,y8dn49j6,9d38ww01,xk9p4oyd,None,2
xldeeed3,y8dn49j6,xldeeed3,wkpjojvk,kwj7oo0w,7
xldeeed3,y8dn49j6,xldeeed3,wkpjojvk,ywe2zzlw,4
xldeeed3,y8dn49j6,xldeeed3,wkpjojvk,xd0kvvm9,4
xldeeed3,y8dn49j6,xldeeed3,wkpjojvk,rw6qkkpd,4
xldeeed3,y8dn49j6,xldeeed3,wkpjojvk,rdq2pgdx,4
xldeeed3,y8dn49j6,xldeeed3,wkpjojvk,gdrpkpew,5
xldeeed3,y8dn49j6,yd40y51e,vdon7ykp,None,1
xldeeed3,y8dn49j6,xldeeed3,9d863y62,None,3
xldeeed3,y8dn49j6,ok6qq06g,xk90916k,xd40rx89,1
xldeeed3,y8dn49j6,n2680o1p,jdz8p73d,None,6
xldeeed3,y8dn49j6,ok6qq06g,xk90916k,5d7yz8ed,4
xldeeed3,y8dn49j6,xldeeed3,wkpjojvk,59205y3d,6
xldeeed3,y8dn49j6,xldeeed3,wkpjojvk,29veoxdv,6
xldeeed3,y8dn49j6,xldeeed3,wkpjojvk,xd0rzjdq,7
xldeeed3,y8dn49j6,xldeeed3,wkpjojvk,xd0rmjdq,6
xldeeed3,y8dn49j6,xldeeed3,wkpjojvk,n935vrw0,7
xldeeed3,y8dn49j6,xldeeed3,wkpjojvk,ldy77pd3,7
xldeeed3,y8dn49j6,xldeeed3,wkpjojvk,gdr44ewz,4
xldeeed3,y8dn49j6,xldeeed3,wkpjojvk,ywekklwl,9
xldeeed3,y8dn49j6,xldeeed3,wkpjojvk,o9x553wl,5
xldeeed3,y8dn49j6,xldeeed3,wkpjojvk,495oomdp,5
xldeeed3,y8dn49j6,o1y9rrv6,xk9goq4d,None,2
xldeeed3,y8dn49j6,ok6qq06g,wkpjr8kr,None,24
xldeeed3,y8dn49j6,xldeeed3,wkpq1nwd,None,7
xldeeed3,y8dn49j6,xldeeed3,wkpjojvk,n93q2q2w,5
xldeeed3,y8dn49j6,jy65g3de,z27gyo20,None,19
xldeeed3,y8dn49j6,m9doledp,9kvyzx3k,None,2
xldeeed3,y8dn49j6,xldeeed3,wkpjojvk,5920vogd,7
xldeeed3,y8dn49j6,k6q4owzd,zdnlre92,None,1
xldeeed3,y8dn49j6,ok6qq06g,9kvpl60k,5d7yz8ed,1
xldeeed3,y8dn49j6,ok6qq06g,9kvpl60k,kwj71p1w,1
xldeeed3,y8dn49j6,ok6qq06g,9kvpl60k,rdqz5lgd,1
xldeeed3,y8dn49j6,ok6qq06g,9kvpl60k,xd1j8xyd,1
xldeeed3,y8dn49j6,ok6qq06g,9kvpl60k,y9m5180d,1
xldeeed3,y8dn49j6,xldeeed3,wkpjojvk,xd40vvq9,3
xldeeed3,y8dn49j6,ok6qq06g,xk90916k,5920n56d,1
xldeeed3,y8dn49j6,xldeeed3,wkpjojvk,rdnje69m,2
xldeeed3,y8dn49j6,xldeeed3,wkpjojvk,5920vv7d,2
xldeeed3,y8dn49j6,xldeeed3,wkpjojvk,n9356rw0,5
xldeeed3,y8dn49j6,xldeeed3,wkpjojvk,z98vy1wl,5
xldeeed3,y8dn49j6,xldeeed3,wkpjojvk,rdnj669m,5
xldeeed3,y8dn49j6,ok6qq06g,xk90916k,xd1j8xyd,1
xldeeed3,y8dn49j6,ok6qq06g,xk90916k,y9m5180d,1
xldeeed3,y8dn49j6,ok6qq06g,xk90916k,xd0k3xj9,1
xldeeed3,y8dn49j6,ok6qq06g,xk90916k,rdqz5lgd,1
xldeeed3,y8dn49j6,ok6qq06g,xk90916k,29vm52x9,1
xldeeed3,y8dn49j6,ok6qq06g,xk90916k,n93qyorw,1
xldeeed3,y8dn49j6,o1y0wr6q,mkemvj26,None,35
xldeeed3,y8dn49j6,xldeeed3,wkpjojvk,xd0rrmdq,5
xldeeed3,y8dn49j6,xldeeed3,wkpjojvk,495o34dp,4
xldeeed3,y8dn49j6,xldeeed3,wkpjojvk,5d7knewy,4
xldeeed3,y8dn49j6,xldeeed3,wkpjojvk,r9g00jw2,6
xldeeed3,y8dn49j6,xldeeed3,wkpjojvk,69zpmpxw,5
xldeeed3,y8dn49j6,xldeeed3,wkpjojvk,rdqz6zod,4
xldeeed3,y8dn49j6,xldeeed3,wkpjojvk,592g26w6,4
xldeeed3,y8dn49j6,xldeeed3,wkpjojvk,o9x1m13d,5
xldeeed3,y8dn49j6,xldeeed3,wkpjojvk,y9mqqzd5,4
xldeeed3,y8dn49j6,m9doledp,zd304rdn,None,12
xldeeed3,y8dn49j6,o6glkk8d,02qoxp7k,None,1
xldeeed3,y8dn49j6,ok6qq06g,5dwjv0kg,None,1
xldeeed3,y8dn49j6,xldeeed3,wkpjojvk,gdr4mkwz,4
xldeeed3,y8dn49j6,xldeeed3,wkpjojvk,n93552w0,5
xldeeed3,y8dn49j6,xldeeed3,wkpjojvk,5wkzzvw4,5
xldeeed3,y8dn49j6,xldeeed3,wkpjojvk,o9x1mm3d,4
xldeeed3,y8dn49j6,xldeeed3,wkpjojvk,z98r2rrd,3
xldeeed3,y8dn49j6,k6q4rqzd,9kv7gzok,o9xgvn3d,7
xldeeed3,y8dn49j6,k6q4rqzd,9kv7gzok,rdq80kmd,5
xldeeed3,y8dn49j6,k6q4rqzd,9kv7gzok,29v5n01d,1
xldeeed3,y8dn49j6,k6q4rqzd,9kv7gzok,o9x65p09,1
xldeeed3,y8dn49j6,xldeeed3,wkpjojvk,y9mq70d5,5
xldeeed3,y8dn49j6,xldeeed3,wkpjojvk,592gg7w6,2
xldeeed3,y8dn49j6,xldeeed3,wkpjojvk,z98r22rd,6
xldeeed3,y8dn49j6,xldeeed3,wkpjojvk,495kvkm9,6
xldeeed3,y8dn49j6,xldeeed3,wkpjojvk,owo7g7j9,5
xldeeed3,y8dn49j6,nj1nrxdp,jdrq6lk6,None,14
xldeeed3,y8dn49j6,ok6qq06g,5dwjv0kg,None,1
xldeeed3,y8dn49j6,ok6qq06g,xk90916k,rw6qe36d,1
xldeeed3,y8dn49j6,jy65g3de,rklxn7nk,nwlgnve9,1
xldeeed3,y8dn49j6,nd2elmvd,z2718pg2,None,7
xldeeed3,y8dn49j6,pdv50v6w,q25o76gk,None,2
xldeeed3,y8dn49j6,xldeeed3,wkpjojvk,owo1z396,4
xldeeed3,y8dn49j6,qw6jx4dj,q25owgko,None,8
xldeeed3,y8dn49j6,xldeeed3,wkpjojvk,5d7kkqwy,4
xldeeed3,y8dn49j6,xldeeed3,wkpjojvk,r9g0e2w2,4
xldeeed3,y8dn49j6,xldeeed3,wkpjojvk,y9m5kkzd,3
xldeeed3,y8dn49j6,m1zn4310,jdr680d6,None,12
xldeeed3,y8dn49j6,yd4wxw6e,q254358d,None,5
xldeeed3,y8dn49j6,k6q4owzd,xd1vzl8d,None,1
xldeeed3,y8dn49j6,pdvrw41w,wkp7mwkr,None,6
xldeeed3,y8dn49j6,j1l8re6g,xd10mrk8,None,21
xldeeed3,y8dn49j6,n2680o1p,jdz8p73d,None,18
xldeeed3,y8dn49j6,nj1nrxdp,jdrq6lk6,None,7
xldeeed3,y8dn49j6,268mp7dp,02qg5qyd,None,1
xldeeed3,y8dn49j6,268mp7dp,xd13ggrk,None,2
xldeeed3,y8dn49j6,o6glkk8d,jdz847rd,None,1
xldeeed3,y8dn49j6,ok6qq06g,5dwjv0kg,None,1
xldeeed3,y8dn49j6,9d38jey1,z2796q0d,None,2
xldeeed3,y8dn49j6,k6q4owzd,824gv3m2,None,1
xldeeed3,y8dn49j6,n2680o1p,jdrx1egd,None,9
xldeeed3,y8dn49j6,n2680o1p,jdrx1egd,None,102
xldeeed3,y8dn49j6,n2680o1p,jdrx1egd,None,21
xldeeed3,y8dn49j6,369p7081,rkljyzqd,None,10
xldeeed3,y8dn49j6,369p7081,rkljyzqd,None,8
xldeeed3,y8dn49j6,369p7081,rkljyzqd,None,4
xldeeed3,y8dn49j6,369p7081,rkljyzqd,None,7
xldeeed3,y8dn49j6,369p7081,rkljyzqd,None,6
xldeeed3,y8dn49j6,369p7081,rkljyzqd,None,5
xldeeed3,y8dn49j6,369p7081,rkljyzqd,None,5
xldeeed3,y8dn49j6,369p7081,rkljyzqd,None,3
xldeeed3,y8dn49j6,369p7081,rkljyzqd,None,3
xldeeed3,y8dn49j6,369p7081,rkljyzqd,None,6
xldeeed3,y8dn49j6,369p7081,rkljyzqd,None,4
xldeeed3,y8dn49j6,369p7081,ndx1q012,None,10
xldeeed3,y8dn49j6,369p7081,ndx1q012,None,9
xldeeed3,y8dn49j6,xldeeed3,wkpjojvk,nwlxxowv,5
xldeeed3,y8dn49j6,xldeeed3,wkpjojvk,ewpmmywn,4
xldeeed3,y8dn49j6,xldeeed3,wkpjojvk,xd40rp09,7
xldeeed3,y8dn49j6,m9doledp,zd304rdn,None,17
xldeeed3,y8dn49j6,o6glkk8d,jdrx0end,None,2
xldeeed3,y8dn49j6,9d398wdl,jdrpvv52,None,2
xldeeed3,y8dn49j6,m1m23kd2,9kvprvok,None,2
xldeeed3,y8dn49j6,m1zk7210,mkeq86k6,None,29
xldeeed3,y8dn49j6,k6q4rqzd,9kv7gz8k,None,5
xldeeed3,y8dn49j6,xldeeed3,wkpjojvk,ewp7k7yw,6
xldeeed3,y8dn49j6,xldeeed3,wkpjojvk,xd07o6jw,7
xldeeed3,y8dn49j6,ldewjld3,8245v3k5,None,196
xldeeed3,y8dn49j6,xldeeed3,824r84gd,None,9
xldeeed3,y8dn49j6,xldeeed3,wkpjojvk,69zooxd1,8
xldeeed3,y8dn49j6,ok6qq06g,z27g9yz2,rdqz5lgd,1
xldeeed3,y8dn49j6,j1nqjy1p,q25o1zyk,r9gyrl59,1
xldeeed3,y8dn49j6,xldeeed3,wkpjojvk,rdnokk5w,4
xldeeed3,y8dn49j6,ok6qq06g,wk636rk1,None,3
xldeeed3,y8dn49j6,xldeeed3,wkpjojvk,rdnoko5w,4
xldeeed3,y8dn49j6,xldeeed3,wkpjojvk,ewpm14wn,9
xldeeed3,y8dn49j6,xldeeed3,wkpjojvk,owo7lk39,7
xldeeed3,y8dn49j6,xldeeed3,wkpjojvk,kwj7o70w,7
xldeeed3,y8dn49j6,xldeeed3,wkpjojvk,29ve4xdv,6
xldeeed3,y8dn49j6,xldeeed3,wkpjojvk,o9x587wl,6
xldeeed3,y8dn49j6,o6glkk8d,jdz847rd,None,2
xldeeed3,y8dn49j6,ok6qq06g,xk90916k,ewp70r4w,1
xldeeed3,y8dn49j6,ok6qq06g,xk90916k,owo7qy39,1
xldeeed3,y8dn49j6,xldeeed3,wkpjojvk,xd1eezwo,4
xldeeed3,y8dn49j6,ok6qq06g,wkpjr8kr,None,30
xldeeed3,y8dn49j6,o6glkk8d,jdz847rd,None,1
xldeeed3,y8dn49j6,o6glkk8d,jdrx0end,None,5
xldeeed3,y8dn49j6,n2680o1p,9kvjno0k,29vkxe3d,1
xldeeed3,y8dn49j6,o6glkk8d,jdz847rd,None,3
xldeeed3,y8dn49j6,kdkzpoxd,vdo85xyk,None,2
xldeeed3,y8dn49j6,o6glkk8d,jdz847rd,None,2
xldeeed3,y8dn49j6,n2680o1p,n2y5m08k,None,6
xldeeed3,y8dn49j6,ok6qq06g,xk90916k,5wkk1pxw,1
xldeeed3,y8dn49j6,o6glkk8d,jdrx0end,None,5
xldeeed3,y8dn49j6,xldeeed3,wkpjojvk,xd477qdm,6
xldeeed3,y8dn49j6,xldeeed3,wkpjojvk,owo1o396,5
xldeeed3,y8dn49j6,xldeeed3,wkpjojvk,n93q222w,5
xldeeed3,y8dn49j6,xldeeed3,wkpjojvk,kwjlx1dg,3
xldeeed3,y8dn49j6,xldeeed3,wkpjojvk,ldy144pd,3
xldeeed3,y8dn49j6,xldeeed3,wkpjojvk,xd47q8dm,6
xldeeed3,y8dn49j6,xldeeed3,wkpjojvk,n93q8qrw,5
xldeeed3,y8dn49j6,xldeeed3,wkpjojvk,nwlxqgwv,7
xldeeed3,y8dn49j6,xldeeed3,wkpjojvk,5wkkggvw,6
xldeeed3,y8dn49j6,xldeeed3,wkpjojvk,69zoy4d1,7
xldeeed3,y8dn49j6,xldeeed3,wkpjojvk,r9gykkj9,5
xldeeed3,y8dn49j6,xldeeed3,wkpjojvk,rdnoro6w,1
xldeeed3,y8dn49j6,xldeeed3,wkpjojvk,rw6ppp97,5
xldeeed3,y8dn49j6,xldeeed3,wkpjojvk,5d7y6yqd,4
xldeeed3,y8dn49j6,xldeeed3,wkpjojvk,rdqz66od,4
xldeeed3,y8dn49j6,xldeeed3,wkpjojvk,ywekr4wl,6
xldeeed3,y8dn49j6,ok6qq06g,9kvpl60k,n93qyorw,1
xldeeed3,y8dn49j6,ok6qq06g,xk90916k,kwj71p1w,1
xldeeed3,y8dn49j6,268mp7dp,jdrqzg5k,None,2
xldeeed3,y8dn49j6,m9doledp,rkl9q6kn,None,5
xldeeed3,y8dn49j6,qw6jx4dj,zdnwpxdq,None,24
xldeeed3,y8dn49j6,n2680o1p,xd135g8k,29vkxe3d,5
xldeeed3,y8dn49j6,n2680o1p,xd135g8k,rw6nxprd,5
xldeeed3,y8dn49j6,xldeeed3,wkpjojvk,rdnjj59m,6
xldeeed3,y8dn49j6,n2680o1p,xd135g8k,n93ge5nd,7
xldeeed3,y8dn49j6,xldeeed3,wkpjojvk,r9gykyj9,8
xldeeed3,y8dn49j6,2684xodp,rklgoj8d,None,16
xldeeed3,y8dn49j6,76rn5qd8,jdzp7ovk,rdq151g9,1
xldeeed3,y8dn49j6,76rn5qd8,jdzp7ovk,5wkr1rx9,2
xldeeed3,y8dn49j6,76rn5qd8,jdzp7ovk,r9g3132w,3
xldeeed3,y8dn49j6,76rn5qd8,jdzp7ovk,4958l849,2
xldeeed3,y8dn49j6,n2680o1p,02qo8pjk,None,10
xldeeed3,y8dn49j6,268mp7dp,824xwywd,None,2
xldeeed3,y8dn49j6,268mp7dp,jdz3yqg2,None,2
xldeeed3,y8dn49j6,46w7pndr,jdrpp9x2,None,3
xldeeed3,y8dn49j6,nd2z5qd0,9kvpxjjk,None,196
xldeeed3,y8dn49j6,j1nqjy1p,rklxnw8k,None,7
xldeeed3,y8dn49j6,ok6qq06g,z27g9yz2,5920n56d,1
xldeeed3,61xyew8r,nd272v10,vdoxmodp,r9g4nq92,1
xldeeed3,61xyew8r,nd272v10,wdmvl4dq,r9g4nq92,1
xldeeed3,61xyew8r,nd272v10,w20xvz2n,r9g4nq92,1
xldeeed3,61xyew8r,nd272v10,w20xvz2n,o9x7o6dl,2
xldeeed3,61xyew8r,xldeeed3,wkpjojvk,r9g00jw2,9
xldeeed3,61xyew8r,xldeeed3,wkpjojvk,ewpm14wn,16
xldeeed3,61xyew8r,268peydp,jdzegvdv,None,5
xldeeed3,61xyew8r,xldeeed3,wkpjojvk,kwj7o70w,13
xldeeed3,61xyew8r,xldeeed3,wkpjojvk,z98vy1wl,11
xldeeed3,61xyew8r,xldeeed3,wkpjojvk,o9x1m13d,11
xldeeed3,61xyew8r,nd272v10,vdoxmodp,ywe53qwl,1
xldeeed3,61xyew8r,nd272v10,w20xvz2n,ywe53qwl,1
xldeeed3,61xyew8r,nd272v10,wdmvl4dq,ywe53qwl,1
xldeeed3,61xyew8r,m1m7pp12,xd1w1828,None,18
xldeeed3,61xyew8r,9d385g1l,7kj153k3,None,25
xldeeed3,61xyew8r,m1m7pp12,rkln9w2n,None,35
xldeeed3,61xyew8r,9d385g1l,xk98yv20,None,74
xldeeed3,61xyew8r,j1l9qz1g,zd35jnkn,None,127
xldeeed3,61xyew8r,9d385g1l,n2y7472o,None,149
xldeeed3,qj2z2poj,n2680o1p,jdrx1egd,None,48
xldeeed3,qj2z2poj,4d7935r1,wdmlvwxk,None,2
xldeeed3,qj2z2poj,4d7935r1,zd38o8yk,None,1
xldeeed3,qj2z2poj,4d7935r1,zd38o8yk,None,1
xldeeed3,qj2z2poj,4d7935r1,8241jrw2,None,2
xldeeed3,qj2z2poj,4d7935r1,zd38o8yk,None,1
xldeeed3,qj2z2poj,4d7935r1,8241jrw2,None,2
xldeeed3,qj2z2poj,4d7935r1,8241jrw2,None,2
xldeeed3,qj2z2poj,9d38jey1,z2796q0d,None,3
xldeeed3,qj2z2poj,o1y9gqr6,ndx5rvvk,None,1
xldeeed3,qj2z2poj,o1y9gqr6,9kv6r132,None,6
xldeeed3,qj2z2poj,k6q4owzd,zdnlre92,None,2
xldeeed3,qj2z2poj,9dowj31p,02q8z972,None,81
xldeeed3,qj2z2poj,9dowj31p,02q8z972,None,9
xldeeed3,qj2z2poj,9dowj31p,824m4le2,None,6
xldeeed3,qj2z2poj,9dowj31p,824m4le2,None,61
xldeeed3,qj2z2poj,9dowj31p,02q8z972,None,12
xldeeed3,qj2z2poj,9dowj31p,824m4le2,None,7
xldeeed3,qj2z2poj,k6qzlz6g,vdoqrz6k,None,39
xldeeed3,qj2z2poj,nd2ore60,mkej9qx2,None,1
xldeeed3,qj2z2poj,ldewjld3,zd3xpoed,None,27
xldeeed3,qj2z2poj,ldewjld3,jdzp65xk,None,54
xldeeed3,qj2z2poj,ldewjld3,jdzp65xk,None,19
xldeeed3,qj2z2poj,9j1lze6g,zjdzxr2v,None,54
xldeeed3,qj2z2poj,yd4o44g1,zd3o68vd,None,10
xldeeed3,qj2z2poj,o6g5l512,z2770j52,None,10
xldeeed3,qj2z2poj,4d7v93d7,zdnw1led,None,11
xldeeed3,qj2z2poj,j1n2ql1p,xd1rqxrk,None,9
xldeeed3,qj2z2poj,268e3z56,zd37rye2,None,2
xldeeed3,qj2z2poj,m1zyp360,ndxmpgj2,None,1
xldeeed3,qj2z2poj,268e3z56,7kjpvegk,None,5
xldeeed3,qj2z2poj,j1npme6p,mkeyl926,None,306
xldeeed3,qj2z2poj,y65yw4de,wdm4op5d,None,2
xldeeed3,qj2z2poj,369pxn01,w2035ro2,5d72lgew,55
xldeeed3,qj2z2poj,vo6g8128,l824rmd5,None,37
xldeeed3,qj2z2poj,9dow4g71,ndx1vw52,None,2
xldeeed3,qj2z2poj,9dow4g71,rkljo8rd,None,2
xldeeed3,qj2z2poj,9dow4g71,zd37zm82,None,2
xldeeed3,qj2z2poj,9dow4g71,xd17zx7d,None,2
xldeeed3,qj2z2poj,9dow4g71,9kvy1gok,None,2
xldeeed3,qj2z2poj,9dow4g71,9d8gzw6k,None,2
xldeeed3,qj2z2poj,268eqy6p,vdooe9dp,None,38
xldeeed3,qj2z2poj,9dow4g71,9kvy1gjk,None,2
xldeeed3,qj2z2poj,x369701l,nxd15w28,None,8
xldeeed3,qj2z2poj,j1ne8e1p,mke5gjk6,None,107
xldeeed3,qj2z2poj,o6glg48d,7kj6v1z2,None,31
xldeeed3,qj2z2poj,m1zyp360,zd3v0e2n,None,11
xldeeed3,qj2z2poj,om1mx362,7kjvmgk3,None,336
xldeeed3,qj2z2poj,j1ljkjdg,w20znevd,None,120
xldeeed3,qj2z2poj,kdk82qdm,wk6qlr21,None,13
xldeeed3,qj2z2poj,yo1y7o1q,5dwjnlkg,None,36
xldeeed3,qj2z2poj,76rx72e6,q257rryd,None,7
xldeeed3,qj2z2poj,nd2e9ed0,7dg5wg24,None,13
xldeeed3,qj2z2poj,n4d7jzd7,9kvpvekg,None,31
xldeeed3,qj2z2poj,m1zjx260,vdoqr6kp,None,23
xldeeed3,qj2z2poj,ldexpn63,8244le25,None,28
xldeeed3,qj2z2poj,j1llzxe1,xd17007d,None,1
xldeeed3,qj2z2poj,9d3r370d,wdm84q52,None,6
xldeeed3,qj2z2poj,pdv0y91w,vdolp6dp,None,9
xldeeed3,qj2z2poj,9d3r370d,wdm84q52,None,6
xldeeed3,qj2z2poj,9d3r370d,wdm84q52,None,10
xldeeed3,qj2z2poj,46w0n91r,824rg9gd,None,252
xldeeed3,qj2z2poj,k6qwpm6g,mkerqxd6,None,17
xldeeed3,qj2z2poj,46w0n91r,wdm4veed,None,231
xldeeed3,qj2z2poj,46w0n91r,vdoqz66k,None,146
xldeeed3,qj2z2poj,46w0n91r,wkpq9pjd,None,114
xldeeed3,qj2z2poj,om1m5kd2,vdo4my2p,None,169
xldeeed3,qj2z2poj,46w0n91r,824rg9gd,None,352
xldeeed3,qj2z2poj,9d3rkgdl,9d8jx7kn,None,24
xldeeed3,qj2z2poj,om1mx362,9d8vge6k,None,38
xldeeed3,qj2z2poj,9d3rkgdl,z27wr5k0,n93opn90,18
xldeeed3,qj2z2poj,9d3rkgdl,z27wr5k0,rw630rw7,19
xldeeed3,qj2z2poj,9d3rkgdl,z27wr5k0,xd0xjxdq,38
xldeeed3,qj2z2poj,9d3rkgdl,z27wr5k0,rdnnvqdm,13
xldeeed3,qj2z2poj,9d3rkgdl,z27wr5k0,z98n0g9l,20
xldeeed3,qj2z2poj,pdvzzk6w,jdz5x6dv,None,19
xldeeed3,qj2z2poj,4d79zg17,824g7n25,29v3vlwv,51
xldeeed3,qj2z2poj,kdke3gdm,zd31zn2n,None,11
xldeeed3,qj2z2poj,nd2egvd0,wk61pexd,None,23
xldeeed3,qj2z2poj,nd2egvd0,02q8ly2y,None,62
xldeeed3,qj2z2poj,369xj06l,7kjrew42,None,4
xldeeed3,qj2z2poj,9dokee1p,7dgyngd4,None,14
xldeeed3,qj2z2poj,nd2e7xed,vdo80y6k,None,2
xldeeed3,qj2z2poj,nd2e7xed,9kvmz3jk,None,3
xldeeed3,qj2z2poj,nd2e7xed,zd36e4yd,None,2
xldeeed3,qj2z2poj,369pem01,z27l8jzd,None,3
xldeeed3,qj2z2poj,369pem01,z27l8jzd,None,2
xldeeed3,qj2z2poj,369pem01,z27l8jzd,None,2
xldeeed3,qj2z2poj,369pem01,z27l8jzd,None,5
xldeeed3,qj2z2poj,nd2e7xed,9kvmz3jk,None,3
xldeeed3,qj2z2poj,nd2e7xed,9kvmz3jk,None,3
xldeeed3,qj2z2poj,l3dxogdy,wk68zp21,None,186
xldeeed3,qj2z2poj,46wr7n1r,zd3oqydn,None,3
xldeeed3,qj2z2poj,yd4o2jk1,9kv63z32,None,1
xldeeed3,qj2z2poj,k6qpy9dg,jdr1p302,None,8
xldeeed3,qj2z2poj,l3dxogdy,wk68zp21,None,217
xldeeed3,qj2z2poj,l3dxogdy,wk68zp21,None,238
xldeeed3,qj2z2poj,k6qpy9dg,jdr1p302,None,29
xldeeed3,qj2z2poj,9d3q7e1l,ndxjgy12,None,33
xldeeed3,qj2z2poj,y654r48d,9kvy88ok,None,3
xldeeed3,qj2z2poj,y654r48d,jdrv9q02,None,18
xldeeed3,qj2z2poj,w6j0ledj,xd1ggrrd,None,14
xldeeed3,qj2z2poj,y654r48d,7dgnx842,None,23
xldeeed3,qj2z2poj,y654r48d,7dgnx842,None,6
xldeeed3,qj2z2poj,y654r48d,7dgnx842,None,22
xldeeed3,qj2z2poj,nd2e7xed,zd36e4yd,None,3
xldeeed3,qj2z2poj,nd2e7xed,zd36e4yd,None,2
xldeeed3,qj2z2poj,yd4kyw6e,wdm6xw5k,None,19
xldeeed3,qj2z2poj,m1zelx10,jdrq9mxk,None,36
xldeeed3,qj2z2poj,yd47z5de,wdmzlp32,None,6
xldeeed3,qj2z2poj,46wyv7dr,wdmppxdq,None,4
xldeeed3,qj2z2poj,m9doledp,zd304rdn,None,24
xldeeed3,qj2z2poj,yd4o2jk1,vdoxxl6d,r9gnp1jd,5
xldeeed3,qj2z2poj,xldeeed3,rklge08d,None,40
xldeeed3,qj2z2poj,9dowvo1p,w20xl1o2,None,4
xldeeed3,qj2z2poj,k6qpy9dg,xk98xgx2,gdrgojkw,3
xldeeed3,qj2z2poj,k6qpy9dg,xk98xgx2,y9myg509,10
xldeeed3,qj2z2poj,k6qpy9dg,xk98xgx2,5wk8ekxw,7
xldeeed3,qj2z2poj,k6qpy9dg,xk98xgx2,5d7lx7e9,4
xldeeed3,qj2z2poj,yd4o2jk1,vdoxxl6d,y9mgg459,8
xldeeed3,qj2z2poj,o6g4g862,9kvx60e2,None,10
xldeeed3,qj2z2poj,k6qpy9dg,xk98xgx2,29vj0mx9,5
xldeeed3,qj2z2poj,k6qpy9dg,xk98xgx2,z98e5r19,5
xldeeed3,qj2z2poj,k6qpy9dg,xk98xgx2,xd4ne08w,6
xldeeed3,qj2z2poj,k6qpy9dg,xk98xgx2,495yzj4w,7
xldeeed3,qj2z2poj,k6qpy9dg,xk98xgx2,5923r06d,4
xldeeed3,qj2z2poj,k6qpy9dg,xk98xgx2,kwj36y1d,3
xldeeed3,qj2z2poj,w6jne51j,rkl7grdn,None,7
xldeeed3,qj2z2poj,m9dok31p,zd31gy2n,4952gm9p,42
xldeeed3,qj2z2poj,m9dok31p,mndxp12q,None,122
xldeeed3,qj2z2poj,m1mx5k62,xk9gp4d0,None,35
xldeeed3,qj2z2poj,k6q0p01g,jdz3zpv2,None,14
xldeeed3,qj2z2poj,369poj81,9d8xpj32,None,4
xldeeed3,qj2z2poj,yd4o2jk1,9kv63z32,None,4
xldeeed3,qxk6klk8,kdkmjx1m,ndxm0v52,None,4
xldeeed3,qxk6klk8,369pxn01,z2746v42,None,1
xldeeed3,qxk6klk8,369pxn01,w2035ro2,xd4knl8w,6
xldeeed3,qxk6klk8,369pxn01,w2035ro2,owo3lr3w,12
xldeeed3,qxk6klk8,369pxn01,w2035ro2,kwjv321w,6
xldeeed3,qxk6klk8,369pxn01,w2035ro2,5d72lgew,18
xldeeed3,qxk6klk8,369pxn01,w2035ro2,xd146nyd,7
xldeeed3,qxk6klk8,369pxn01,w2035ro2,29vzjqxd,7
xldeeed3,qxk6klk8,369pxn01,w2035ro2,59243y6w,13
xldeeed3,qxk6klk8,369pxn01,w2035ro2,5wkq83xw,10
xldeeed3,qxk6klk8,369pxn01,w2035ro2,xd04l8jw,5
xldeeed3,qxk6klk8,xldeeed3,wkpjojvk,rdnoro6w,1
xldeeed3,qxk6klk8,nj1nrxdp,jdrq6lk6,None,15
xldeeed3,qxk6klk8,268ekrk6,xd1lpezk,None,2
xldeeed3,qxk6klk8,9dowvo1p,7dg9p4gk,None,2
xldeeed3,qxk6klk8,369pxn01,z2746v42,None,1
xldeeed3,qxk6klk8,369pxn01,w2035ro2,y9m2yn0d,6
xldeeed3,qxk6klk8,369pxn01,z2746v42,None,1
xldeeed3,qxk6klk8,369pxn01,z2746v42,None,1
xldeeed3,qxk6klk8,w6jp3e6j,9d8j5w6k,None,1
xldeeed3,qxk6klk8,nd2lkv60,wdm4q85d,None,1
xldeeed3,qxk6klk8,pd09llde,ndxj6no2,None,3
xldeeed3,qxk6klk8,v1po0vp6,wkp19z8k,None,3
xldeeed3,qxk6klk8,m1mzj3d2,zd358oek,None,1
xldeeed3,qxk6klk8,kdkmjx1m,7kj1yxk3,None,3
xldeeed3,jopegdlx,xldeeed3,rklge08d,None,1
xldeeed3,jopegdlx,j1npme6p,mkeyl926,None,247
xldeeed3,e8en9r28,qw6j841j,ndxz1rkq,None,1
xldeeed3,e8en9r28,qw6j841j,q25o58ko,None,1
xldeeed3,e8en9r28,qw6j841j,7kjv9xk3,None,1
xldeeed3,e8en9r28,qw6j841j,7kjv9xk3,None,27
xldeeed3,e8en9r28,qw6j841j,jdrqwxk6,None,1
xldeeed3,e8en9r28,qw6j841j,ndx15wv2,o9x4lopd,2
xldeeed3,e8en9r28,29d30dlp,nxd1rk8q,None,260
xldeeed3,e8en9r28,xldere63,xd1rw4k8,None,7
xldeeed3,e8en9r28,xkdko26m,vdo0p9dp,None,2
xldeeed3,e8en9r28,xkdko26m,vdo0p9dp,None,2
xldeeed3,e8en9r28,xkdko26m,w20peokn,None,1
xldeeed3,e8en9r28,xkdko26m,w20peokn,None,1
xldeeed3,e8en9r28,xldere63,02qg71jd,None,3
xldeeed3,e8en9r28,xkdko26m,wkpjg8kr,None,1
xldeeed3,e8en9r28,xkdko26m,wkpjg8kr,None,1
xldeeed3,e8en9r28,m1zjxgz6,9d8xrxl2,None,3
xldeeed3,e8en9r28,m1m77312,xk9v0zxd,None,1
xldeeed3,e8en9r28,m1m77312,wkpj590k,None,2
xldeeed3,e8en9r28,m1m77312,mkev3n26,None,1
xldeeed3,e8en9r28,kyd4np6e,ndxjrv2q,None,15
xldeeed3,e8en9r28,qw6j841j,7kjv9xk3,None,1
xldeeed3,e8en9r28,qw6j841j,zdnwoqdq,None,3
xldeeed3,e8en9r28,qw6j841j,02q9lppk,None,1
xldeeed3,e8en9r28,qw6j841j,7kjv9xk3,None,1
xldeeed3,e8en9r28,qw6j841j,7kjv9xk3,None,12
xldeeed3,e8en9r28,qw6j841j,zdnwoqdq,None,23
xldeeed3,e8en9r28,qw6j841j,7kjv9xk3,None,43
xldeeed3,e8en9r28,qw6j841j,q25o58ko,None,29
xldeeed3,e8en9r28,j1ll0271,5dwgw85k,None,1
xldeeed3,e8en9r28,w6j7r7e6,82497wed,None,2
xldeeed3,e8en9r28,qw6j841j,ndx15wv2,o9x4lopd,4
xldeeed3,e8en9r28,nj1nxxdp,824vnn25,rdn8p7dm,2
xldeeed3,e8en9r28,o6gl0q8d,q253rejk,None,2
xldeeed3,e8en9r28,w6j7r7e6,jdzomyr2,None,1
xldeeed3,e8en9r28,xkdko26m,wdmzm32q,None,1
xldeeed3,e8en9r28,xkdko26m,wdmzm32q,None,1
xldeeed3,e8en9r28,xkdko26m,ndx8x9vk,None,3
xldeeed3,e8en9r28,xkdko26m,ndx8x9vk,None,3
xldeeed3,e8en9r28,xkdko26m,xd1m47d8,None,1
xldeeed3,e8en9r28,xkdko26m,xd1m47d8,None,2
xldeeed3,e8en9r28,nj1nxxdp,824vnn25,z98q8p9l,3
xldeeed3,e8en9r28,qw6j841j,7kjv9xk3,None,54
xldeeed3,e8en9r28,m1mxew46,mkez136k,None,2
xldeeed3,e8en9r28,m1mxew46,n2y3831d,None,1
xldeeed3,e8en9r28,m1mxew46,wk6ozopk,None,2
xldeeed3,e8en9r28,nd2egvd0,5dwjw3gk,xd405p89,24
xldeeed3,e8en9r28,nd2egvd0,5dwjw3gk,n93qxkrw,25
xldeeed3,e8en9r28,nd2egvd0,5dwjw3gk,ldy1rq7d,20
xldeeed3,e8en9r28,nd2egvd0,5dwjw3gk,ldy1rxpd,24
xldeeed3,e8en9r28,nd2egvd0,5dwjw3gk,gdrp0new,21
xldeeed3,e8en9r28,nd2egvd0,5dwjw3gk,rdnom36w,32
xldeeed3,e8en9r28,nd2egvd0,5dwjw3gk,r9gymlj9,20
xldeeed3,e8en9r28,nd2egvd0,5dwjw3gk,rw6q726d,23
xldeeed3,e8en9r28,nd2egvd0,5dwjw3gk,495kq2m9,16
xldeeed3,e8en9r28,nd2egvd0,5dwjw3gk,z98ro3rd,18
xldeeed3,e8en9r28,nd2egvd0,5dwjw3gk,z98rop1d,28
xldeeed3,e8en9r28,nd2egvd0,5dwjw3gk,n93qx12w,22
xldeeed3,e8en9r28,nd2egvd0,5dwjw3gk,ywe2vylw,27
xldeeed3,e8en9r28,nd2egvd0,5dwjw3gk,rdqzm8od,19
xldeeed3,e8en9r28,nd2egvd0,5dwjw3gk,nwlgm5o9,21
xldeeed3,e8en9r28,nd2egvd0,5dwjw3gk,rdnom75w,20
xldeeed3,e8en9r28,nd2egvd0,5dwjw3gk,69zpl5xw,22
xldeeed3,e8en9r28,nd2egvd0,5dwjw3gk,xd0kepj9,15
xldeeed3,e8en9r28,nd2egvd0,5dwjw3gk,o9x1yg3d,21
xldeeed3,e8en9r28,nj1nxxdp,824vnn25,ldy6pk93,4
xldeeed3,e8en9r28,xldeeed3,rklge08d,None,27
xldeeed3,e8en9r28,y65re01e,zd3ojydn,None,16
xldeeed3,e8en9r28,m9dok31p,mndxp12q,None,29
xldeeed3,e8en9r28,pd0nvw1e,7kjo5z23,None,19
xldeeed3,e8en9r28,m1m9k362,w201v55k,None,1
xldeeed3,e8en9r28,m1m9k362,9kvj7l8k,None,1
xldeeed3,e8en9r28,m1m9k362,rklevzn2,None,1
xldeeed3,e8en9r28,m1m9k362,ndxp70r2,None,1
xldeeed3,e8en9r28,m9doledp,zd304rdn,None,22
xldeeed3,e8en9r28,46wvx7dr,5dwjvolk,None,4
xldeeed3,e8en9r28,ok6qq06g,wkpjr8kr,None,49
xldeeed3,e8en9r28,ok6qq06g,wkpjr8kr,None,63
xldeeed3,e8en9r28,n2680o1p,jdrx1egd,None,90
xldeeed3,e8en9r28,qw6j841j,ndxz1rkq,None,19
xldeeed3,e8en9r28,pd09jvde,7kjvexnk,None,1
xldeeed3,e8en9r28,y65ke76e,wdmlg6ek,None,1
xldeeed3,e8en9r28,y65ke76e,9d86ln62,None,1
xldeeed3,e8en9r28,o6gny512,8241qm25,None,130
xldeeed3,e8en9r28,nj1nrxdp,jdrq6lk6,None,20
xldeeed3,e8en9r28,8nd2wvd0,xn2y3zdo,None,132
xldeeed3,dx3e4z7j,n2680o1p,jdrx1egd,None,70
xldeeed3,dx3e4z7j,xldeeed3,wkpjojvk,n935vrw0,9
xldeeed3,dx3e4z7j,xldeeed3,wkpjojvk,rdnoro6w,1
xldeeed3,dx3e4z7j,29d30dlp,nxd1rk8q,None,250
xldeeed3,dx3e4z7j,76r43l18,w20wryod,None,501
xldeeed3,dx3e4z7j,m9doledp,zd304rdn,None,10
xldeeed3,dx3e4z7j,9do8vo1p,wdm8ov42,None,7
xldeeed3,8l0ov648,nj1nrxdp,wk6p6pd1,None,13
xldeeed3,8l0ov648,nj1nrxdp,jdrq6lk6,None,13
xldeeed3,8l0ov648,xldeeed3,wkpjojvk,rdnokk5w,3
xldeeed3,8l0ov648,xldeeed3,wkpjojvk,xd1jvjzd,3
xldeeed3,8l0ov648,xldeeed3,wkpjojvk,495kvvm9,3
xldeeed3,8l0ov648,xldeeed3,wkpjojvk,29ve4xdv,2
xldeeed3,8l0ov648,xldeeed3,wkpjojvk,ewp7k7yw,5
xldeeed3,8l0ov648,xldeeed3,wkpjojvk,r9gykyj9,3
xldeeed3,8l0ov648,kdk24qdm,xd1w0v82,gdrvmpkw,1
xldeeed3,8l0ov648,kdk24qdm,xd1w0v82,xd4m4v8d,1
xldeeed3,8l0ov648,kdk24qdm,xd1w0v82,rw608k6w,1
xldeeed3,8l0ov648,kdk24qdm,xd1w0v82,rdnv6k69,1
xldeeed3,8l0ov648,kdk24qdm,xd1w0v82,n93pv2rd,1
xldeeed3,8l0ov648,n2680o1p,jdrx1egd,None,9
xldeeed3,8l0ov648,n2680o1p,xd135g8k,xd15rkew,3
xldeeed3,8l0ov648,n2680o1p,xd135g8k,n93ge5nd,3
xldeeed3,8l0ov648,n2680o1p,xd135g8k,rw6nxprd,2
xldeeed3,8l0ov648,n2680o1p,xd135g8k,xd43z729,3
xldeeed3,8l0ov648,46wr7n1r,zd3oqydn,None,2
xldeeed3,8l0ov648,xldeeed3,wkpjojvk,xd0rmjdq,2
xldeeed3,8l0ov648,o6glkk8d,jdrx0end,None,1
xldeeed3,8l0ov648,n2680o1p,zd3lqwnd,owo2nood,1
xldeeed3,8l0ov648,n2680o1p,jdrx1egd,None,7
xldeeed3,8l0ov648,o6glkk8d,jdzopnx2,None,1
xldeeed3,8l0ov648,n2680o1p,rklenrw2,592olgod,1
xldeeed3,8l0ov648,n2680o1p,xd135g8k,z988qvg9,1
xldeeed3,8l0ov648,xldeeed3,wkpjojvk,ewpm14wn,3
xldeeed3,8l0ov648,xldeeed3,wkpjojvk,xd0rzjdq,3
xldeeed3,8l0ov648,xldeeed3,wkpjojvk,xd40rp09,5
xldeeed3,8l0ov648,n2680o1p,02qo8pjk,None,3
xldeeed3,8l0ov648,yd40y51e,9d85peqd,ywenokyw,2
xldeeed3,8l0ov648,yd40y51e,9d85peqd,rdqge2k9,2
xldeeed3,8l0ov648,yd40y51e,9d85peqd,r9grp05w,2
xldeeed3,8l0ov648,yd40y51e,vdop0zo2,495yeo0w,1
xldeeed3,8l0ov648,yd40y51e,vdon7ykp,None,4
xldeeed3,8l0ov648,n2680o1p,jdz8p73d,None,10
xldeeed3,8l0ov648,9d38jey1,xk99g44k,nwljo4o9,1
xldeeed3,8l0ov648,9d38jey1,xk99g44k,69zg2exw,1
xldeeed3,8l0ov648,9d38jey1,xk99g44k,5927qm7w,3
xldeeed3,8l0ov648,m9dok31p,zd31gy2n,4952gm9p,15
xldeeed3,8l0ov648,yd40y51e,vdon7ykp,None,1
xldeeed3,8l0ov648,j1n8k4x1,jdzryeg2,5wkv5rxd,1
xldeeed3,8l0ov648,j1n8k4x1,wkpg8zwk,None,1
xldeeed3,8l0ov648,j1n8k4x1,jdzryeg2,r9goe2jw,1
xldeeed3,8l0ov648,j1n8k4x1,jdzryeg2,ewpv1q4w,1
xldeeed3,8l0ov648,j1n8k4x1,jdzryeg2,nwlvqlo9,2
xldeeed3,8l0ov648,j1n8k4x1,jdzryeg2,z980y6rd,1
xldeeed3,8l0ov648,xldeeed3,wkpjojvk,owo1z396,3
xldeeed3,8l0ov648,9d38jey1,z2796q0d,None,1
xldeeed3,8l0ov648,m9dok31p,z27o7x5d,None,27
xldeeed3,8l0ov648,o6glkk8d,jdrx0end,None,3
xldeeed3,8l0ov648,m9dok31p,mndxp12q,None,30
xldeeed3,8l0ov648,m9dok31p,zd31gy2n,owojnj96,5
xldeeed3,8l0ov648,xldeeed3,wkpjojvk,59205y3d,5
xldeeed3,8l0ov648,xldeeed3,rklge08d,None,15
xldeeed3,8l0ov648,xldeeed3,wkpjojvk,o9x553wl,3
xldeeed3,8l0ov648,xldeeed3,wkpjojvk,5wkzyxw4,11
xldeeed3,8l0ov648,n2680o1p,02qo8pjk,None,8
xldeeed3,8l0ov648,n2680o1p,xd135g8k,ewpqymk9,3
xldeeed3,8l0ov648,n2680o1p,jdz8p73d,None,11
xldeeed3,8l0ov648,m9doledp,zd304rdn,None,7
xldeeed3,8l0ov648,n2680o1p,xd135g8k,5wkroz29,5
xldeeed3,8l0ov648,369pxn01,w2035ro2,xd146nyd,14
xldeeed3,8l0ov648,369pxn01,w2035ro2,29vzjqxd,16
xldeeed3,8l0ov648,369pxn01,w2035ro2,owo3lr3w,20
xldeeed3,8l0ov648,369pxn01,w2035ro2,59243y6w,18
xldeeed3,8l0ov648,369pxn01,w2035ro2,kwjv321w,21
xldeeed3,8l0ov648,yd40y51e,zd350onk,None,1
xldeeed3,8l0ov648,369pxn01,w2035ro2,5d72lgew,24
xldeeed3,8l0ov648,369pxn01,w2035ro2,5wkq83xw,22
xldeeed3,8l0ov648,xldeeed3,wkpjojvk,n935vrw0,5
xldeeed3,8l0ov648,xldeeed3,wkpjojvk,rdnoro6w,1
xldeeed3,8l0ov648,369pxn01,w2035ro2,ewp8el49,13
xldeeed3,8l0ov648,n2680o1p,rklenrw2,xd15rkew,3
xldeeed3,8l0ov648,n2680o1p,xd135g8k,592olgod,3
xldeeed3,8l0ov648,n2680o1p,rklenrw2,29vkxe3d,3
xldeeed3,8l0ov648,ok6qq06g,wkpjr8kr,None,32
xldeeed3,8l0ov648,76r8y5d8,wdm4py5d,None,6
xldeeed3,8l0ov648,76r8y5d8,wdm4py5d,None,4
xldeeed3,8l0ov648,ldemyx13,rklmxndn,None,8
xldeeed3,8l0ov648,ldemyx13,8240wled,None,2
xldeeed3,8l0ov648,76r8y5d8,xd1574w2,None,8
xldeeed3,8l0ov648,76r8y5d8,xk9n36x2,None,11
xldeeed3,8l0ov648,76r8y5d8,ndxpvx52,None,8
xldeeed3,8l0ov648,76r8y5d8,vdoqe9yk,nwl4p1r9,2
xldeeed3,8l0ov648,76r8y5d8,vdoqe9yk,kwj41m1w,2
xldeeed3,8l0ov648,76r8y5d8,wkpqw4gd,29vn5pnd,2
xldeeed3,8l0ov648,ldemyx13,9d8neqdn,rw6mv797,1
xldeeed3,8l0ov648,76r8y5d8,z27o8e5d,None,6
xldeeed3,8l0ov648,m9dok31p,z273lzd0,None,20
xldeeed3,8l0ov648,m9dok31p,7wk6oqk1,None,55
xldeeed3,8l0ov648,m9dok31p,zd31gy2n,rdq8rodx,14
xldeeed3,8l0ov648,m9dok31p,zd31gy2n,xd1mrzdo,9
xldeeed3,8l0ov648,m9dok31p,xw201vkn,None,22
xldeeed3,8l0ov648,76r8y5d8,ndxpvx52,None,9
xldeeed3,8l0ov648,76r8y5d8,xk9n36x2,None,12
xldeeed3,8l0ov648,ok6qq06g,wkpjr8kr,None,22
xldeeed3,8l0ov648,76r8y5d8,mke9z7jd,None,3
xldeeed3,8l0ov648,76r8y5d8,wk6ozgek,None,6
xldeeed3,8l0ov648,m9dok31p,prkleq2n,None,42
xldeeed3,8l0ov648,j1llwz1g,9d86ql2n,None,552
xldeeed3,8l0ov648,76r8y5d8,wkpqw4gd,5wk41vxd,4
xldeeed3,8l0ov648,76r8y5d8,vdoqe9yk,o9xr3y19,4
xldeeed3,8l0ov648,m9dok31p,zd31gy2n,5d715qdy,14
xldeeed3,8l0ov648,m9dok31p,zdnw0l9d,ewp3yydn,5
xldeeed3,8l0ov648,76r8y5d8,wkpqw4gd,29vn5vxd,3
xldeeed3,8l0ov648,76r8y5d8,vdoqe9yk,29vn5vxd,2
xldeeed3,8l0ov648,om1m5kd2,vdo4my2p,None,185
xldeeed3,8l0ov648,76r8y5d8,vdoqe9yk,r9gq15kd,3
xldeeed3,8l0ov648,76r8y5d8,wkpqw4gd,kwj41jzw,3
xldeeed3,8l0ov648,m9dok31p,zd31gy2n,kwjgj0wg,15
xldeeed3,8l0ov648,76r8y5d8,vdoqe9yk,kwj41jzw,3
xldeeed3,8l0ov648,76r8y5d8,xk9n36x2,None,7
xldeeed3,8l0ov648,9d3rqq0d,5dw4590k,None,8
xldeeed3,8l0ov648,m9dok31p,zd31gy2n,ewp3yydn,20
xldeeed3,1xy5zz8r,o1y9wo6q,7dgrrxk4,None,126
xldeeed3,1xy5zz8r,xldeeed3,wkpjojvk,69zoy4d1,8
xldeeed3,1xy5zz8r,xldeeed3,wkpjojvk,xd0rzjdq,12
xldeeed3,1xy5zz8r,xldeeed3,wkpjojvk,kwjlx1dg,6
xldeeed3,1xy5zz8r,ok6qq06g,rklrp8kn,None,4
xldeeed3,1xy5zz8r,xldeeed3,wkpjojvk,29vm11q9,8
xldeeed3,1xy5zz8r,xldeeed3,wkpjojvk,rw6ppp97,7
xldeeed3,1xy5zz8r,xldeeed3,wkpjojvk,xd1jvjzd,11
xldeeed3,1xy5zz8r,xldeeed3,wkpjojvk,495oomdp,9
xldeeed3,1xy5zz8r,xldeeed3,wkpjojvk,owo7lk39,9
xldeeed3,1xy5zz8r,xldeeed3,wkpjojvk,kwj7o70w,10
xldeeed3,1xy5zz8r,xldeeed3,wkpjojvk,gdr44ewz,12
xldeeed3,1xy5zz8r,xldeeed3,wkpjojvk,69zpmmxw,14
xldeeed3,1xy5zz8r,xldeeed3,wkpjojvk,69zooxd1,12
xldeeed3,1xy5zz8r,xldeeed3,wkpjojvk,5wkkggvw,11
xldeeed3,1xy5zz8r,xldeeed3,wkpjojvk,495kvvm9,14
xldeeed3,1xy5zz8r,xldeeed3,wkpjojvk,ewp7kkyw,8
xldeeed3,1xy5zz8r,xldeeed3,wkpjojvk,z98r2rrd,7
xldeeed3,1xy5zz8r,xldeeed3,wkpjojvk,xd40vvq9,7
xldeeed3,1xy5zz8r,xldeeed3,wkpjojvk,ldy7m7d3,12
xldeeed3,1xy5zz8r,xldeeed3,wkpjojvk,n935vrw0,11
xldeeed3,1xy5zz8r,xldeeed3,wkpjojvk,59205y3d,10
xldeeed3,1xy5zz8r,xldeeed3,wkpjojvk,rdnoko5w,7
xldeeed3,1xy5zz8r,xldeeed3,wkpjojvk,5wkzyxw4,14
xldeeed3,1xy5zz8r,xldeeed3,wkpjojvk,n9356rw0,10
xldeeed3,1xy5zz8r,m1zjnz60,jdrpo0x2,None,2
xldeeed3,1xy5zz8r,ok6qq06g,5dwjv0kg,None,19
xldeeed3,1xy5zz8r,ok6qq06g,5dwjv0kg,None,2
xldeeed3,1xy5zz8r,xldeeed3,wkpjojvk,xd477qdm,11
xldeeed3,1xy5zz8r,xldeeed3,wkpjojvk,rdnj669m,11
xldeeed3,1xy5zz8r,xldeeed3,wkpjojvk,ldy77pd3,10
xldeeed3,1xy5zz8r,xldeeed3,wkpjojvk,5920vogd,8
xldeeed3,1xy5zz8r,xldeeed3,wkpjojvk,xd0rmjdq,11
xldeeed3,1xy5zz8r,xldeeed3,wkpjojvk,xd1ekywo,8
xldeeed3,1xy5zz8r,ok6qq06g,z27g9yz2,rdqz5lgd,3
xldeeed3,1xy5zz8r,m1zjnz60,7kjo4n23,None,11
xldeeed3,1xy5zz8r,ok6qq06g,xk90916k,rdqz5lgd,4
xldeeed3,1xy5zz8r,ok6qq06g,wkpjr8kr,None,41
xldeeed3,1xy5zz8r,xldeeed3,wkpjojvk,y9m5kkzd,8
xldeeed3,1xy5zz8r,xldeeed3,wkpjojvk,r9gykyj9,12
xldeeed3,1xy5zz8r,xldeeed3,wkpjojvk,r9gykkj9,14
xldeeed3,1xy5zz8r,ok6qq06g,wkpjr8kr,None,23
xldeeed3,1xy5zz8r,y654o4de,wk61ord1,None,13
xldeeed3,1xy5zz8r,m1zjnz60,z27my020,None,25
xldeeed3,1xy5zz8r,m9doledp,9d8p8lkn,None,13
xldeeed3,1xy5zz8r,xldeeed3,wkpjojvk,5d7y66qd,9
xldeeed3,1xy5zz8r,xldeeed3,wkpjojvk,ewpm14wn,18
xldeeed3,1xy5zz8r,xldeeed3,wkpjojvk,ldy7n7d3,12
xldeeed3,1xy5zz8r,xldeeed3,wkpjojvk,owo7ggj9,8
xldeeed3,1xy5zz8r,xldeeed3,wkpjojvk,ewpmmywn,8
xldeeed3,1xy5zz8r,m1zjnz60,jdzprvkv,None,7
xldeeed3,1xy5zz8r,m1zjnz60,z27my020,None,19
xldeeed3,1xy5zz8r,o6g38od2,ndx0l1dq,None,15
xldeeed3,1xy5zz8r,4d709l17,9d8p777k,None,47
xldeeed3,18v3wvxl,lde05n63,n2yqj9zk,29v4ox9v,1
xldeeed3,18v3wvxl,46w3xjq1,n2ygo8e2,None,1
xldeeed3,18v3wvxl,46w3xjq1,n2ygo8e2,None,1
xldeeed3,18v3wvxl,lde3kl56,q253v3jk,None,1
xldeeed3,18v3wvxl,m1mgr412,w20zgyvd,495j5v4w,3
xldeeed3,18v3wvxl,76rrl468,vdo0j59d,xd0k5r09,1
xldeeed3,18v3wvxl,xldeeed3,wkpjojvk,ywe2z2lw,8
xldeeed3,18v3wvxl,xldeeed3,wkpjojvk,r9gykkj9,10
xldeeed3,18v3wvxl,xldeeed3,wkpjojvk,xd1jvjzd,10
xldeeed3,18v3wvxl,xldeeed3,wkpjojvk,ywekklwl,6
xldeeed3,18v3wvxl,xldeeed3,wkpjojvk,y9m5k5zd,12
xldeeed3,18qz108n,o1y9r9k6,z27603gd,None,8
xldeeed3,18qz108n,o1y9r9k6,xk9gojyd,None,7
xldeeed3,18qz108n,o1y9r9k6,7kjpjrxk,None,12
xldeeed3,18qz108n,o1y9r9k6,7kjpjrxk,None,22
xldeeed3,18qz108n,o1y9r9k6,q25ql882,None,5
xldeeed3,18qz108n,o1y9r9k6,xk9gojyd,None,14
xldeeed3,18qz108n,o1y9r9k6,z27603gd,None,18
xldeeed3,18qz108n,o1y9r9k6,xk9gojyd,None,4
xldeeed3,18qz108n,o1y9r9k6,z27603gd,None,11
xldeeed3,18qz108n,o1y9r9k6,q25ql882,None,3
xldeeed3,18qz108n,369wngdl,jdr9e0d6,None,5
xldeeed3,18qz108n,y65zj06e,rklqvlr2,None,2
xldeeed3,18qz108n,y65zj06e,w20zlozd,None,3
xldeeed3,18qz108n,y65zj06e,wdm35ekq,None,2
xldeeed3,18qz108n,576rje18,9kvxrv82,None,63
xldeeed3,18qz108n,576rje18,lvdo8ykp,None,72
xldeeed3,18qz108n,9dom2m6p,824m0og2,None,1
xldeeed3,18qz108n,4pd02v1e,4xk9r4k0,None,29
xldeeed3,18qz108n,369wngdl,z27ml520,None,3
xldeeed3,18qz108n,j1l9ve1g,xd1m6rrd,None,2
xldeeed3,18qz108n,j1l9ve1g,n2yxe7do,None,6
xldeeed3,18qz108n,576rje18,7wkp1gkr,None,86
xldeeed3,18qz108n,xldeeed3,rklge08d,None,33
xldeeed3,18qz108n,9j1l9v1g,7wk6nq21,None,79
xldeeed3,18qz108n,y65zj06e,w20n3zdn,None,6
xldeeed3,8en422o8,3dxkzvp1,zd3jwvr2,None,1
xldeeed3,8en422o8,m1m7g412,jdz9lrv2,kwj8mmn9,8
xldeeed3,8en422o8,pdvzgv46,xk9p38vd,5d7prr6d,1
xldeeed3,8en422o8,ldewjld3,9kvm4p8k,ywe53xqw,23
xldeeed3,8en422o8,ldewjld3,9kvm4p8k,r9g4nqq9,18
xldeeed3,8en422o8,o1yrz26q,wk6ny7o2,None,6
xldeeed3,8en422o8,xldeeed3,wkpjojvk,ewpm14wn,10
xldeeed3,8en422o8,nj1nrxdp,jdzo8g32,5wk76m5d,2
xldeeed3,8en422o8,xldeeed3,wkpjojvk,5920vogd,4
xldeeed3,8en422o8,xldeeed3,wkpjojvk,r9gykyj9,11
xldeeed3,8en422o8,xldeeed3,wkpjojvk,gdrpkpew,12
xldeeed3,8en422o8,xldeeed3,wkpjojvk,r9gykkj9,12
xldeeed3,8en422o8,nj1n3ydp,02qp4ejd,xd4r45q9,1
xldeeed3,8en422o8,nj1n3ydp,02qp4ejd,29v548qd,5
xldeeed3,8en422o8,3dxkzvp1,jdrrv9ld,None,1
xldeeed3,8en422o8,k6qwkz6g,ndxmqnj2,None,17
xldeeed3,8en422o8,nd2egvd0,5dwjw3gk,z98rop1d,21
xldeeed3,8en422o8,xldeeed3,wkpjojvk,ywekr4wl,10
xldeeed3,8en422o8,xldeeed3,wkpjojvk,xd47q8dm,9
xldeeed3,8en422o8,xldeeed3,wkpjojvk,xd0kvvm9,9
xldeeed3,8en422o8,xldeeed3,wkpjojvk,ldy7n7d3,8
xldeeed3,8en422o8,xldeeed3,wkpjojvk,rdqz66od,11
xldeeed3,8en422o8,36987w3d,n2yvvl72,None,1
xldeeed3,8en422o8,j1ll22j1,q2539v8k,xd1z30ew,18
xldeeed3,8en422o8,3dxkzvp1,rkl5v382,None,3
xldeeed3,8en422o8,3dxkzvp1,jdrrv9ld,None,1
xldeeed3,8en422o8,nd2wk3d0,wdmy8odq,29v6o1wv,1
xldeeed3,8en422o8,nd2wk3d0,wdmy8odq,z98317dl,28
xldeeed3,8en422o8,nd2wk3d0,wdmy8odq,ewp3lldn,1
xldeeed3,8en422o8,nd2wk3d0,wdmy8odq,n93167d0,49
xldeeed3,8en422o8,k6q49kzd,jdr9qeld,None,4
xldeeed3,8en422o8,pd0w5y01,w208g5jd,None,1
xldeeed3,8en422o8,k6q49kzd,7kjo5lg2,rdq45eg9,2
xldeeed3,8en422o8,k6q49kzd,z27mp552,rdq45eg9,1
xldeeed3,8en422o8,k6q49kzd,zdnnmo7d,rdq45eg9,1
xldeeed3,8en422o8,m1m7g412,wk6oqwek,None,39
xldeeed3,8en422o8,nd2wk3d0,wdmy8odq,5wkx3594,83
xldeeed3,8en422o8,nd2egvd0,5dwjw3gk,rdnom36w,28
xldeeed3,8en422o8,nd2egvd0,5dwjw3gk,n93qxkrw,21
xldeeed3,8en422o8,76rxz468,wk6ozmxk,None,16
xldeeed3,8en422o8,ldewjld3,vdo3459d,None,15
xldeeed3,8en422o8,v1pxlkm6,7dgmm47d,owoj0xj9,1
xldeeed3,8en422o8,k6qwkz6g,ndxmqnj2,None,29
xldeeed3,8en422o8,369pxn01,w2035ro2,5d72lgew,67
xldeeed3,8en422o8,om1m5kd2,xk9lg6k0,None,138
xldeeed3,8en422o8,jy65g3de,xk901gk0,None,29
xldeeed3,8en422o8,k6qwy96g,7dggz3gd,xd1jgxed,12
xldeeed3,8en422o8,k6q49kzd,7kjo5lg2,5d7qzgew,4
xldeeed3,8en422o8,k6qwy96g,02qjqe9d,kwj7npnw,14
xldeeed3,8en422o8,jy65g3de,rklxn7nk,rdnorv7w,9
xldeeed3,x7mq19qx,xldeeed3,wkpjojvk,5wkzyxw4,12
xldeeed3,x7mq19qx,xldeeed3,wkpjojvk,69zpmmxw,11
xldeeed3,x7mq19qx,xldeeed3,wkpjojvk,495kvvm9,10
xldeeed3,x7mq19qx,o1yjro21,7kj9enx2,owojkpv9,1
xldeeed3,x7mq19qx,o1yjro21,7kj9enx2,kwjgyqrw,2
xldeeed3,x7mq19qx,369pxn01,w2035ro2,xd146nyd,10
xldeeed3,x7mq19qx,o1yjro21,w20qy8jd,n9310r7d,3
xldeeed3,x7mq19qx,o1yjro21,w20qy8jd,ewp3p6ld,2
xldeeed3,x7mq19qx,o1yjro21,w20qy8jd,y9m6eolw,4
xldeeed3,x7mq19qx,o1yjro21,w20qy8jd,kwjgyqrw,8
xldeeed3,x7mq19qx,o1yjro21,w20qy8jd,owojkpv9,3
xldeeed3,x7mq19qx,369pxn01,w2035ro2,5d72lgew,15
xldeeed3,x7mq19qx,xldeeed3,wkpjojvk,n935vrw0,15
xldeeed3,x7mq19qx,m1zjm936,q253o78k,kwj3ovzd,19
xldeeed3,8l4mzn4j,xldeeed3,wkpjojvk,592g26w6,1
xldeeed3,8l4mzn4j,xldeeed3,wkpjojvk,5wkz5xw4,1
xldeeed3,8l4mzn4j,xldeeed3,wkpjojvk,ldy141pd,2
xldeeed3,8l4mzn4j,xldeeed3,wkpjojvk,ywekklwl,1
xldeeed3,8l4mzn4j,xldeeed3,wkpjojvk,n935vrw0,14
xldeeed3,8l4mzn4j,xldeeed3,wkpjojvk,kwjll0dg,2
xldeeed3,8l4mzn4j,m9doledp,9kvyzx3k,None,1
xldeeed3,8l4mzn4j,xldeeed3,wkpjojvk,kwj7o70w,2
xldeeed3,8l4mzn4j,m9doledp,xd1qj772,5927lprw,2
xldeeed3,8l4mzn4j,m9doledp,xd1qj772,5wk7olqd,1
xldeeed3,8l4mzn4j,xldeeed3,wkpjojvk,xd0rrmdq,1
xldeeed3,8l4mzn4j,xldeeed3,wkpjojvk,z98r22rd,1
xldeeed3,8l4mzn4j,xldeeed3,wkpjojvk,rdqz66od,2
xldeeed3,8l4mzn4j,xldeeed3,wkpjojvk,69zooxd1,2
xldeeed3,8l4mzn4j,xldeeed3,wkpjojvk,ldy7m7d3,3
xldeeed3,8l4mzn4j,xldeeed3,wkpjojvk,z98vy1wl,1
xldeeed3,8l4mzn4j,xldeeed3,wkpjojvk,69zpmpxw,2
xldeeed3,8l4mzn4j,xldeeed3,wkpjojvk,y9m5k5zd,2
xldeeed3,8l4mzn4j,xldeeed3,wkpjojvk,y9mqqzd5,1
xldeeed3,8l4mzn4j,xldeeed3,wkpjojvk,gdr4mkwz,1
xldeeed3,8l4mzn4j,xldeeed3,wkpjojvk,rdq22odx,3
xldeeed3,8l4mzn4j,xldeeed3,wkpjojvk,rdqz6zod,2
xldeeed3,8l4mzn4j,xldeeed3,wkpjojvk,495kvkm9,1
xldeeed3,8l4mzn4j,xldeeed3,wkpjojvk,rdnoro6w,22
xldeeed3,8l4mzn4j,xldeeed3,wkpjojvk,495oomdp,2
xldeeed3,8l4mzn4j,xldeeed3,wkpjojvk,n93q2q2w,3
xldeeed3,8l4mzn4j,xldeeed3,wkpjojvk,xd07o6jw,3
xldeeed3,8l4mzn4j,xldeeed3,wkpjojvk,y9mq70d5,1
xldeeed3,8l4mzn4j,xldeeed3,wkpjojvk,ewpm14wn,2
xldeeed3,8l4mzn4j,xldeeed3,wkpjojvk,z98vvrwl,2
xldeeed3,8l4mzn4j,nj1nrxdp,jdzo8g32,5wk76m5d,1
xldeeed3,8l4mzn4j,nj1nrxdp,jdzo8g32,ewp6x2ld,2
xldeeed3,8l4mzn4j,nj1nrxdp,jdzo8g32,xd05qy09,3
xldeeed3,8l4mzn4j,9d38jey1,xk99g44k,5927qm7w,2
xldeeed3,8l4mzn4j,9d38jey1,xk99g44k,ewp6x3yd,1
xldeeed3,8l4mzn4j,9d38jey1,xk99g44k,rdqk74od,2
xldeeed3,8l4mzn4j,9d38jey1,xk99g44k,xd4o2gq9,1
xldeeed3,8l4mzn4j,9d38jey1,xk99g44k,gdr3x08d,1
xldeeed3,8l4mzn4j,xldeeed3,wkpjojvk,5920vogd,1
xldeeed3,8l4mzn4j,xldeeed3,wkpjojvk,xd1jvvzd,1
xldeeed3,8l4mzn4j,xldeeed3,wkpjojvk,xd40rp09,4
xldeeed3,8l4mzn4j,xldeeed3,wkpjojvk,ldy7n7d3,1
xldeeed3,8l4mzn4j,9d38jey1,xk99g44k,49515xmw,1
xldeeed3,8l4mzn4j,xldeeed3,wkpjojvk,5d7y66qd,2
xldeeed3,8l4mzn4j,xldeeed3,wkpjojvk,xd0kvvm9,1
xldeeed3,8l4mzn4j,xldeeed3,wkpjojvk,o9x1m13d,1
xldeeed3,8l4mzn4j,xldeeed3,wkpjojvk,rw6qkkpd,1
xldeeed3,8l4mzn4j,xldeeed3,wkpjojvk,kwj7oo0w,4
xldeeed3,8l4mzn4j,xldeeed3,wkpjojvk,5wkkggvw,8
xldeeed3,8l4mzn4j,xldeeed3,wkpjojvk,ldy144pd,4
xldeeed3,8l4mzn4j,xldeeed3,wkpjojvk,rw6ppp97,3
xldeeed3,8l4mzn4j,xldeeed3,wkpjojvk,owo7ggj9,4
xldeeed3,8l4mzn4j,xldeeed3,wkpjojvk,r9gykkj9,1
xldeeed3,8l4mzn4j,xldeeed3,wkpjojvk,r9g00jw2,3
xldeeed3,8l4mzn4j,xldeeed3,wkpjojvk,rdnj669m,2
xldeeed3,8l4mzn4j,xldeeed3,wkpjojvk,gdrpkpew,4
xldeeed3,8l4mzn4j,xldeeed3,wkpjojvk,owo7g7j9,2
xldeeed3,8l4mzn4j,xldeeed3,wkpjojvk,xd477qdm,3
xldeeed3,8l4mzn4j,xldeeed3,wkpjojvk,n93552w0,3
xldeeed3,8l4mzn4j,xldeeed3,wkpjojvk,5wkzzvw4,2
xldeeed3,8l4mzn4j,3dxkx3g1,wdmmoned,None,2
xldeeed3,8l4mzn4j,xldeeed3,wkpjojvk,ldy77pd3,5
xldeeed3,8l4mzn4j,m9doledp,9d8p8lkn,None,5
xldeeed3,8l4mzn4j,xldeeed3,wkpjojvk,rdnoko5w,2
xldeeed3,8l4mzn4j,ok6qq06g,xk90916k,5d7yz8ed,1
xldeeed3,8l4mzn4j,xldeeed3,wkpjojvk,z98r2rrd,2
xldeeed3,8l4mzn4j,ok6qq06g,xk90916k,owo7qy39,1
xldeeed3,8l4mzn4j,ok6qq06g,xk90916k,5920n56d,3
xldeeed3,8l4mzn4j,ok6qq06g,xk90916k,xd40rx89,2
xldeeed3,8l4mzn4j,ok6qq06g,xk90916k,rdqz5lgd,1
xldeeed3,8l4mzn4j,ok6qq06g,wkpjr8kr,None,8
xldeeed3,8l4mzn4j,ok6qq06g,wkpjr8kr,None,6
xldeeed3,68w4mqxg,nj1nrxdp,jdzo8g32,z98k7q79,1
xldeeed3,68w4mqxg,nj1nrxdp,jdzo8g32,rw66oxnw,1
xldeeed3,68w4mqxg,nj1nrxdp,jdzo8g32,xd4o2z09,1
xldeeed3,68w4mqxg,nj1nrxdp,jdzo8g32,29vr7x1w,1
xldeeed3,68w4mqxg,nj1nrxdp,jdzo8g32,y9moxmlw,1
xldeeed3,68w4mqxg,nj1nrxdp,jdrq6lk6,None,5
xldeeed3,68w4mqxg,jy65g3de,rklxn7nk,r9gyrop9,1
xldeeed3,68w4mqxg,nj1nrxdp,jdzo8g32,ewp6x2ld,1
xldeeed3,68w4mqxg,nj1nrxdp,jdzo8g32,5wk76m5d,1
xldeeed3,68w4mqxg,nj1nrxdp,jdzo8g32,xd05qy09,1
xldeeed3,68w4mqxg,nj1nrxdp,jdzo8g32,n93j4e7d,1
xldeeed3,68w4mqxg,nj1nrxdp,wk6p6pd1,None,9
xldeeed3,68w4mqxg,3dx0xpdy,z277we02,y9me20ld,1
xldeeed3,68w4mqxg,3dxkx3g1,wdmmoned,None,1
xldeeed3,68w4mqxg,k6q0p01g,jdz3zpv2,None,2
xldeeed3,68w4mqxg,k6q0p01g,wdm44l5d,None,1
xldeeed3,68w4mqxg,9d38jey1,xk99g44k,y9mox4zw,1
xldeeed3,68w4mqxg,9d38jey1,xk99g44k,gdr3xned,1
xldeeed3,68w4mqxg,9d38jey1,xk99g44k,xd4o21q9,1
xldeeed3,68w4mqxg,9d38jey1,xk99g44k,ldyzgrjw,2
xldeeed3,68w4mqxg,qw6jx4dj,02q7o1jd,gdr3xl8d,1
xldeeed3,68w4mqxg,qw6jx4dj,02q7o1jd,69zg2j6w,1
xldeeed3,68w4mqxg,qw6jx4dj,02q7o1jd,o9xe7q6w,1
xldeeed3,68w4mqxg,nj1nrxdp,jdzo8g32,5wk76m5d,1
xldeeed3,68w4mqxg,nj1nrxdp,jdzo8g32,xd05qy09,1
xldeeed3,68w4mqxg,nj1nrxdp,jdzo8g32,n93j4e7d,1
xldeeed3,68w4mqxg,xldeeed3,wkpjojvk,ldy7n7d3,3
xldeeed3,68w4mqxg,xldeeed3,wkpjojvk,ldy7m7d3,6
xldeeed3,68w4mqxg,k6q0p01g,w2011v8k,None,1
xldeeed3,68w4mqxg,xldeeed3,wkpjojvk,xd0rzjdq,4
xldeeed3,68w4mqxg,xldeeed3,wkpjojvk,ywekklwl,3
xldeeed3,68w4mqxg,xldeeed3,wkpjojvk,ldy144pd,6
xldeeed3,68w4mqxg,xldeeed3,wkpjojvk,5d7knewy,3
xldeeed3,68w4mqxg,xldeeed3,wkpjojvk,o9x587wl,4
xldeeed3,68w4mqxg,xldeeed3,wkpjojvk,xd0rrmdq,3
xldeeed3,68w4mqxg,xldeeed3,wkpjojvk,xd477qdm,2
xldeeed3,68w4mqxg,xldeeed3,wkpjojvk,r9g00jw2,2
xldeeed3,68w4mqxg,xldeeed3,wkpjojvk,5920vogd,2
xldeeed3,68w4mqxg,xldeeed3,wkpjojvk,495o34dp,2
xldeeed3,68w4mqxg,xldeeed3,wkpjojvk,rdq2pgdx,3
xldeeed3,68w4mqxg,ok6qq06g,wk636rk1,None,1
xldeeed3,68w4mqxg,xldeeed3,wkpjojvk,r9gykkj9,3
xldeeed3,68w4mqxg,xldeeed3,wkpjojvk,owo1o396,2
xldeeed3,68w4mqxg,xldeeed3,wkpjojvk,ewpm14wn,11
xldeeed3,68w4mqxg,xldeeed3,wkpjojvk,xd47q8dm,1
xldeeed3,68w4mqxg,xldeeed3,wkpjojvk,y9m5k5zd,3
xldeeed3,68w4mqxg,xldeeed3,wkpjojvk,29veoxdv,5
xldeeed3,68w4mqxg,xldeeed3,wkpjojvk,5d7y66qd,4
xldeeed3,68w4mqxg,xldeeed3,wkpjojvk,kwj7oo0w,3
xldeeed3,68w4mqxg,nj1nrxdp,jdrq6lk6,None,1
xldeeed3,68w4mqxg,nj1nrxdp,jdzo8g32,ewp6x2ld,1
xldeeed3,68w4mqxg,nj1nrxdp,jdzo8g32,rw66oxnw,1
xldeeed3,68w4mqxg,xldeeed3,wkpjojvk,5wkzzvw4,4
xldeeed3,68w4mqxg,nj1nrxdp,jdzo8g32,29vr7x1w,1
xldeeed3,68w4mqxg,nj1nrxdp,jdzo8g32,xd4o2z09,1
xldeeed3,68w4mqxg,nj1nrxdp,jdzo8g32,y9moxmlw,1
xldeeed3,68w4mqxg,nj1nrxdp,wk6p6pd1,None,4
xldeeed3,68w4mqxg,qw6jx4dj,zdnwpxdq,None,2
xldeeed3,68w4mqxg,qw6jx4dj,02q7o1jd,ldyzg6jw,1
xldeeed3,68w4mqxg,qw6jx4dj,q25owgko,None,2
xldeeed3,68w4mqxg,qw6jx4dj,02q7o1jd,ywee5gqw,1
xldeeed3,68w4mqxg,qw6jx4dj,02q7o1jd,rdn1z8n9,1
xldeeed3,68w4mqxg,qw6jx4dj,02q7o1jd,nwljo1p9,1
xldeeed3,68w4mqxg,qw6jx4dj,02q7o1jd,r9gg45q9,1
xldeeed3,68w4mqxg,xldeeed3,wkpjojvk,xd0kvvm9,5
xldeeed3,68w4mqxg,xldeeed3,wkpjojvk,rdqz66od,5
xldeeed3,68w4mqxg,xldeeed3,wkpjojvk,o9x1m13d,3
xldeeed3,68w4mqxg,xldeeed3,wkpjojvk,n93552w0,4
xldeeed3,68w4mqxg,xldeeed3,wkpjojvk,owo7ggj9,2
xldeeed3,68w4mqxg,xldeeed3,wkpjojvk,69zoy4d1,1
xldeeed3,68w4mqxg,xldeeed3,wkpjojvk,5wkkggvw,2
xldeeed3,68w4mqxg,xldeeed3,wkpjojvk,z98vvrwl,3
xldeeed3,68w4mqxg,46wvx7dr,5dwjvolk,None,1
xldeeed3,68w4mqxg,9d38jey1,z2796q0d,None,1
xldeeed3,68w4mqxg,xldeeed3,wkpjojvk,gdrpkpew,6
xldeeed3,68w4mqxg,xldeeed3,wkpjojvk,592gg7w6,1
xldeeed3,68w4mqxg,xldeeed3,wkpjojvk,nwlxqgwv,1
xldeeed3,68w4mqxg,xldeeed3,824r84gd,None,1
xldeeed3,68w4mqxg,xldeeed3,wkpjojvk,z98r22rd,5
xldeeed3,68w4mqxg,xldeeed3,wkpjojvk,r9gykyj9,5
xldeeed3,68w4mqxg,xldeeed3,wkpjojvk,xd07o6jw,5
xldeeed3,68w4mqxg,xldeeed3,wkpjojvk,kwj7o70w,4
xldeeed3,68w4mqxg,xldeeed3,wkpjojvk,y9mq70d5,3
xldeeed3,68w4mqxg,xldeeed3,wkpjojvk,rdnjj59m,4
xldeeed3,68w4mqxg,xldeeed3,wkpjojvk,z98vy1wl,7
xldeeed3,68w4mqxg,jy65g3de,rklxn7nk,nwlgnve9,1
xldeeed3,68w4mqxg,xldeeed3,wkpjojvk,xd1jvvzd,3
xldeeed3,68w4mqxg,xldeeed3,wkpjojvk,owo7g7j9,3
xldeeed3,68w4mqxg,xldeeed3,wkpjojvk,ywekr4wl,2
xldeeed3,68w4mqxg,ldee3ed3,n2y11m12,None,1
xldeeed3,68w4mqxg,qw6jx4dj,zdnwpxdq,None,20
xldeeed3,68w4mqxg,xldeeed3,wkpjojvk,gdrpkkew,4
xldeeed3,68w4mqxg,k6q0p01g,jdz3zpv2,None,5
xldeeed3,68w4mqxg,ok6qq06g,zdnw7p9d,rdqz5lgd,1
xldeeed3,68w4mqxg,ok6qq06g,zdnw7p9d,kwj71p1w,1
xldeeed3,68w4mqxg,ok6qq06g,zdnw7p9d,5wkk1pxw,1
xldeeed3,68w4mqxg,ok6qq06g,zdnw7p9d,owo7qy39,1
xldeeed3,68w4mqxg,ok6qq06g,zdnw7p9d,5d7yz8ed,1
xldeeed3,68w4mqxg,ok6qq06g,wkpjr8kr,None,1
xldeeed3,68w4mqxg,pdvq946w,wdmq1px2,None,1
xldeeed3,68w4mqxg,ok6qq06g,zdnw7p9d,29vm52x9,1
xldeeed3,68w4mqxg,ok6qq06g,wkpjr8kr,None,1
xldeeed3,68w4mqxg,o6glkk8d,jdrx0end,None,1
xldeeed3,68w4mqxg,o6glkk8d,jdrx0end,None,1
xldeeed3,68w4mqxg,o6glkk8d,jdrx0end,None,1
xldeeed3,68w4mqxg,369pxn01,w2035ro2,kwjv321w,11
xldeeed3,68w4mqxg,369pxn01,w2035ro2,5d72lgew,14
xldeeed3,68w4mqxg,369pxn01,w2035ro2,5wkq83xw,9
xldeeed3,68w4mqxg,369pxn01,w2035ro2,xd146nyd,8
xldeeed3,68w4mqxg,369pxn01,w2035ro2,owo3lr3w,21
xldeeed3,68w4mqxg,ok6qq06g,wkpjr8kr,None,1
xldeeed3,68w4mqxg,xldeeed3,wkpjojvk,rdnoro6w,1
xldeeed3,68w4mqxg,xldeeed3,wkpjojvk,gdr4mkwz,8
xldeeed3,68w4mqxg,xldeeed3,wkpjojvk,69zooxd1,8
xldeeed3,68w4mqxg,xldeeed3,wkpjojvk,n93q8qrw,2
xldeeed3,68w4mqxg,v1px3768,w20yrjkn,None,10
xldeeed3,68w4mqxg,ok6qq06g,wkpjr8kr,None,1
xldeeed3,68w4mqxg,ok6qq06g,wkpjr8kr,None,1
xldeeed3,68w4mqxg,o6glkk8d,jdz847rd,None,1
xldeeed3,68w4mqxg,ok6qq06g,wkpjr8kr,None,1
xldeeed3,68w4mqxg,m9doledp,9d8p8lkn,None,3
xldeeed3,68w4mqxg,k6q4rqzd,q253pzyk,None,296
xldeeed3,68w4mqxg,k6q4rqzd,xk986z42,None,335
xldeeed3,68w4mqxg,k6q4rqzd,jdz74z3k,None,91
xldeeed3,68w4mqxg,k6q4rqzd,xk986z42,None,36
xldeeed3,68w4mqxg,k6q4rqzd,9kv7gzok,y9myvy09,31
xldeeed3,68w4mqxg,k6q4rqzd,9kv7gz8k,None,30
xldeeed3,68w4mqxg,k6q4rqzd,zdnx3ge2,None,255
xldeeed3,68w4mqxg,k6q4rqzd,7kj1y0nk,None,283
xldeeed3,68w4mqxg,k6q4rqzd,xk986z42,None,41
xldeeed3,68w4mqxg,k6q4rqzd,9kv7gz8k,None,46
xldeeed3,68w4mqxg,k6q4rqzd,z27lez0d,None,1168
xldeeed3,68w4mqxg,k6q4rqzd,xk986z42,None,26
xldeeed3,68w4mqxg,k6q4rqzd,9kv7gz8k,None,51
xldeeed3,68w4mqxg,k6q4rqzd,7kj1y0nk,None,19
xldeeed3,68w4mqxg,k6q4rqzd,jdz74z3k,None,15
xldeeed3,68w4mqxg,k6q4rqzd,jdz74z3k,None,30
xldeeed3,68w4mqxg,k6q4rqzd,7kj1y0nk,None,19
xldeeed3,68w4mqxg,k6q4rqzd,jdz74z3k,None,15
xldeeed3,68w4mqxg,k6q4rqzd,7kj1y0nk,None,9
xldeeed3,68w4mqxg,k6q4rqzd,9kv7gz8k,None,516
xldeeed3,68w4mqxg,o6glkk8d,02qoxp7k,None,1
xldeeed3,68w4mqxg,o6glkk8d,jdz847rd,None,1
xldeeed3,68w4mqxg,o6glkk8d,jdrx0end,None,1
xldeeed3,68w4mqxg,o6glkk8d,jdz847rd,None,1
xldeeed3,68w4mqxg,o6glkk8d,jdz847rd,None,1
xldeeed3,68w4mqxg,46w3ln1r,9d8w16dn,None,22
xldeeed3,68w4mqxg,46w3ln1r,7kjzlxd3,None,70
xldeeed3,68w4mqxg,pdv7mkdw,5dwp010k,5wkr8159,1
xldeeed3,68w4mqxg,pdv7mkdw,5dwp010k,y9m5lkld,2
xldeeed3,68w4mqxg,pdv7mkdw,5dwp010k,ewp7gklw,1
xldeeed3,68w4mqxg,pdv7mkdw,ndxp4912,None,2
xldeeed3,68w4mqxg,3dx0xpdy,z277we02,592j4pow,1
xldeeed3,68w4mqxg,3dx0xpdy,z277we02,rdn5qgqd,1
xldeeed3,68w4mqxg,3dx0xpdy,z277we02,xd46k829,1
xldeeed3,68w4mqxg,3dx0xpdy,z277we02,gdrjy76w,1
xldeeed3,68w4mqxg,3dx0xpdy,z277we02,ywe4qpyd,1
xldeeed3,68w4mqxg,3dx0xpdy,z277we02,rw6vmyr9,1
xldeeed3,68w4mqxg,3dx0xpdy,z277we02,n930m3n9,1
xldeeed3,68w4mqxg,3dx0xpdy,z277we02,29vyzp39,1
xldeeed3,68w4mqxg,3dx0xpdy,z277we02,ldye30kw,1
xldeeed3,68w4mqxg,3dx0xpdy,z277we02,5wk2qx5w,1
xldeeed3,68w4mqxg,3dx0xpdy,z277we02,z98jmlgw,1
xldeeed3,68w4mqxg,3dx0xpdy,z277we02,nwl62e0w,1
xldeeed3,68w4mqxg,3dx0xpdy,z277we02,xd004oxd,1
xldeeed3,68w4mqxg,3dx0xpdy,z277we02,592j4kgw,1
xldeeed3,68w4mqxg,3dx0xpdy,z277we02,owok3jvd,1
xldeeed3,68w4mqxg,3dx0xpdy,z277we02,xd104mq9,1
xldeeed3,68w4mqxg,3dx0xpdy,z277we02,y9me26ld,1
xldeeed3,68w4mqxg,3dx0xpdy,z277we02,ewpp83lw,1
xldeeed3,68w4mqxg,3dx0xpdy,z277we02,rdq0n8mw,1
xldeeed3,68w4mqxg,3dx0xpdy,z277we02,kwjyvgrw,1
xldeeed3,68w4mqxg,3dx0xpdy,z277we02,r9gz7lqd,1
xldeeed3,68w4mqxg,3dx0xpdy,z277we02,495jm22w,1
xldeeed3,68w4mqxg,3dx0xpdy,z277we02,5d77215d,1
xldeeed3,68w4mqxg,3dx0xpdy,z277we02,69zr856d,1
xldeeed3,68w4mqxg,3dx0xpdy,z277we02,o9x2xg6w,1
xldeeed3,68w4mqxg,3dx0xpdy,z277we02,nwl625pw,1
xldeeed3,68w4mqxg,3dx0xpdy,z277we02,ywe4qyqd,1
xldeeed3,68w4mqxg,3dx0xpdy,z277we02,rdn5q7nd,1
xldeeed3,68w4mqxg,3dx0xpdy,z277we02,gdrjyn8w,1
xldeeed3,68w4mqxg,3dx0xpdy,z277we02,z98jm37w,1
xldeeed3,68w4mqxg,3dx0xpdy,z277we02,ldye3xjw,1
xldeeed3,68w4mqxg,3dx0xpdy,z277we02,n930m179,1
xldeeed3,68w4mqxg,3dx0xpdy,z277we02,5wk2q05w,1
xldeeed3,68w4mqxg,3dx0xpdy,z277we02,29vyz619,1
xldeeed3,68w4mqxg,3dx0xpdy,z277we02,xd46k109,1
xldeeed3,68w4mqxg,3dx0xpdy,z277we02,xd00410d,1
xldeeed3,68w4mqxg,3dx0xpdy,z277we02,rw6vm1n9,1
xldeeed3,68w4mqxg,3dx0xpdy,z277we02,592j4mgw,1
xldeeed3,68w4mqxg,3dx0xpdy,z277we02,ewpp8nlw,1
xldeeed3,68w4mqxg,3dx0xpdy,z277we02,owok38vd,1
xldeeed3,68w4mqxg,3dx0xpdy,z277we02,xd104pq9,1
xldeeed3,68w4mqxg,3dx0xpdy,z277we02,r9gz76qd,1
xldeeed3,68w4mqxg,3dx0xpdy,z277we02,kwjyv0rw,1
xldeeed3,68w4mqxg,3dx0xpdy,z277we02,495jmp2w,1
xldeeed3,68w4mqxg,3dx0xpdy,z277we02,o9x2x66w,1
xldeeed3,68w4mqxg,3dx0xpdy,z277we02,xd00nqjd,1
xldeeed3,68w4mqxg,3dx0xpdy,z277we02,5d772p5d,1
xldeeed3,68w4mqxg,3dx0xpdy,z277we02,69zr876d,1
xldeeed3,68w4mqxg,3dx0xpdy,z277we02,rdq0nymw,1
xldeeed3,68w4mqxg,o6glkk8d,jdz847rd,None,1
xldeeed3,68w4mqxg,ok6qq06g,5dwjv0kg,None,12
xldeeed3,68w4mqxg,268e0o6p,xk9l39vk,None,13
xldeeed3,68w4mqxg,268e0o6p,jdz51ord,None,3
xldeeed3,68w4mqxg,268e0o6p,xk9l39vk,None,34
xldeeed3,68w4mqxg,268e0o6p,xk9l39vk,None,56
xldeeed3,68w4mqxg,268e0o6p,xk9l39vk,None,47
xldeeed3,68w4mqxg,268e0o6p,xk9l39vk,None,46
xldeeed3,68w4mqxg,n2680o1p,jdrx1egd,None,63
xldeeed3,jo3k1n7j,m9doledp,zd304rdn,None,3
xldeeed3,jo3k1n7j,n2680o1p,xd135g8k,ewpqymk9,1
xldeeed3,jo3k1n7j,n2680o1p,jdrx1egd,None,1
xldeeed3,jo3k1n7j,o6glkk8d,jdrx0end,None,1
xldeeed3,jo3k1n7j,n2680o1p,jdz8p73d,None,1
xldeeed3,jo3k1n7j,n2680o1p,jdz8p73d,None,1
xldeeed3,jo3k1n7j,n2680o1p,jdrx1egd,None,1
xldeeed3,jo3k1n7j,n2680o1p,02qo8pjk,None,1
xldeeed3,jo3k1n7j,n2680o1p,rklenrw2,n93ge5nd,1
xldeeed3,jo3k1n7j,n2680o1p,jdz8p73d,None,1
xldeeed3,jo3k1n7j,n2680o1p,rklenrw2,owo2nood,1
xldeeed3,jo3k1n7j,n2680o1p,rklenrw2,xd07yrxw,1
xldeeed3,jo3k1n7j,n2680o1p,n2y5m08k,None,1
xldeeed3,jo3k1n7j,n2680o1p,02qo8pjk,None,1
xldeeed3,jo3k1n7j,n2680o1p,jdrx1egd,None,1
xldeeed3,jo3k1n7j,n2680o1p,xd135g8k,xd43z729,1
xldeeed3,jo3k1n7j,n2680o1p,n2y5m08k,None,1
xldeeed3,jo3k1n7j,xldeeed3,rklge08d,None,4
xldeeed3,jo3k1n7j,xldeeed3,824r84gd,None,5
xldeeed3,jo3k1n7j,o6glkk8d,jdrx0end,None,2
xldeeed3,jo3k1n7j,xldeeed3,wkpjojvk,rdnoro6w,1
xldeeed3,jo3k1n7j,n2680o1p,02qo8pjk,None,1
xldeeed3,jo3k1n7j,o6glkk8d,jdrx0end,None,1
xldeeed3,jo3k1n7j,n2680o1p,xd135g8k,z988qvg9,1
xldeeed3,jo3k1n7j,n2680o1p,xd135g8k,xd15rkew,1
xldeeed3,jo3k1n7j,m9doledp,zd304rdn,None,4
xldeeed3,jo3k1n7j,n2680o1p,xd135g8k,5wkroz29,1
xldeeed3,jo3k1n7j,n2680o1p,xd135g8k,owo2nood,1
xldeeed3,jo3k1n7j,n2680o1p,xd135g8k,n93ge5nd,1
xldeeed3,jo3k1n7j,n2680o1p,xd135g8k,592olgod,1
xldeeed3,jo3k1n7j,n2680o1p,rklenrw2,ewpqymk9,1
xldeeed3,jo3k1n7j,n2680o1p,xd135g8k,y9mp3q59,1
xldeeed3,jo3k1n7j,n2680o1p,xd135g8k,xd07yrxw,1
xldeeed3,jo3k1n7j,n2680o1p,xd135g8k,29vkxe3d,1
xldeeed3,jo3k1n7j,n2680o1p,xd135g8k,rw6nxprd,1
xldeeed3,jo3k1n7j,o6glkk8d,jdrx0end,None,5
xldeeed3,j2yme468,xldeeed3,9d863y62,None,7
xldeeed3,18qg9pqx,kdk24qdm,xd1w0v82,xd0jmvjw,1
xldeeed3,18qg9pqx,kdk24qdm,xd1w0v82,gdrvmpkw,1
xldeeed3,18qg9pqx,ok6qq06g,rklrp8kn,None,2
xldeeed3,18qg9pqx,xldeeed3,rklge08d,None,35
xldeeed3,18qg9pqx,268e8lk6,z27lp6gd,y9m21mxd,1
xldeeed3,18qg9pqx,268e8lk6,z27lp6gd,xd148z5d,1
xldeeed3,18qg9pqx,268e8lk6,z27lp6gd,ewp802j9,1
xldeeed3,18qg9pqx,268e8lk6,n2y74j82,None,1
xldeeed3,18qg9pqx,268e8lk6,wk6vm1xd,None,1
xldeeed3,18qg9pqx,268e8lk6,z27lp6gd,xd4x4409,1
xldeeed3,18qg9pqx,268e8lk6,z27lp6gd,rw6388nw,1
xldeeed3,18qg9pqx,ok6qq06g,5dwjv0kg,None,16
xldeeed3,18qg9pqx,ok6qq06g,5dwjv0kg,None,3
xldeeed3,18qg9pqx,n2680o1p,jdrx1egd,None,67
xldeeed3,18qg9pqx,nj1nrxdp,wk6p6pd1,None,30
xldeeed3,18qg9pqx,268e8lk6,z27lp6gd,xd0xmm0d,1
xldeeed3,18qg9pqx,268e8lk6,z27lp6gd,n93ovv79,1
xldeeed3,18qg9pqx,xldeeed3,wkpjojvk,n93q222w,7
xldeeed3,18qg9pqx,268e8lk6,z27lp6gd,5wkp5y5d,1
xldeeed3,18qg9pqx,o6glkk8d,jdz847rd,None,1
xldeeed3,18qg9pqx,ok6qq06g,n2yqmrmk,29vm52x9,1
xldeeed3,18qg9pqx,n2680o1p,jdz8p73d,None,29
xldeeed3,18qg9pqx,ok6qq06g,7kjv7l4k,29vm52x9,2
xldeeed3,18qg9pqx,o6glkk8d,jdz847rd,None,8
xldeeed3,7j4ydvj1,o6gngw91,jdzo48g2,None,2
xldeeed3,7j4ydvj1,j1nq9l1p,zd30v0ed,None,1
xldeeed3,7j4ydvj1,3dxkp41y,7dgngg24,None,33
xldeeed3,7j4ydvj1,lde3z9l6,zd37lvr2,None,8
xldeeed3,7j4ydvj1,4pdvor1w,z2761w0d,None,72
xldeeed3,7j4ydvj1,n4d7r172,7wk6prd1,None,70
xldeeed3,7j4ydvj1,3695l8dl,n2yq45zk,None,14
xldeeed3,7j4ydvj1,lde3eme6,n2yomp1d,None,10
xldeeed3,7j4ydvj1,76rx7ve6,mker389d,None,2
xldeeed3,7j4ydvj1,pdvz89r6,7dg0p0xk,rw65ko7d,1
xldeeed3,7j4ydvj1,pdvz89r6,7dg0p0xk,y9m4kx19,1
xldeeed3,7j4ydvj1,pdvz89r6,7dg0p0xk,xd06vq1d,1
xldeeed3,7j4ydvj1,pdvz89r6,7dg0p0xk,xd4gv2pd,2
xldeeed3,7j4ydvj1,pdvz89r6,7dg0p0xk,5wk4g6qd,1
xldeeed3,7j4ydvj1,pdvz89r6,7dg0p0xk,n93z24ew,1
xldeeed3,7j4ydvj1,pdvz89r6,7dg0p0xk,ldyl4gz9,1
xldeeed3,7j4ydvj1,pdvz89r6,7dg0p0xk,z98427lw,1
xldeeed3,7j4ydvj1,pdvz89r6,7dg0p0xk,29vn17nd,1
xldeeed3,7j4ydvj1,pdvz89r6,zd3oeoyd,None,3
xldeeed3,7j4ydvj1,76rx7ve6,5dw8rvgd,None,2
xldeeed3,7j4ydvj1,76rx7ve6,jdz6oqr2,xd1y16zd,1
xldeeed3,7j4ydvj1,n4d7r172,xn2yqmko,None,44
xldeeed3,7j4ydvj1,268ezok6,5dw884ed,xd02g009,5
xldeeed3,7j4ydvj1,268ezok6,5dw884ed,29vl3y1w,5
xldeeed3,7j4ydvj1,lde3vjn6,q25my8gd,None,12
xldeeed3,7j4ydvj1,y652y76e,xd1meerd,None,6
xldeeed3,7j4ydvj1,xldeeed3,rklge08d,None,31
xldeeed3,7j4ydvj1,268727dp,zdn8zend,None,8
xldeeed3,7j4ydvj1,yo1yv1q5,wz27gz20,None,29
xldeeed3,7j4ydvj1,lde5vjd3,7kjz5egd,None,4
xldeeed3,7j4ydvj1,lde35jn6,9d83on32,None,3
xldeeed3,7j4ydvj1,n4d7oz17,wdmzro2q,None,9
xldeeed3,7j4ydvj1,y654lk4d,wdm85q42,None,1
xldeeed3,7j4ydvj1,n4d7oz17,wdmzro2q,None,17
xldeeed3,7j4ydvj1,pd0w2wl1,9d8gv33k,None,1
xldeeed3,7j4ydvj1,v1ppq818,ndxn1okq,rw6lq7w7,4
xldeeed3,7j4ydvj1,v1ppq818,n2yn37ko,rw6lq7w7,6
xldeeed3,7j4ydvj1,v1ppq818,n2yn37ko,5928jr96,13
xldeeed3,7j4ydvj1,v1ppq818,n2yn37ko,ewpzpz9n,12
xldeeed3,7j4ydvj1,n268nk6p,7dg8xp24,None,265
xldeeed3,7j4ydvj1,29d3qe1l,wkpjnwkr,None,3
xldeeed3,7j4ydvj1,29d3qe1l,7dg8yp24,None,2
xldeeed3,7j4ydvj1,nj1n3xdp,rklx5nkn,None,18
xldeeed3,7j4ydvj1,w6jlwk2d,9d840l7k,None,1
xldeeed3,7j4ydvj1,w6jlvpxd,n2y3o1md,None,9
xldeeed3,7j4ydvj1,m1zze310,5dwygelk,None,3
xldeeed3,7j4ydvj1,k6q4nzod,z27remzd,None,1
xldeeed3,7j4ydvj1,n4d7oz17,7kj94423,None,3
xldeeed3,7j4ydvj1,n4d7oz17,wdmzro2q,None,3
xldeeed3,7j4ydvj1,n4d7oz17,vdo0yvdp,None,4
xldeeed3,7j4ydvj1,lde3eme6,ndx940vd,None,219
xldeeed3,7j4ydvj1,o1y9wo6q,n2y55mko,None,3510
xldeeed3,7j4ydvj1,29d30dlp,jzd3y2nq,None,78
xldeeed3,7j4ydvj1,yo1yv1q5,vdo0nzod,None,34
xldeeed3,7j4ydvj1,yd4o7g1e,zd36xydn,None,29
xldeeed3,7j4ydvj1,3dx2mg41,wk6npnp2,None,68
xldeeed3,7j4ydvj1,nj1n3xdp,xd1rzzk8,kwj7prwg,7
xldeeed3,7j4ydvj1,n4d7oz17,w20g0xjk,None,7
xldeeed3,7j4ydvj1,29d30dlp,nxd1rk8q,None,208
xldeeed3,7j4ydvj1,yd4o3e51,wdmle6ek,None,1
xldeeed3,7j4ydvj1,8nd23r60,ndxjnr2q,None,5
xldeeed3,7j4ydvj1,8nd23r60,9kvyz3kg,None,6
xldeeed3,7j4ydvj1,lde3nex6,9d8xeo62,None,540
xldeeed3,7j4ydvj1,ldep4j13,7dgg38ld,None,10
xldeeed3,7j4ydvj1,lde3nex6,9d8xnz32,None,59
xldeeed3,7j4ydvj1,9d3ry59d,wdml70ek,None,1
xldeeed3,7j4ydvj1,k6q4k40d,q253jyjk,None,1
xldeeed3,7j4ydvj1,om1mx362,wkpn1jdr,None,145
xldeeed3,7j4ydvj1,n4d7oz17,7kj94423,None,3
xldeeed3,7j4ydvj1,4d7934l1,w20v3zvk,None,4
xldeeed3,7j4ydvj1,369v401l,rklvz0rd,None,15
xldeeed3,7j4ydvj1,y654lk4d,wdm85q42,None,2
xldeeed3,7j4ydvj1,k6q4k40d,jdz7lyrk,None,1
xldeeed3,7j4ydvj1,o6gny512,8241qm25,None,123
xldeeed3,7j4ydvj1,w6jk341j,wdmw6xx2,n93037z9,5
xldeeed3,7j4ydvj1,n4d7oz17,mkerqq8d,None,2
xldeeed3,7j4ydvj1,n4d7oz17,wdm8ll52,None,2
xldeeed3,7j4ydvj1,xldeeed3,wkpjojvk,rdnoro6w,1
xldeeed3,7j4ydvj1,k6q4mk0d,zd36lwvd,None,4
xldeeed3,7j4ydvj1,n4d7oz17,7kj94423,None,5
xldeeed3,7j4ydvj1,9dow3nk1,7dg9wl7k,None,1
xldeeed3,7j4ydvj1,9dow34k1,zdn1539k,None,1
xldeeed3,7j4ydvj1,9dow3nk1,7dg9wl7k,None,1
xldeeed3,7j4ydvj1,om1mx362,7kjvmgk3,None,694
xldeeed3,7j4ydvj1,n4d7oz17,wdmzro2q,None,4
xldeeed3,7j4ydvj1,268xe71p,9kvpeo3k,495kzq29,2
xldeeed3,7j4ydvj1,268xe71p,9kvpeo3k,rdqzommd,2
xldeeed3,7j4ydvj1,268xe71p,9kvpeo3k,ywe23vqw,3
xldeeed3,7j4ydvj1,y65x231e,w201355k,None,4
xldeeed3,7j4ydvj1,268xe71p,9kvpeo3k,69zp6l6w,2
xldeeed3,7j4ydvj1,j1neglw1,wkpvgqjk,None,4
xldeeed3,7j4ydvj1,76r5jed8,w201jp8k,None,16
xldeeed3,7j4ydvj1,kdkrx26m,5dwy9ygk,None,2
xldeeed3,7j4ydvj1,o1y9qvo6,zd378zr2,None,1
xldeeed3,7j4ydvj1,3dx23z51,9d8go7wk,None,1
xldeeed3,7j4ydvj1,kdkxvq6m,ndxpo612,None,2
xldeeed3,7j4ydvj1,qw6j21jm,9zdnw9dq,None,10
xldeeed3,7j4ydvj1,k6q9px1g,q257o78d,None,2
xldeeed3,7j4ydvj1,k6q9px1g,wkpvp40k,None,3
xldeeed3,7j4ydvj1,268p89dp,w20n48dn,None,45
xldeeed3,7j4ydvj1,76r33le6,vdozg5yk,None,10
xldeeed3,7j4ydvj1,o1yxvv6q,7kjzq1nd,None,9
xldeeed3,7j4ydvj1,ok6qvxdg,rklgz8dn,None,24
xldeeed3,7j4ydvj1,yo1yv1q5,4xk906k0,None,137
xldeeed3,7j4ydvj1,v1pomp76,02qojojk,None,13
xldeeed3,7j4ydvj1,l3dxny1y,wkpy9wkr,None,106
xldeeed3,7j4ydvj1,m9do0odp,9kvxqo2g,None,450
xldeeed3,7j4ydvj1,o1yxvv6q,xk9jn84d,None,214
xldeeed3,7j4ydvj1,k6q4mk0d,zd36lwvd,None,4
xldeeed3,7j4ydvj1,o1yxvv6q,n2yj37z2,None,25
xldeeed3,7j4ydvj1,29d30dlp,zd30m4yd,gdrek1l9,4
xldeeed3,7j4ydvj1,n4d7r172,wkpjll0k,495jev2w,6
xldeeed3,7j4ydvj1,o1yxvv6q,n2yj37z2,None,8
xldeeed3,7j4ydvj1,v1pzgpd8,824xxqnd,None,3
xldeeed3,8r7m4rdj,xldeeed3,wkpjojvk,owo7lk39,3
xldeeed3,8r7m4rdj,xldeeed3,wkpjojvk,rdnoro6w,1
xldeeed3,8r7m4rdj,xldeeed3,wkpjojvk,y9m5k5zd,5
xldeeed3,8r7m4rdj,n2680o1p,xd135g8k,z988qvg9,3
xldeeed3,8r7m4rdj,n2680o1p,9kvjno0k,z988qvg9,1
xldeeed3,8r7m4rdj,n2680o1p,zd3lqwnd,z988qvg9,1
xldeeed3,18vvny8l,m1mzmxd2,wdmzz732,rdnek5dm,1
xldeeed3,18vvny8l,ldee3ed3,7kjrr7z2,None,1
xldeeed3,18vvny8l,ldee3ed3,n2y11m12,None,2
xldeeed3,18vvny8l,nj1nrxdp,jdrq6lk6,None,10
xldeeed3,18vvny8l,k6qw4no6,q25xjrwk,None,4
xldeeed3,18vvny8l,nd239360,ndx8ym5k,None,2
xldeeed3,18vvny8l,nd239360,ndx8ym5k,None,2
xldeeed3,18vvny8l,j1lw9v6g,02qmeqzd,5wkemrxw,3
xldeeed3,18vvny8l,j1lw9v6g,02qmeqzd,592r6o6d,3
xldeeed3,18vvny8l,j1lw9v6g,02qmeqzd,r9gnm32d,4
xldeeed3,18vvny8l,j1lw9v6g,02qmeqzd,rdqom1gw,3
xldeeed3,18vvny8l,j1lw9v6g,02qmeqzd,kwj6ke1d,3
xldeeed3,18vvny8l,j1lw9v6g,02qmeqzd,xd0ne7j9,3
xldeeed3,18vvny8l,j1lw9v6g,02qmeqzd,xd4e538w,3
xldeeed3,18vvny8l,j1lw9v6g,02qmeqzd,495zq849,4
xldeeed3,18vvny8l,j1lw9v6g,02qmeqzd,y9mgmp09,3
xldeeed3,18vvny8l,m1mzmxd2,n2yqqm1k,29vqeqdv,1
xldeeed3,18vvny8l,m1mzmxd2,wdmzz732,29vqeqdv,1
xldeeed3,18vvny8l,m1mzmxd2,n2yqqm1k,z9812rwl,2
xldeeed3,18vvny8l,m1mzmxd2,n2yqqm1k,ywe6zq9l,2
xldeeed3,18vvny8l,m1mzmxd2,wk6pp4pd,592yg7w6,1
xldeeed3,18vvny8l,m1mzmxd2,n2yqqm1k,592yg7w6,1
xldeeed3,18vvny8l,m1mzmxd2,wk6pp4pd,xd4l7q9m,1
xldeeed3,18vvny8l,m1mzmxd2,n2yqqm1k,xd4l7q9m,1
xldeeed3,18vvny8l,m1mzmxd2,wdmzz732,xd4l7q9m,1
xldeeed3,18vvny8l,m1mzmxd2,n2yqqm1k,rdnek5dm,1
xldeeed3,18vvny8l,m1mzmxd2,n2yqqm1k,n9362790,2
xldeeed3,18vvny8l,m1mzmxd2,wk6pp4pd,gdr5k89z,2
xldeeed3,18vvny8l,m1mzmxd2,wdmzz732,592yg7w6,1
xldeeed3,18vvny8l,nj1nrxdp,jdrq6lk6,None,4
xldeeed3,18vvny8l,nj1nrxdp,wk6p6pd1,None,3
xldeeed3,18vvny8l,j1lljkj1,824154w2,None,1
xldeeed3,18vvny8l,m1mzmxd2,wk6pp4pd,ywe6zq9l,1
xldeeed3,18vvny8l,m1mzmxd2,wdmzz732,5wk3zv94,1
xldeeed3,18vvny8l,m1mzmxd2,wk6pp4pd,xd08rm9q,1
xldeeed3,18vvny8l,m1mzmxd2,wk6pp4pd,29vqeqdv,1
xldeeed3,18vvny8l,jy65g3de,xk901gk0,None,16
xldeeed3,18vvny8l,m9doledp,9kvyzx3k,None,4
xldeeed3,18vvny8l,4d7p5gd7,ndxj60j2,None,3
xldeeed3,18vvny8l,4d7p5gd7,rklxwo6k,y9moqlw5,3
xldeeed3,18vvny8l,4d7p5gd7,rklxwo6k,69z1m6w1,4
xldeeed3,18vvny8l,4d7p5gd7,rklxwo6k,ewp6mldn,3
xldeeed3,18vvny8l,pdvmeodw,q254nyyd,None,4
xldeeed3,18vvny8l,m1mzmxd2,wk6pp4pd,69zkm691,1
xldeeed3,18vvny8l,m1mzmxd2,zd3yeve2,None,2
xldeeed3,18vvny8l,m1mzmxd2,wk6pp4pd,rdnekndm,3
xldeeed3,18vvny8l,m1mzmxd2,wk6pp4pd,ldym4pd3,2
xldeeed3,18vvny8l,m1mzmxd2,wk6pp4pd,ldym4jd3,2
xldeeed3,18vvny8l,m1mzmxd2,wk6pp4pd,nwlrkpwv,2
xldeeed3,18vvny8l,m1mzmxd2,wk6pp4pd,n9362290,3
xldeeed3,18vvny8l,m1mzmxd2,wk6pp4pd,z98127wl,1
xldeeed3,18vvny8l,m1mzmxd2,n2yqqm1k,5wk3zv94,1
xldeeed3,18vvny8l,m1mzmxd2,wk6pp4pd,5wk3zv94,1
xldeeed3,18vvny8l,o6glwvod,mkez36xk,None,3
xldeeed3,18vvny8l,29d30dlp,nxd1rk8q,None,355
xldeeed3,18vvny8l,o1yr426q,9kv7w63k,None,3
xldeeed3,18vvny8l,o1yr426q,xk9gqvgd,ywe51jyw,4
xldeeed3,18vvny8l,jy65g3de,xk901gk0,None,33
xldeeed3,18vvny8l,pdvmeodw,q254nyyd,None,5
xldeeed3,18vvny8l,qw6jx4dj,q25owgko,None,14
xldeeed3,18vvny8l,9doz7m1p,wdm4wzxd,None,3
xldeeed3,18vvny8l,9doz7m1p,w201wpvk,None,4
xldeeed3,18vvny8l,xldeeed3,wkpjojvk,rdq22odx,7
xldeeed3,18vvny8l,m1mzmxd2,9kvxzqe2,None,1
xldeeed3,18vvny8l,lde7p513,rkl9rjrk,None,2
xldeeed3,18vvny8l,j1lmgedg,zdn1y47k,ewprr14d,11
xldeeed3,18vvny8l,j1lw9v6g,824m5mg2,None,4
xldeeed3,18vvny8l,lde7p513,rkl9rjrk,None,3
xldeeed3,18vvny8l,j1lw9v6g,9d8j1j3k,None,3
xldeeed3,18vvny8l,nd2n85d0,9d8qywdn,None,3
xldeeed3,18vvny8l,3dxwv41y,wkpqzo8d,None,2
xldeeed3,18vvny8l,3693m36l,zd3y6nn2,None,3
xldeeed3,18vvny8l,3693m36l,mkej8p82,None,3
xldeeed3,18vvny8l,pdvmeodw,zdnq19xd,None,3
xldeeed3,18vvny8l,pdvmeodw,zdnq19xd,None,2
xldeeed3,18vvny8l,v1p7n818,mke5n19k,None,7
xldeeed3,18vvny8l,9doz7m1p,9kvjmpjk,None,4
xldeeed3,18vvny8l,xldeeed3,wkpjojvk,5wkkggvw,10
xldeeed3,18vvny8l,xldeeed3,wkpjojvk,ywekr4wl,7
xldeeed3,18vvny8l,xldeeed3,wkpjojvk,rdqz66od,9
xldeeed3,18vvny8l,xldeeed3,rklge08d,None,30
xldeeed3,18vvny8l,4d7p5gd7,w2010ejk,None,1
xldeeed3,18vvny8l,w6j49x6j,9d8perlk,None,8
xldeeed3,18vvny8l,pdvmeodw,zdnq19xd,None,3
xldeeed3,18vvny8l,4d7nw367,mke5mljk,None,8
xldeeed3,18vvny8l,o6gnn812,7dg9nxk4,None,109
xldeeed3,18vvny8l,m1mx7362,9kvpwv0k,None,22
xldeeed3,18vvny8l,jy65g3de,z27gyo20,None,23
xldeeed3,18vvny8l,m1mzmxd2,zd3yeve2,None,1
xldeeed3,18vvny8l,xldeeed3,wkpjojvk,rdnj669m,9
xldeeed3,18vvny8l,m1mzmxd2,wk6pp4pd,z9812rwl,2
xldeeed3,18vvny8l,m1mzmxd2,wk6pp4pd,rw6zppd7,3
xldeeed3,18vvny8l,y654y0de,wkpq4jdr,None,2
xldeeed3,18vvny8l,xldeeed3,wkpjojvk,29veoxdv,11
xldeeed3,18vvny8l,8nd20r60,9d8z16dn,None,5
xldeeed3,18vvny8l,m1mzmxd2,ndx8qeok,None,1
xldeeed3,18vvny8l,m1mzmxd2,rklgy96d,None,1
xldeeed3,18vvny8l,9dopno6p,n2yqwpek,None,2
xldeeed3,18vvny8l,9dopno6p,z27gn052,None,1
xldeeed3,18vvny8l,nd239360,w20z548d,None,2
xldeeed3,18vvny8l,9dopno6p,mkeon3xd,None,1
xldeeed3,18vvny8l,nj1nrxdp,wk6p6pd1,None,6
xldeeed3,18vvny8l,pdvmeodw,q25ql3g2,None,1
xldeeed3,18vvny8l,pdvmeodw,zdnq19xd,None,3
xldeeed3,18vvny8l,9dopno6p,02qjqqyd,495kexj9,1
xldeeed3,18vvny8l,9dopno6p,5dwjornk,None,1
xldeeed3,18vvny8l,nd239360,q25qr1j2,ldygq1zd,2
xldeeed3,18vvny8l,9dopno6p,02qjqqyd,xd0k8249,2
xldeeed3,18vvny8l,ok6qq06g,5dwjv0kg,None,24
xldeeed3,18vvny8l,xldeeed3,wkpjojvk,ywe2z2lw,9
xldeeed3,18vvny8l,nj1ne1p4,prklq2n9,None,122
xldeeed3,18vvny8l,xldeeed3,wkpjojvk,xd477qdm,9
xldeeed3,18vvny8l,xldeeed3,wkpjojvk,xd4748dm,9
xldeeed3,18vvny8l,xldeeed3,wkpjojvk,xd0rmjdq,10
xldeeed3,18vvny8l,xldeeed3,wkpjojvk,xd40rp09,12
xldeeed3,18vvny8l,xldeeed3,wkpjojvk,y9m5kkzd,7
xldeeed3,18vvny8l,jy65g3de,rklxn7nk,rdnorv7w,8
xldeeed3,18vvny8l,xldeeed3,wkpjojvk,69zpmmxw,13
xldeeed3,18vvny8l,xldeeed3,wkpjojvk,5wkzyxw4,13
xldeeed3,18vvny8l,xldeeed3,wkpjojvk,5wkz5xw4,9
xldeeed3,18vvny8l,xldeeed3,wkpjojvk,592g26w6,9
xldeeed3,18vvny8l,xldeeed3,wkpjojvk,o9x553wl,8
xldeeed3,18vvny8l,xldeeed3,wkpjojvk,rdnoko5w,9
xldeeed3,18vvny8l,qw6jx4dj,zdnwpxdq,None,11
xldeeed3,18vvny8l,xldeeed3,wkpjojvk,kwj7o70w,12
xldeeed3,18vvny8l,xldeeed3,wkpjojvk,xd1jvvzd,10
xldeeed3,18vvny8l,xldeeed3,wkpjojvk,n93q2q2w,8
xldeeed3,18vvny8l,xldeeed3,wkpjojvk,owo1z396,7
xldeeed3,18vvny8l,n2680o1p,jdrx1egd,None,88
xldeeed3,18vvny8l,xldeeed3,wkpjojvk,ywekklwl,7
xldeeed3,18vvny8l,xldeeed3,wkpjojvk,gdr44ewz,11
xldeeed3,18vvny8l,xldeeed3,wkpjojvk,xd0kvvm9,10
xldeeed3,18vvny8l,xldeeed3,wkpjojvk,ldy7n7d3,11
xldeeed3,18vvny8l,xldeeed3,wkpjojvk,5wkzzvw4,8
xldeeed3,18vvny8l,xldeeed3,wkpjojvk,o9x1m13d,10
xldeeed3,18vvny8l,xldeeed3,wkpjojvk,ewpmmywn,7
xldeeed3,18vvny8l,xldeeed3,wkpjojvk,ewpm14wn,14
xldeeed3,18vvny8l,xldeeed3,wkpjojvk,r9gykkj9,11
xldeeed3,18vvny8l,xldeeed3,wkpjojvk,ewpm14wn,14
xldeeed3,18vvny8l,m1mzmxd2,wk6pp4pd,rdnek5dm,1
xldeeed3,18vvny8l,m1mzmxd2,wk6pp4pd,n9362790,2
xldeeed3,18vvny8l,v1pxv868,02qpejdy,None,70
xldeeed3,18vvny8l,xldeeed3,wkpjojvk,y9m5k5zd,11
xldeeed3,zxz7y9jq,m9doledp,rkl9q6kn,None,1
xldeeed3,zxz7y9jq,n2680o1p,jdz8p73d,None,12
xldeeed3,zxz7y9jq,xldeeed3,wkpjojvk,rdnjj59m,3
xldeeed3,zxz7y9jq,m9doledp,9d8p8lkn,None,2
xldeeed3,zxz7y9jq,xldeeed3,wkpjojvk,29veoxdv,9
xldeeed3,zxz7y9jq,o6glkk8d,02qoxp7k,None,2
xldeeed3,zxz7y9jq,m9doledp,rkl9q6kn,None,1
xldeeed3,zxz7y9jq,xldeeed3,wkpjojvk,29ve4xdv,8
xldeeed3,zxz7y9jq,o6glkk8d,jdrx0end,None,9
xldeeed3,zxz7y9jq,o6glkk8d,jdz847rd,None,2
xldeeed3,zxz7y9jq,o6glkk8d,02qoxp7k,None,2
xldeeed3,zxz7y9jq,o6glkk8d,jdrx0end,None,7
xldeeed3,zxz7y9jq,xldeeed3,wkpjojvk,ewp7kkyw,6
xldeeed3,zxz7y9jq,ok6qq06g,z27g9yz2,rdqz5lgd,2
xldeeed3,zxz7y9jq,m9doledp,9d8p8lkn,None,1
xldeeed3,zxz7y9jq,268mp7dp,02qg5qyd,None,2
xldeeed3,zxz7y9jq,xldeeed3,wkpjojvk,ldy144pd,10
xldeeed3,zxz7y9jq,xldeeed3,rklge08d,None,16
xldeeed3,zxz7y9jq,9d398wdl,jdrpvv52,None,4
xldeeed3,zxz7y9jq,j1n8y91p,8241xe25,None,8
xldeeed3,zxz7y9jq,w6j8y51j,n2ygvn82,None,2
xldeeed3,zxz7y9jq,n2680o1p,jdz8p73d,None,19
xldeeed3,zxz7y9jq,n2680o1p,jdrx1egd,None,34
xldeeed3,zxz7y9jq,n2680o1p,jdz8p73d,None,9
xldeeed3,zxz7y9jq,ok6qq06g,z27g9yz2,5920n56d,1
xldeeed3,zxz7y9jq,268mp7dp,jdrqzg5k,None,3
xldeeed3,zxz7y9jq,268mp7dp,jdz3yqg2,None,3
xldeeed3,zxz7y9jq,xldeeed3,wkpjojvk,o9x1m13d,9
xldeeed3,zxz7y9jq,ok6qq06g,9kvpl60k,n93qyorw,2
xldeeed3,zxz7y9jq,m1m23kd2,9kvprvok,None,5
xldeeed3,zxz7y9jq,m1zlwzd0,824xggwd,None,1
xldeeed3,zxz7y9jq,xldeeed3,wkpjojvk,gdr4mkwz,7
xldeeed3,zxz7y9jq,xldeeed3,wkpjojvk,69zoy4d1,9
xldeeed3,zxz7y9jq,xldeeed3,wkpjojvk,495oomdp,8
xldeeed3,zxz7y9jq,xldeeed3,wkpjojvk,kwjll0dg,7
xldeeed3,zxz7y9jq,xldeeed3,wkpjojvk,xd1jvvzd,9
xldeeed3,zxz7y9jq,xldeeed3,wkpjojvk,z98vy1wl,10
xldeeed3,zxz7y9jq,xldeeed3,wkpjojvk,5wkz5xw4,10
xldeeed3,zxz7y9jq,xldeeed3,wkpjojvk,owo7g7j9,9
xldeeed3,zxz7y9jq,j1nqjy1p,rklxnw8k,None,6
xldeeed3,zxz7y9jq,xldeeed3,wkpjojvk,rdnj669m,10
xldeeed3,zxz7y9jq,xldeeed3,wkpjojvk,n93q2q2w,7
xldeeed3,zxz7y9jq,m1zlwzd0,02qg33yd,None,3
xldeeed3,zxz7y9jq,xldeeed3,wkpjojvk,495kvvm9,16
xldeeed3,zxz7y9jq,xldeeed3,wkpjojvk,o9x553wl,10
xldeeed3,zxz7y9jq,m1zlwzd0,02qg33yd,None,1
xldeeed3,zxz7y9jq,m1zlwzd0,824xggwd,None,2
xldeeed3,zxz7y9jq,xldeeed3,wkpjojvk,592g26w6,10
xldeeed3,zxz7y9jq,xldeeed3,wkpjojvk,ewpm14wn,16
xldeeed3,zxz7y9jq,xldeeed3,wkpjojvk,ldy7n7d3,13
xldeeed3,zxz7y9jq,xldeeed3,wkpjojvk,r9gykkj9,13
xldeeed3,zxz7y9jq,xldeeed3,wkpjojvk,5wkzzvw4,10
xldeeed3,zxz7y9jq,xldeeed3,wkpjojvk,z98r22rd,9
xldeeed3,zxz7y9jq,xldeeed3,wkpjojvk,xd0kvvm9,12
xldeeed3,zxz7y9jq,xldeeed3,wkpjojvk,xd0kvvm9,12
xldeeed3,zxz7y9jq,m1zk7210,mkeq86k6,None,37
xldeeed3,18vk21yj,o1y9wo6q,7dgrrxk4,None,39
xldeeed3,18vk21yj,o1y9wo6q,wkpoo02r,None,28
xldeeed3,18vk21yj,o1y9wo6q,n2y55mko,None,87
xldeeed3,18vk21yj,o1y9wo6q,zdnq4oqd,r9gzzkjd,10
xldeeed3,18vk21yj,xldeeed3,rklge08d,None,22
xldeeed3,18vk21yj,o1ymwk1q,vdo4jr12,None,44
xldeeed3,y8dyem86,369pxn01,w2035ro2,5d72lgew,25
xldeeed3,y8dyem86,n2680o1p,jdz8p73d,None,15
xldeeed3,y8dyem86,n2680o1p,jdrx1egd,None,23
xldeeed3,y8dyem86,ok6qq06g,wkpjr8kr,None,50
xldeeed3,y8dyem86,ok6qq06g,5dwjv0kg,None,9
xldeeed3,y8dyem86,n2680o1p,xd135g8k,ewpqymk9,6
xldeeed3,y8dyem86,n2680o1p,xd135g8k,xd15rkew,8
xldeeed3,y8dyem86,n2680o1p,xd135g8k,z988qvg9,9
xldeeed3,y8dyem86,xldeeed3,rklge08d,None,41
xldeeed3,y8dyem86,m9doledp,zd304rdn,None,23
xldeeed3,y8dyem86,o6glkk8d,jdz847rd,None,4
xldeeed3,y8dyem86,n2680o1p,jdz8p73d,None,17
xldeeed3,y8dyem86,n2680o1p,jdrx1egd,None,11
xldeeed3,y8dyem86,n2680o1p,jdrx1egd,None,11
xldeeed3,qjndp4d8,xldeeed3,rklge08d,None,26
xldeeed3,qjndp4d8,4d79xr17,q254njdo,None,33
xldeeed3,qjndp4d8,n4d7oz17,wdmzro2q,None,21
xldeeed3,o86zm35x,xldeeed3,9d863y62,None,1
xldeeed3,xzlvvn98,xldeeed3,wkpjojvk,495kvkm9,4
xldeeed3,xzlvvn98,369pxn01,w2035ro2,5d72lgew,8
xldeeed3,jn3nr1wx,xldeeed3,wkpjojvk,29vm11q9,1
xldeeed3,jn3nr1wx,xldeeed3,wkpjojvk,ldy77pd3,2
xldeeed3,jn3nr1wx,xldeeed3,wkpjojvk,r9gykyj9,1
xldeeed3,jn3nr1wx,xldeeed3,wkpjojvk,5d7y6yqd,1
xldeeed3,jn3nr1wx,xldeeed3,wkpjojvk,y9m5k5zd,1
xldeeed3,jn3nr1wx,xldeeed3,wkpjojvk,nwlxqgwv,2
xldeeed3,jn3nr1wx,xldeeed3,wkpjojvk,ldy141pd,3
xldeeed3,jn3nr1wx,xldeeed3,wkpjojvk,29veoxdv,1
xldeeed3,jn3nr1wx,xldeeed3,wkpjojvk,69zpmmxw,1
xldeeed3,jn3nr1wx,xldeeed3,wkpjojvk,rdnjj59m,1
xldeeed3,jn3nr1wx,xldeeed3,wkpjojvk,ldy7m7d3,2
xldeeed3,jn3nr1wx,xldeeed3,wkpjojvk,kwj7o70w,1
xldeeed3,jn3nr1wx,nj1nrxdp,jdzo8g32,5wk76m5d,1
xldeeed3,jn3nr1wx,xldeeed3,wkpjojvk,n93q8qrw,1
xldeeed3,jn3nr1wx,xldeeed3,wkpjojvk,69zooxd1,1
xldeeed3,jn3nr1wx,xldeeed3,wkpjojvk,xd40vvq9,1
xldeeed3,jn3nr1wx,xldeeed3,wkpjojvk,gdrpkkew,1
xldeeed3,jn3nr1wx,xldeeed3,wkpjojvk,rdqz66od,1
xldeeed3,jn3nr1wx,xldeeed3,wkpjojvk,69zpmpxw,1
xldeeed3,jn3nr1wx,xldeeed3,wkpjojvk,z98vy1wl,2
xldeeed3,jn3nr1wx,xldeeed3,wkpjojvk,y9mqqzd5,3
xldeeed3,jn3nr1wx,xldeeed3,wkpjojvk,ywe2z2lw,2
xldeeed3,jn3nr1wx,xldeeed3,wkpjojvk,xd1ekywo,2
xldeeed3,jn3nr1wx,xldeeed3,wkpjojvk,5920vv7d,1
xldeeed3,jn3nr1wx,xldeeed3,wkpjojvk,5wkz5xw4,2
xldeeed3,jn3nr1wx,xldeeed3,wkpjojvk,xd0rrmdq,2
xldeeed3,jn3nr1wx,xldeeed3,wkpjojvk,592g26w6,3
xldeeed3,jn3nr1wx,xldeeed3,wkpjojvk,rdqz6zod,1
xldeeed3,jn3nr1wx,xldeeed3,wkpjojvk,5d7y66qd,1
xldeeed3,jn3nr1wx,xldeeed3,wkpjojvk,z98r22rd,2
xldeeed3,jn3nr1wx,xldeeed3,wkpjojvk,495kvkm9,2
xldeeed3,jn3nr1wx,xldeeed3,wkpjojvk,o9x1mm3d,1
xldeeed3,jn3nr1wx,xldeeed3,wkpjojvk,n93q2q2w,2
xldeeed3,jn3nr1wx,xldeeed3,wkpjojvk,xd07o6jw,2
xldeeed3,jn3nr1wx,xldeeed3,wkpjojvk,owo7lk39,2
xldeeed3,jn3nr1wx,xldeeed3,wkpjojvk,y9mq70d5,2
xldeeed3,jn3nr1wx,xldeeed3,wkpjojvk,5d7knewy,2
xldeeed3,jn3nr1wx,xldeeed3,wkpjojvk,z98r2rrd,1
xldeeed3,jn3nr1wx,xldeeed3,wkpjojvk,gdrpkpew,2
xldeeed3,jn3nr1wx,xldeeed3,wkpjojvk,kwj7oo0w,2
xldeeed3,jn3nr1wx,xldeeed3,wkpjojvk,r9g00jw2,1
xldeeed3,jn3nr1wx,xldeeed3,wkpjojvk,owo7g7j9,1
xldeeed3,jn3nr1wx,xldeeed3,wkpjojvk,xd0kvvm9,2
xldeeed3,jn3nr1wx,xldeeed3,wkpjojvk,rdnj669m,1
xldeeed3,jn3nr1wx,xldeeed3,wkpjojvk,n9356rw0,2
xldeeed3,jn3nr1wx,xldeeed3,wkpjojvk,o9x1m13d,2
xldeeed3,jn3nr1wx,xldeeed3,wkpjojvk,ywekklwl,2
xldeeed3,jn3nr1wx,xldeeed3,wkpjojvk,rdq2pgdx,1
xldeeed3,jn3nr1wx,xldeeed3,wkpjojvk,495o34dp,1
xldeeed3,jn3nr1wx,xldeeed3,wkpjojvk,xd477qdm,1
xldeeed3,jn3nr1wx,xldeeed3,wkpjojvk,rw6qkkpd,2
xldeeed3,jn3nr1wx,xldeeed3,wkpjojvk,n93552w0,1
xldeeed3,jn3nr1wx,xldeeed3,wkpjojvk,xd40rp09,2
xldeeed3,jn3nr1wx,xldeeed3,wkpjojvk,owo1o396,1
xldeeed3,jn3nr1wx,xldeeed3,wkpjojvk,ldy7n7d3,2
xldeeed3,jn3nr1wx,xldeeed3,wkpjojvk,z98vvrwl,1
xldeeed3,jn3nr1wx,xldeeed3,wkpjojvk,r9gykkj9,1
xldeeed3,jn3nr1wx,xldeeed3,wkpjojvk,ewp7k7yw,3
xldeeed3,jn3nr1wx,xldeeed3,wkpjojvk,owo7ggj9,1
xldeeed3,jn3nr1wx,xldeeed3,wkpjojvk,5wkzzvw4,1
xldeeed3,jn3nr1wx,xldeeed3,wkpjojvk,ewpm14wn,5
xldeeed3,jn3nr1wx,9d38v0w1,ndxr9eod,None,5
xldeeed3,jn3nr1wx,xldeeed3,wkpjojvk,xd1jvvzd,1
xldeeed3,jn3nr1wx,xldeeed3,wkpjojvk,5wkkggvw,1
xldeeed3,jn3nr1wx,369pxn01,w2035ro2,5d72lgew,23
xldeeed3,jn3nr1wx,xldeeed3,wkpjojvk,o9x587wl,2
xldeeed3,jn3nr1wx,xldeeed3,wkpjojvk,495kvvm9,7
xldeeed3,jn3nr1wx,xldeeed3,wkpjojvk,495oomdp,3
xldeeed3,jn3nr1wx,xldeeed3,wkpjojvk,5wkzyxw4,5
xldeeed3,jn3nr1wx,xldeeed3,wkpjojvk,rw6ppp97,1
xldeeed3,jn3nr1wx,xldeeed3,wkpjojvk,29ve4xdv,3
xldeeed3,jn3nr1wx,xldeeed3,wkpjojvk,ywekr4wl,4
xldeeed3,jn3nr1wx,xldeeed3,wkpjojvk,xd0rzjdq,8
xldeeed3,jn3nr1wx,xldeeed3,wkpjojvk,xd1jvjzd,5
xldeeed3,jn3nr1wx,xldeeed3,wkpjojvk,gdr4mkwz,3
xldeeed3,jn3nr1wx,xldeeed3,wkpjojvk,kwjlx1dg,2
xldeeed3,jn3nr1wx,xldeeed3,wkpjojvk,rdnoro6w,1
xldeeed3,jn3nr1wx,j1llwz1g,9kvnmy3d,gdr0z7ld,87
xldeeed3,jn3nr1wx,3dxzxp1y,9kvo7wj2,69zqe2x9,146
xldeeed3,zxz7lrjq,xldeeed3,wkpjojvk,ldy141pd,1
xldeeed3,zxz7lrjq,xldeeed3,wkpjojvk,r9gykyj9,2
xldeeed3,zxz7lrjq,xldeeed3,wkpjojvk,ldy144pd,5
xldeeed3,zxz7lrjq,xldeeed3,wkpjojvk,69zpmmxw,5
xldeeed3,zxz7lrjq,xldeeed3,wkpjojvk,xd1jvjzd,6
xldeeed3,zxz7lrjq,xldeeed3,wkpjojvk,ldy7m7d3,1
xldeeed3,zxz7lrjq,xldeeed3,wkpjojvk,ewp7k7yw,1
xldeeed3,zxz7lrjq,nj1nrxdp,wk6p6pd1,None,5
xldeeed3,zxz7lrjq,kdkz2edm,rklxj66k,None,24
xldeeed3,zxz7lrjq,xldeeed3,wkpjojvk,owo7lk39,1
xldeeed3,zxz7lrjq,xldeeed3,wkpjojvk,xd40rp09,6
xldeeed3,zxz7lrjq,xldeeed3,wkpjojvk,ewp7kkyw,4
xldeeed3,zxz7lrjq,xldeeed3,wkpjojvk,69zoy4d1,2
xldeeed3,zxz7lrjq,xldeeed3,wkpjojvk,rdnoro6w,1
xldeeed3,zxz7lrjq,xldeeed3,wkpjojvk,ewpm14wn,1
xldeeed3,zxz7lrjq,pd0w9zl1,wk6v5grd,None,1
xldeeed3,zxz7lrjq,369pxn01,w2035ro2,59243y6w,17
xldeeed3,zxz7lrjq,369pxn01,w2035ro2,29vzjqxd,6
xldeeed3,zxz7lrjq,xldeeed3,wkpjojvk,y9m5k5zd,4
xldeeed3,zxz7lrjq,3dxkx3g1,wdmmoned,None,3
xldeeed3,zxz7lrjq,yd4k7px6,rkl59xq2,5d7128gd,2
xldeeed3,zxz7lrjq,xldeeed3,wkpjojvk,xd0rmjdq,8
xldeeed3,zxz7lrjq,xldeeed3,wkpjojvk,z98vy1wl,6
xldeeed3,zxz7lrjq,xldeeed3,wkpjojvk,gdr44ewz,5
xldeeed3,zxz7lrjq,xldeeed3,wkpjojvk,69zooxd1,7
xldeeed3,zxz7lrjq,xldeeed3,wkpjojvk,29veoxdv,8
xldeeed3,zxz7lrjq,4pd0n31e,n2yq98ko,None,145
xldeeed3,zxz7lrjq,3699436l,xk90166k,None,1
xldeeed3,zxz7lrjq,3699436l,7kjv4y4k,None,2
xldeeed3,zxz7lrjq,xldeeed3,wkpjojvk,r9gykkj9,8
xldeeed3,zxz7lrjq,xldeeed3,wkpjojvk,xd1jvvzd,6
xldeeed3,zxz7lrjq,xldeeed3,wkpjojvk,5wkkggvw,9
xldeeed3,zxz7lrjq,xldeeed3,wkpjojvk,rw6ppp97,2
xldeeed3,zxz7lrjq,xldeeed3,wkpjojvk,kwj7o70w,5
xldeeed3,zxz7lrjq,o1y9wo6q,n2y55mko,None,1518
xldeeed3,zxz7lrjq,369pxn01,w2035ro2,owo3lr3w,5
xldeeed3,zxz7lrjq,369pxn01,w2035ro2,kwjv321w,7
xldeeed3,zxz7lrjq,om1mw4d2,jzd33ndn,None,314
xldeeed3,zxz7lrjq,46w94n1r,xk90l06k,ewp8gk9n,2
xldeeed3,zxz7lrjq,46w94n1r,xk90l06k,y9m2l5d5,2
xldeeed3,zxz7lrjq,46w94n1r,xk90l06k,xd14nedo,3
xldeeed3,zxz7lrjq,46w94n1r,xk90l06k,owo3row6,3
xldeeed3,zxz7lrjq,m1mx0ox6,7kj1x93k,n938532w,22
xldeeed3,zxz7lrjq,m1mx0ox6,rklr03rk,n938532w,2
xldeeed3,zxz7lrjq,369pxn01,w2035ro2,5d72lgew,16
xldeeed3,zxz7lrjq,369pxn01,w2035ro2,xd146nyd,11
xldeeed3,zxz7lrjq,369pxn01,w2035ro2,xd4knl8w,11
xldeeed3,zxz7lrjq,369pxn01,w2035ro2,xd04l8jw,11
xldeeed3,zxz7lrjq,369pxn01,w2035ro2,ewp8el49,8
xldeeed3,zxz7lrjq,ok6qq06g,wkpjr8kr,None,17
xldeeed3,zxz7lrjq,qw6jx4dj,zdnwpxdq,None,9
xldeeed3,zxz7lrjq,j1n29w1p,z2739god,None,69
xldeeed3,zxz7lrjq,pdvr5k1w,5dwmmnkg,None,12
xldeeed3,zxz7lrjq,n2680o1p,jdrx1egd,None,26
xldeeed3,zxz7lrjq,76r4xl18,5dw945e2,495xemmd,5
xldeeed3,zxz7lrjq,76r4xl18,5dw945e2,rdq4eno9,4
xldeeed3,zxz7lrjq,76r4xl18,5dw945e2,5d7qg2qw,2
xldeeed3,zxz7lrjq,76r4xl18,5dw945e2,kwj42v0w,6
xldeeed3,zxz7lrjq,76r4xl18,5dw945e2,owo4r3j9,2
xldeeed3,zxz7lrjq,76r4xl18,5dw945e2,xd1ln4z9,2
xldeeed3,zxz7lrjq,76r4xl18,5dw945e2,ewp4l8yw,2
xldeeed3,zxz7lrjq,76r4xl18,5dw945e2,y9m4n2z9,4
xldeeed3,zxz7lrjq,76r4xl18,5dw945e2,5wk43qvd,1
xldeeed3,zxz7lrjq,76r4xl18,5dw945e2,592ey479,2
xldeeed3,zxz7lrjq,76r4xl18,5dw945e2,29vnqzqd,1
xldeeed3,zxz7lrjq,76r4xl18,5dw945e2,xd4glkqd,1
xldeeed3,zxz7lrjq,76r4xl18,5dw945e2,xd0684md,1
xldeeed3,zxz7lrjq,76r4xl18,5dw945e2,rw65zmpd,1
xldeeed3,zxz7lrjq,76r4xl18,5dw945e2,n93zrl2w,1
xldeeed3,zxz7lrjq,76r4xl18,5dw945e2,z984x5rw,1
xldeeed3,zxz7lrjq,76r4xl18,5dw945e2,rdn4yx59,1
xldeeed3,zxz7lrjq,76r4xl18,5dw945e2,ldylokp9,1
xldeeed3,zxz7lrjq,76r4xl18,5dw945e2,gdr6zoed,2
xldeeed3,zxz7lrjq,76r4xl18,5dw945e2,nwl48zo9,3
xldeeed3,zxz7lrjq,4pd0n31e,7wkp6v2r,None,239
xldeeed3,zxz7lrjq,nd22xvd0,w20pq58k,None,470
xldeeed3,zxz7lrjq,268j27dp,xd1mw5rd,None,5
xldeeed3,zxz7lrjq,ok6qq06g,5dwjv0kg,None,18
xldeeed3,zxz7lrjq,946wn36r,rklronkn,None,13
xldeeed3,zxz7lrjq,nd2e7qd0,xk9l4vk0,None,87
xldeeed3,zxz7lrjq,om1mw4d2,l9kv40kg,None,252
xldeeed3,zxz7lrjq,268pjodp,zd3qwnkn,None,33
xldeeed3,zxz7lrjq,ok6qq06g,5dwjv0kg,None,4
xldeeed3,zxz7lrjq,ok6qq06g,wkpjr8kr,None,14
xldeeed3,zxz7lrjq,m9doledp,zd304rdn,None,34
