original_game_id,user_id,game_id,category_id,level_id,position
k6q4q59d,j2y6q3n8,k6q4q59d,wk6nrje2,None,6
k6q4q59d,8l34ym28,76rxjlv6,xd14qr8d,None,1
k6q4q59d,8l34ym28,o1yxkk6q,5dwymjlk,None,11
k6q4q59d,8l34ym28,yd4k8ww6,xd153r42,None,1
k6q4q59d,8l34ym28,76r3lrq6,5dwnpznd,None,17
k6q4q59d,8l34ym28,76r3lrq6,mkey5mx2,None,6
k6q4q59d,8l34ym28,o1yxkk6q,mkejq0j2,None,52
k6q4q59d,8l34ym28,o1yxkk6q,n2yj5e82,None,195
k6q4q59d,8l34ym28,k6q4950d,7kjq5ngd,None,7
k6q4q59d,8l34ym28,pd0we321,jdz65332,None,10
k6q4q59d,8l34ym28,k6q4q59d,wk6nrje2,None,8
k6q4q59d,8gek0wrj,pd0w2o21,rkljl16d,None,104
k6q4q59d,8gek0wrj,k6q4q59d,wk6nrje2,None,7
k6q4q59d,8gek0wrj,nd28egvd,zd3voee2,None,9
k6q4q59d,8r7mo36j,y65gk8de,7dgnm9x2,None,130
k6q4q59d,8r7mo36j,o1yj25r1,9kvqmpod,None,6
k6q4q59d,8r7mo36j,j1n87jw1,9kvq7e0d,592e7y39,2
k6q4q59d,8r7mo36j,j1n87jw1,9kvq7e0d,ldylzor9,1
k6q4q59d,8r7mo36j,o1yj25r1,9kvqmpod,None,24
k6q4q59d,8r7mo36j,o1yxkk6q,n2yj5e82,None,42
k6q4q59d,8r7mo36j,k6q4q59d,wk6nrje2,None,5
k6q4q59d,8r7mo36j,w6jl725d,02qoyzyk,None,6
k6q4q59d,8r7mo36j,w6jl725d,02qoyzyk,None,8
k6q4q59d,8r7mo36j,y65lp31e,q25eg7y2,None,20
k6q4q59d,0jm3r3z8,j1lrjz1g,02qjmvyd,None,2
k6q4q59d,0jm3r3z8,o1y9kpk6,ndx0lyjd,xd4oo3q9,3
k6q4q59d,0jm3r3z8,o1y9kpk6,ndx0lyjd,owo3gvjw,2
k6q4q59d,0jm3r3z8,o1y9kpk6,mke7wl62,None,2
k6q4q59d,0jm3r3z8,o1y9kpk6,mke7wl62,None,2
k6q4q59d,0jm3r3z8,o1y9kpk6,ndx0lyjd,5wkqgvvw,1
k6q4q59d,0jm3r3z8,o1y9kpk6,wdm66jek,5wkqgvvw,1
k6q4q59d,0jm3r3z8,o1y9kpk6,ndx0lyjd,xd14vozd,1
k6q4q59d,0jm3r3z8,o1y9kpk6,ndx0lyjd,y9m2kvzd,1
k6q4q59d,0jm3r3z8,o1y9kpk6,ndx0lyjd,ewp8kvy9,1
k6q4q59d,0jm3r3z8,o1y9kpk6,wdm66jek,y9m2kvzd,1
k6q4q59d,0jm3r3z8,o1y9kpk6,wdm66jek,ewp8kvy9,2
k6q4q59d,0jm3r3z8,o1y9kpk6,wdm66jek,xd14vozd,1
k6q4q59d,0jm3r3z8,o1y9kpk6,5dwxq6l2,None,2
k6q4q59d,0jm3r3z8,o6glg48d,wk63x1ok,None,3
k6q4q59d,0jm3r3z8,576rr568,mkeownd6,None,1
k6q4q59d,0jm3r3z8,9dojze6p,jdz0xg2v,None,1
k6q4q59d,0jm3r3z8,576rr568,w20m4vkn,None,1
k6q4q59d,0jm3r3z8,o6glg48d,n2ygqo12,r9ggngj9,1
k6q4q59d,0jm3r3z8,3dx8w41y,zdnw4led,kwjqygr9,1
k6q4q59d,0jm3r3z8,576rr568,5dwjx0kg,None,1
k6q4q59d,0jm3r3z8,o6glg48d,n2ygqo12,rdq4jvo9,1
k6q4q59d,0jm3r3z8,o6glg48d,n2ygqo12,5d7z055w,1
k6q4q59d,0jm3r3z8,o6glg48d,n2ygqo12,rw6gn6p9,1
k6q4q59d,0jm3r3z8,o6glg48d,n2ygqo12,gdr16mzw,1
k6q4q59d,0jm3r3z8,o6glg48d,n2ygqo12,n93krxnw,1
k6q4q59d,0jm3r3z8,o6glg48d,n2ygqo12,5d7p8pvd,1
k6q4q59d,0jm3r3z8,o6glg48d,n2ygqo12,rdqyly19,1
k6q4q59d,0jm3r3z8,o6glg48d,n2ygqo12,ewp4jvyw,1
k6q4q59d,0jm3r3z8,o6glg48d,n2ygqo12,ldyqorjw,1
k6q4q59d,0jm3r3z8,o6glg48d,7kj6v1z2,None,4
k6q4q59d,0jm3r3z8,o6glg48d,n2ygqo12,n93yzved,1
k6q4q59d,0jm3r3z8,o6glg48d,n2ygqo12,495p4pjw,1
k6q4q59d,0jm3r3z8,o6glg48d,5dwgj40k,None,2
k6q4q59d,0jm3r3z8,4d722r67,jdr1x0l2,None,1
k6q4q59d,0jm3r3z8,o6glg48d,n2ygqo12,495lxojd,1
k6q4q59d,0jm3r3z8,o6glg48d,n2ygqo12,y9m2yl0d,1
k6q4q59d,0jm3r3z8,o6glg48d,n2ygqo12,n93lgr29,1
k6q4q59d,0jm3r3z8,o6glg48d,n2ygqo12,nwl08m0w,1
k6q4q59d,0jm3r3z8,w6jl255d,8249m0ed,None,1
k6q4q59d,0jm3r3z8,ldejn5n1,7kjlvy42,None,2
k6q4q59d,0jm3r3z8,w6j7zm46,zdno8972,None,1
k6q4q59d,0jm3r3z8,576rr568,9kvx5102,kwjyxm1w,2
k6q4q59d,0jm3r3z8,o6glg48d,mkel1w8d,None,3
k6q4q59d,0jm3r3z8,ldejn5n1,7kjlvy42,None,6
k6q4q59d,0jm3r3z8,o1yjq3v1,9d8yyo3k,None,3
k6q4q59d,0jm3r3z8,w6j7zm46,zdno8972,None,4
k6q4q59d,0jm3r3z8,k6q4950d,7kjq5ngd,None,4
k6q4q59d,0jm3r3z8,w6j7zm46,zdno8972,None,4
k6q4q59d,0jm3r3z8,ldejn5n1,zd350zyk,n933or79,2
k6q4q59d,0jm3r3z8,ldejn5n1,xd1wrzr2,ewp5r6l9,3
k6q4q59d,0jm3r3z8,ldejn5n1,xd1wrzr2,495nyz49,2
k6q4q59d,0jm3r3z8,ldejn5n1,xd1wrzr2,rw6y3zn9,1
k6q4q59d,0jm3r3z8,ldejn5n1,xd1wrzr2,592p57gw,1
k6q4q59d,0jm3r3z8,ldejn5n1,xd1wrzr2,r9g8xgqd,2
k6q4q59d,0jm3r3z8,ldejn5n1,zd350zyk,xd0ox80d,1
k6q4q59d,0jm3r3z8,ldejn5n1,xd1wrzr2,5wkl8qq9,2
k6q4q59d,0jm3r3z8,ldejn5n1,z275gezk,None,2
k6q4q59d,0jm3r3z8,ldejn5n1,xk950662,None,4
k6q4q59d,0jm3r3z8,ldejn5n1,xd1wrzr2,r9g8rn2d,2
k6q4q59d,0jm3r3z8,ldejn5n1,xd1wrzr2,owoxl53w,2
k6q4q59d,0jm3r3z8,ldejn5n1,xd1wrzr2,ywepleqd,2
k6q4q59d,0jm3r3z8,ldejn5n1,xd1wrzr2,rdngrq69,3
k6q4q59d,0jm3r3z8,ldejn5n1,xd1wrzr2,xd48xl0w,3
k6q4q59d,0jm3r3z8,ldejn5n1,xd1wrzr2,495n4129,4
k6q4q59d,0jm3r3z8,ldejn5n1,xd1wrzr2,ldy0j3z9,3
k6q4q59d,0jm3r3z8,ldejn5n1,xd1wrzr2,gdr7gokw,2
k6q4q59d,0jm3r3z8,ldejn5n1,zd350zyk,kwjr361d,2
k6q4q59d,0jm3r3z8,ldejn5n1,zd350zyk,xd48xo0w,4
k6q4q59d,0jm3r3z8,ldejn5n1,zd350zyk,69z0zg6d,3
k6q4q59d,0jm3r3z8,ldejn5n1,zd350zyk,495nyz49,1
k6q4q59d,0jm3r3z8,ldejn5n1,xd1wrzr2,ldy02zj9,2
k6q4q59d,0jm3r3z8,ldejn5n1,xd1wrzr2,xd48np8w,1
k6q4q59d,0jm3r3z8,ldejn5n1,xd1wrzr2,z98lnk7d,3
k6q4q59d,0jm3r3z8,ldejn5n1,xd1wrzr2,gdr7238w,2
k6q4q59d,0jm3r3z8,o6glg48d,wk63x1ok,None,2
k6q4q59d,0jm3r3z8,o6glg48d,wk63x1ok,None,4
k6q4q59d,0jm3r3z8,m1zjmyx6,zd3791y2,None,2
k6q4q59d,0jm3r3z8,m1zjmyx6,9kvyvejk,None,2
k6q4q59d,0jm3r3z8,o6glg48d,wk63x1ok,None,5
k6q4q59d,0jm3r3z8,o6glg48d,5dwgj40k,None,2
k6q4q59d,0jm3r3z8,o6glg48d,wk63x1ok,None,2
k6q4q59d,0jm3r3z8,o6glg48d,7kj6v1z2,None,3
k6q4q59d,0jm3r3z8,o6glg48d,7kj6v1z2,None,4
k6q4q59d,0jm3r3z8,o6glg48d,7kj6v1z2,None,2
k6q4q59d,0jm3r3z8,576rr568,zd3ynzn2,owokov3d,2
k6q4q59d,0jm3r3z8,576rr568,9kvx5102,gdrjmvkw,1
k6q4q59d,0jm3r3z8,9d3rmogd,z2718j02,None,1
k6q4q59d,0jm3r3z8,9d3rmogd,n2yg8yz2,None,2
k6q4q59d,0jm3r3z8,9d3rmogd,z2718j02,None,1
k6q4q59d,0jm3r3z8,o6glg48d,mkel1w8d,None,1
k6q4q59d,0jm3r3z8,m1zm8360,w20g68zk,None,1
k6q4q59d,0jm3r3z8,m1zm8360,w20g68zk,None,1
k6q4q59d,0jm3r3z8,9d3rmogd,n2yg8zz2,rdqnv4md,1
k6q4q59d,0jm3r3z8,9d3rmogd,n2yg8zz2,xd14olqd,1
k6q4q59d,0jm3r3z8,9d3rmogd,n2yg8zz2,o9xxvr69,1
k6q4q59d,0jm3r3z8,m1zm8360,w20g68zk,None,1
k6q4q59d,0jm3r3z8,9d3rmogd,7kj6mwn2,rdqnv4md,1
k6q4q59d,0jm3r3z8,m1zm8360,jdre0jxk,None,1
k6q4q59d,0jm3r3z8,m1zm8360,rklxey6k,ewpmyzwn,1
k6q4q59d,0jm3r3z8,m1zm8360,rklxey6k,5wkzoqw4,1
k6q4q59d,0jm3r3z8,m1zm8360,rklxey6k,29vexndv,1
k6q4q59d,0jm3r3z8,m1zm8360,rklxey6k,n935eew0,1
k6q4q59d,0jm3r3z8,m1zm8360,rklxey6k,xd0ry1dq,1
k6q4q59d,0jm3r3z8,m1zm8360,wdm65wxk,None,1
k6q4q59d,0jm3r3z8,m1zm8360,xd1r3pzk,None,1
k6q4q59d,0jm3r3z8,m1zm8360,wdm65wxk,None,1
k6q4q59d,0jm3r3z8,m1zm8360,7kj3n742,ewpmyzwn,1
k6q4q59d,0jm3r3z8,m1zm8360,7kj3n742,xd47zpdm,1
k6q4q59d,0jm3r3z8,m1zm8360,7kj3n742,xd0ry1dq,1
k6q4q59d,0jm3r3z8,m1zm8360,7kj3n742,rw6px797,1
k6q4q59d,0jm3r3z8,m1zm8360,7kj3n742,n935eew0,1
k6q4q59d,0jm3r3z8,m1zm8360,7kj3n742,29vexndv,1
k6q4q59d,0jm3r3z8,m1zm8360,9kvpjzek,29vexndv,1
k6q4q59d,0jm3r3z8,m1zm8360,9kvpjzek,ewpmyzwn,1
k6q4q59d,0jm3r3z8,9d3rmogd,n2yg8yz2,None,2
k6q4q59d,0jm3r3z8,m1zm8360,xd1r3pzk,None,1
k6q4q59d,0jm3r3z8,w6jrq2dj,w201yx8k,None,6
k6q4q59d,0jm3r3z8,w6jrq2dj,w201yx8k,None,5
k6q4q59d,0jm3r3z8,m1m2oxd2,n2yqywzk,None,11
k6q4q59d,0jm3r3z8,m1m2oxd2,jdzpl9xk,None,3
k6q4q59d,0jm3r3z8,9d3rmogd,n2yg8yz2,None,2
k6q4q59d,0jm3r3z8,j1lq8yv6,8248ywgk,5d7j1ged,1
k6q4q59d,0jm3r3z8,m1mxelp6,xk9gm0yd,None,2
k6q4q59d,0jm3r3z8,m1mxelp6,z27vgyz2,rdq7gr29,1
k6q4q59d,0jm3r3z8,m1mxelp6,z27vgyz2,owo6lxkw,1
k6q4q59d,0jm3r3z8,m1mxelp6,z27vgyz2,kwjz3r79,2
k6q4q59d,0jm3r3z8,m1mxelp6,z27vgyz2,xd12615w,1
k6q4q59d,0jm3r3z8,m1mxelp6,z27vgyz2,ewpxe5jd,2
k6q4q59d,0jm3r3z8,j1lq8yv6,zd3qpgvk,None,1
k6q4q59d,0jm3r3z8,j1lq8yv6,02qrq5pk,None,1
k6q4q59d,0jm3r3z8,j1lq8yv6,8248ywgk,gdr0nzkd,1
k6q4q59d,0jm3r3z8,j1lq8yv6,8248ywgk,nwlm58g9,1
k6q4q59d,0jm3r3z8,j1lq8yv6,8248ywgk,ywevyo4d,1
k6q4q59d,0jm3r3z8,j1lq8yv6,8248ywgk,r9gmlp29,1
k6q4q59d,0jm3r3z8,j1lq8yv6,8248ywgk,o9xygj7d,1
k6q4q59d,0jm3r3z8,j1lq8yv6,8248ywgk,69zl514d,1
k6q4q59d,0jm3r3z8,4d799vn1,wkpo1m02,None,2
k6q4q59d,0jm3r3z8,4d799vn1,wkpo1m02,None,2
k6q4q59d,0jm3r3z8,4d799vn1,wkpo1m02,None,2
k6q4q59d,0jm3r3z8,4d799vn1,wkpo1m02,None,2
k6q4q59d,0jm3r3z8,k6q4950d,9d8g70qk,None,2
k6q4q59d,0jm3r3z8,k6q4950d,xk9nymx2,None,2
k6q4q59d,0jm3r3z8,o1yxkk6q,n2yj5e82,None,2
k6q4q59d,0jm3r3z8,4d799vn1,wkpo1m02,None,1
k6q4q59d,0jm3r3z8,9d3rn00d,wkp30zj2,gdrypm8w,2
k6q4q59d,0jm3r3z8,9d3rn00d,wkp30zj2,nwl2gqpd,3
k6q4q59d,0jm3r3z8,o1yxkk6q,n2yj5e82,None,2
k6q4q59d,0jm3r3z8,o1yxkk6q,5dwymjlk,None,1
k6q4q59d,0jm3r3z8,o1yxkk6q,mkejq0j2,None,2
k6q4q59d,0jm3r3z8,9d3rmogd,n2yg8yz2,None,4
k6q4q59d,0jm3r3z8,9d3rmogd,n2yg8yz2,None,1
k6q4q59d,0jm3r3z8,o1yxkk6q,n2yj5e82,None,2
k6q4q59d,0jm3r3z8,y6547ned,wdmvnyod,xd1lx359,2
k6q4q59d,0jm3r3z8,o1yxkk6q,wkpvl4wk,None,2
k6q4q59d,0jm3r3z8,o1yxkk6q,02qo5wzk,None,3
k6q4q59d,0jm3r3z8,o1yxkk6q,vdo3v9vd,None,2
k6q4q59d,0jm3r3z8,w6j8oe1j,wdmqgj42,29vy4rx9,2
k6q4q59d,0jm3r3z8,k6q4q59d,wk6nrje2,None,1
k6q4q59d,0jm3r3z8,k6q4q59d,wk6nrje2,None,1
k6q4q59d,0jm3r3z8,9d3rn00d,wkp30zj2,ldy31mj9,8
k6q4q59d,0jm3r3z8,9d3rn00d,ndx45152,None,12
k6q4q59d,0jm3r3z8,w6jl255d,9kv618j2,rdnx6mnw,1
k6q4q59d,0jm3r3z8,o6glg48d,n2ygqo12,5d7qv0qw,1
k6q4q59d,0jm3r3z8,o6glg48d,n2ygqo12,r9g1q0k9,2
k6q4q59d,0jm3r3z8,o6glg48d,n2ygqo12,o9x3r519,2
k6q4q59d,0jm3r3z8,o6glg48d,n2ygqo12,xd4rg4p9,1
k6q4q59d,0jm3r3z8,o6glg48d,n2ygqo12,kwj1mjrw,1
k6q4q59d,0jm3r3z8,o6glg48d,n2ygqo12,ewp8eg49,1
k6q4q59d,0jm3r3z8,o6glg48d,n2ygqo12,5wkq8yxw,1
k6q4q59d,0jm3r3z8,o6glg48d,n2ygqo12,rdq5vrmd,1
k6q4q59d,0jm3r3z8,o6glg48d,n2ygqo12,rdq5421d,2
k6q4q59d,0jm3r3z8,o6glg48d,n2ygqo12,rdn246vd,1
k6q4q59d,0jm3r3z8,o6glg48d,n2ygqo12,xd036m1d,1
k6q4q59d,0jm3r3z8,o6glg48d,n2ygqo12,rw6e587d,1
k6q4q59d,0jm3r3z8,o6glg48d,7dg686lk,z9858xr9,1
k6q4q59d,0jm3r3z8,o6glg48d,7dg686lk,owo40vj9,1
k6q4q59d,0jm3r3z8,o6glg48d,7dg686lk,rdq5vrmd,1
k6q4q59d,0jm3r3z8,o6glg48d,7dg686lk,kwj1mjrw,1
k6q4q59d,0jm3r3z8,o6glg48d,7dg686lk,ewp8eg49,1
k6q4q59d,0jm3r3z8,o6glg48d,7dg686lk,5d7z055w,1
k6q4q59d,0jm3r3z8,o6glg48d,7dg686lk,5wkq8yxw,1
k6q4q59d,0jm3r3z8,o6glg48d,7dg686lk,y9m2yl0d,1
k6q4q59d,0jm3r3z8,o6glg48d,7dg686lk,rw6gn6p9,1
k6q4q59d,0jm3r3z8,o6glg48d,7dg686lk,n93lgr29,1
k6q4q59d,0jm3r3z8,o6glg48d,7dg686lk,ewp4jvyw,1
k6q4q59d,0jm3r3z8,o6glg48d,7dg686lk,xd1l7oz9,1
k6q4q59d,0jm3r3z8,o6glg48d,7dg686lk,kwj45m0w,1
k6q4q59d,0jm3r3z8,o6glg48d,7dg686lk,5d7qv0qw,1
k6q4q59d,0jm3r3z8,o6glg48d,7dg686lk,rdq4jvo9,1
k6q4q59d,0jm3r3z8,o6glg48d,7dg686lk,o9x3r519,1
k6q4q59d,0jm3r3z8,o6glg48d,7dg686lk,rw6e587d,1
k6q4q59d,0jm3r3z8,9d3rn00d,wkp30zj2,ewp87gl9,3
k6q4q59d,0jm3r3z8,9d3rn00d,wkp30zj2,rdqnzpmd,9
k6q4q59d,0jm3r3z8,9d3rn00d,wkp30zj2,r9g7yvq9,7
k6q4q59d,0jm3r3z8,o6glg48d,n2ygqo12,z9858xr9,1
k6q4q59d,0jm3r3z8,9d3rn00d,wkp30zj2,rdnqoend,3
k6q4q59d,0jm3r3z8,9d3rn00d,wkp30zj2,rdnqoend,5
k6q4q59d,0jm3r3z8,268elpk6,z2719qo2,None,6
k6q4q59d,0jm3r3z8,9d3rn00d,7dg60pgk,rdnqoend,3
k6q4q59d,0jm3r3z8,w6jl255d,zd3ozjyd,None,2
k6q4q59d,0jm3r3z8,o6glg48d,n2ygqo12,69zneyo9,1
k6q4q59d,0jm3r3z8,o6glg48d,n2ygqo12,owo40vj9,1
k6q4q59d,0jm3r3z8,o6glg48d,n2ygqo12,ywemxrrd,1
k6q4q59d,0jm3r3z8,o6glg48d,7dg686lk,owo40vj9,2
k6q4q59d,0jm3r3z8,o6glg48d,n2ygqo12,xd1l7oz9,1
k6q4q59d,0jm3r3z8,o6glg48d,n2ygqo12,owoqvxod,1
k6q4q59d,0jm3r3z8,o6glg48d,n2ygqo12,z98g4ylw,1
k6q4q59d,0jm3r3z8,o6glg48d,n2ygqo12,kwj45m0w,1
k6q4q59d,0jm3r3z8,o6glg48d,n2ygqo12,nwlp4qr9,1
k6q4q59d,0jm3r3z8,o6glg48d,n2ygqo12,ldy8lnzw,1
k6q4q59d,0jm3r3z8,o6glg48d,ndx4p7r2,z98g4ylw,1
k6q4q59d,0jm3r3z8,9d3rn00d,wkp30zj2,kwjv7nrw,5
k6q4q59d,0jm3r3z8,9d3rmogd,z2718j02,None,2
k6q4q59d,0jm3r3z8,9d3rmogd,n2yg8yz2,None,1
k6q4q59d,0jm3r3z8,o6glg48d,7kj6v1z2,None,1
k6q4q59d,0jm3r3z8,o6glg48d,7kj6v1z2,None,1
k6q4q59d,0jm3r3z8,w6jl255d,02qm69yd,None,2
k6q4q59d,0jm3r3z8,o6glg48d,5dwgj40k,None,1
k6q4q59d,0jm3r3z8,o6glg48d,5dwgj40k,None,1
k6q4q59d,0jm3r3z8,j1lwlj6g,5dwym0ek,None,3
k6q4q59d,0jm3r3z8,j1lrjz1g,vdo4w7o2,xd464o89,2
k6q4q59d,0jm3r3z8,j1lrjz1g,vdo4w7o2,gdrjmzew,2
k6q4q59d,0jm3r3z8,j1lrjz1g,jdz56wgd,None,2
k6q4q59d,0jm3r3z8,576rr568,zd3ynzn2,69zryv4d,2
k6q4q59d,0jm3r3z8,9dojze6p,rklg4ywd,rw6v8069,2
k6q4q59d,0jm3r3z8,9dojze6p,rklg4ywd,nwl6qjgw,2
k6q4q59d,0jm3r3z8,576rr568,zd3ynzn2,kwjyxm1w,3
k6q4q59d,0jm3r3z8,o6glg48d,7dg686lk,xd036m1d,1
k6q4q59d,0jm3r3z8,o6glg48d,7dg686lk,495lxojd,1
k6q4q59d,0jm3r3z8,o6glg48d,7dg686lk,z98g4ylw,1
k6q4q59d,0jm3r3z8,o6glg48d,7dg686lk,69zneyo9,1
k6q4q59d,0jm3r3z8,o6glg48d,7dg686lk,owoqvxod,1
k6q4q59d,0jm3r3z8,o6glg48d,7dg686lk,rdq5421d,1
k6q4q59d,0jm3r3z8,o6glg48d,7dg686lk,gdr16mzw,1
k6q4q59d,0jm3r3z8,o6glg48d,7dg686lk,rdn246vd,1
k6q4q59d,0jm3r3z8,o6glg48d,7dg686lk,ywemxrrd,1
k6q4q59d,0jm3r3z8,o6glg48d,7dg686lk,n93yzved,1
k6q4q59d,0jm3r3z8,o6glg48d,7dg686lk,ldy8lnzw,1
k6q4q59d,0jm3r3z8,o6glg48d,7dg686lk,nwlp4qr9,1
k6q4q59d,0jm3r3z8,o6glg48d,7dg686lk,r9g1q0k9,1
k6q4q59d,0jm3r3z8,o6glg48d,7dg686lk,xd4rg4p9,2
k6q4q59d,0jm3r3z8,9d3000dl,xd1v5w4d,xd04qgxw,6
k6q4q59d,0jm3r3z8,j1n2k91p,z271wr02,495m8k0w,5
k6q4q59d,0jm3r3z8,j1n2k91p,z271wr02,rdqn1zkd,5
k6q4q59d,0jm3r3z8,j1n2k91p,z271wr02,o9xxl109,4
k6q4q59d,0jm3r3z8,j1n2k91p,z271wr02,5d723ygw,4
k6q4q59d,0jm3r3z8,o1yx446q,zdn8ow7d,n93m4zed,2
k6q4q59d,0jm3r3z8,o1yx446q,zdn8ow7d,rw6mo579,7
k6q4q59d,0jm3r3z8,o1yx446q,z2763o0d,None,5
k6q4q59d,0jm3r3z8,9d3000dl,wk683xo2,None,3
k6q4q59d,0jm3r3z8,9d3000dl,xd1v5w4d,n93m47nd,4
k6q4q59d,0jm3r3z8,9d3000dl,xd1v5w4d,rw6mo4r9,5
k6q4q59d,0jm3r3z8,o1yx446q,zdn8ow7d,xd04q61w,12
k6q4q59d,0jm3r3z8,m1zj5vz6,q257pmwd,y9m84x0d,1
k6q4q59d,0jm3r3z8,9d3rmogd,z2718j02,None,1
k6q4q59d,0jm3r3z8,9d3rmogd,z2718j02,None,1
k6q4q59d,0jm3r3z8,9d3rmogd,z2718j02,None,1
k6q4q59d,0jm3r3z8,9d3rmogd,z2718j02,None,1
k6q4q59d,0jm3r3z8,9d3rmogd,n2yg8yz2,None,1
k6q4q59d,0jm3r3z8,9d3rmogd,z2718j02,None,1
k6q4q59d,0jm3r3z8,w6jl255d,zd3ozjyd,None,2
k6q4q59d,0jm3r3z8,w6jl255d,zd3ozjyd,None,1
k6q4q59d,0jm3r3z8,o6glg48d,7kj6v1z2,None,1
k6q4q59d,0jm3r3z8,o6glg48d,5dwgj40k,None,1
k6q4q59d,0jm3r3z8,o6glg48d,7kj6v1z2,None,1
k6q4q59d,0jm3r3z8,o6glg48d,7kj6v1z2,None,1
k6q4q59d,0jm3r3z8,o6glg48d,7kj6v1z2,None,1
k6q4q59d,0jm3r3z8,o6glg48d,7kj6v1z2,None,1
k6q4q59d,0jm3r3z8,o6glg48d,7kj6v1z2,None,1
k6q4q59d,0jm3r3z8,o6glg48d,7kj6v1z2,None,2
k6q4q59d,0jm3r3z8,o6glg48d,7kj6v1z2,None,1
k6q4q59d,0jm3r3z8,o6glg48d,7kj6v1z2,None,1
k6q4q59d,0jm3r3z8,o6glg48d,7kj6v1z2,None,1
k6q4q59d,0jm3r3z8,o6glg48d,7kj6v1z2,None,2
k6q4q59d,0jm3r3z8,o6glg48d,7kj6v1z2,None,4
k6q4q59d,0jm3r3z8,w6jl255d,zd3ozjyd,None,2
k6q4q59d,0jm3r3z8,9d3rmogd,z2718j02,None,4
k6q4q59d,0jm3r3z8,9d3rmogd,n2yg8yz2,None,1
k6q4q59d,0jm3r3z8,m1zm8360,jdre0jxk,None,1
k6q4q59d,0jm3r3z8,m1zm8360,zd30leed,None,1
k6q4q59d,0jm3r3z8,y65ge8de,7kjzee4d,xd4j6y2d,1
k6q4q59d,0jm3r3z8,9d3rmogd,7kj6mwn2,kwjvm4rw,1
k6q4q59d,0jm3r3z8,9d3rmogd,n2yg8zz2,5d720q5w,1
k6q4q59d,0jm3r3z8,m1zj5vz6,q257pmwd,5wkp46xd,1
k6q4q59d,0jm3r3z8,9d3rmogd,7kj6mwn2,495m0x2w,2
k6q4q59d,0jm3r3z8,9d3rmogd,7kj6mwn2,o9xxvr69,2
k6q4q59d,0jm3r3z8,9d3rmogd,7kj6mwn2,r9g7oqq9,2
k6q4q59d,0jm3r3z8,9d3rmogd,7kj6mwn2,r9g7oqq9,2
k6q4q59d,0jm3r3z8,9d3rmogd,wk68zyq2,r9g7oqq9,2
k6q4q59d,0jm3r3z8,m1zm8360,9kvpjzek,y9mq31d5,1
k6q4q59d,0jm3r3z8,9d3rmogd,wk68zyq2,owo3v4vw,2
k6q4q59d,0jm3r3z8,m1zm8360,9kvpjzek,xd0ry1dq,2
k6q4q59d,0jm3r3z8,m1zm8360,9kvpjzek,5wkzoqw4,1
k6q4q59d,0jm3r3z8,9d3rmogd,z2718j02,None,2
k6q4q59d,0jm3r3z8,9d3rmogd,wk68zyq2,rdqnv4md,1
k6q4q59d,0jm3r3z8,3dx29841,xk9eyo42,None,3
k6q4q59d,0jm3r3z8,m1zm8360,7kj6mnn2,xd1er6wo,1
k6q4q59d,0jm3r3z8,m1zm8360,7kj6mnn2,ewpmyzwn,1
k6q4q59d,0jm3r3z8,m1zm8360,7kj6mnn2,y9mq31d5,1
k6q4q59d,0jm3r3z8,m1zm8360,7kj6mnn2,5wkzoqw4,1
k6q4q59d,0jm3r3z8,m1zm8360,7kj6mnn2,592glrw6,1
k6q4q59d,0jm3r3z8,m1zm8360,7kj6mnn2,29vexndv,1
k6q4q59d,0jm3r3z8,m1zm8360,7kj6mnn2,xd47zpdm,1
k6q4q59d,0jm3r3z8,m1zm8360,7kj6mnn2,xd0ry1dq,1
k6q4q59d,0jm3r3z8,m1zm8360,7kj6mnn2,n935eew0,1
k6q4q59d,0jm3r3z8,m1zm8360,zdnwo3ed,None,3
k6q4q59d,0jm3r3z8,9d3rmogd,wk68zyq2,o9xxvr69,2
k6q4q59d,0jm3r3z8,9d3rmogd,wk68zyq2,495m0x2w,2
k6q4q59d,0jm3r3z8,9d3rmogd,wk68zyq2,kwjvm4rw,2
k6q4q59d,0jm3r3z8,m1zm8360,7kj3n742,xd1er6wo,2
k6q4q59d,0jm3r3z8,m1zm8360,9kvpjzek,xd1er6wo,2
k6q4q59d,0jm3r3z8,m1zm8360,9kvpjzek,rw6px797,2
k6q4q59d,0jm3r3z8,9d3rmogd,n2yg8yz2,None,2
k6q4q59d,0jm3r3z8,9d3rmogd,z2718j02,None,2
k6q4q59d,0jm3r3z8,9d3rmogd,wk68zyq2,5d720q5w,1
k6q4q59d,0jm3r3z8,9d3rmogd,wk68zyq2,xd14olqd,2
k6q4q59d,0jm3r3z8,9d3rmogd,z2718j02,None,3
k6q4q59d,0jm3r3z8,9d3rmogd,7kj6mwn2,5d720q5w,1
k6q4q59d,0jm3r3z8,9d3rmogd,7kj6mwn2,xd14olqd,2
k6q4q59d,0jm3r3z8,9d3rmogd,7kj6mwn2,owo3v4vw,2
k6q4q59d,0jm3r3z8,o6gkw812,z271y020,None,2
k6q4q59d,0jm3r3z8,9d3rmogd,zdnlm0x2,None,2
k6q4q59d,0jm3r3z8,k6q4950d,z27opx5d,None,3
k6q4q59d,0jm3r3z8,9d3rn00d,wkp30zj2,yweq2rqw,7
k6q4q59d,0jm3r3z8,9d3rn00d,7dg60pgk,5d72yn5w,6
k6q4q59d,0jm3r3z8,9d3rn00d,wkp30zj2,5d72yn5w,5
k6q4q59d,0jm3r3z8,9d3rn00d,wkp30zj2,69z8py69,6
k6q4q59d,0jm3r3z8,9d3rn00d,wkp30zj2,rdnqo6nd,15
k6q4q59d,0jm3r3z8,268elpk6,jdzwnvgd,None,9
k6q4q59d,0jm3r3z8,m1zm8360,7kj3n742,y9mq31d5,2
k6q4q59d,0jm3r3z8,m1zm8360,7kj3n742,5wkzoqw4,2
k6q4q59d,0jm3r3z8,m1zm8360,7kj3n742,592glrw6,1
k6q4q59d,0jm3r3z8,9d3rmogd,zdnlm0x2,None,2
k6q4q59d,0jm3r3z8,m1zm8360,9kvpjzek,n935eew0,1
k6q4q59d,0jm3r3z8,9d3rn00d,wkp30zj2,owo37zvw,3
k6q4q59d,0jm3r3z8,j1n2k91p,z271wr02,495m8k0w,11
k6q4q59d,0jm3r3z8,o6glg48d,7kj6v1z2,None,6
k6q4q59d,0jm3r3z8,9d3rn00d,wkp30zj2,z98mr17w,13
k6q4q59d,0jm3r3z8,9d3rn00d,wkp30zj2,gdryp58w,11
k6q4q59d,0jm3r3z8,9d3rn00d,wkp30zj2,5wkqky5w,11
k6q4q59d,0jm3r3z8,9d3rn00d,wkp30zj2,59240xgw,4
k6q4q59d,0jm3r3z8,9d3rn00d,wkp30zj2,nwl2grpd,17
k6q4q59d,0jm3r3z8,o6glg48d,7kj6v1z2,None,2
k6q4q59d,0jm3r3z8,o6glg48d,7kj6v1z2,None,3
k6q4q59d,0jm3r3z8,o6glg48d,7kj6v1z2,None,3
k6q4q59d,0jm3r3z8,w6jl255d,q25ezxv2,None,2
k6q4q59d,0jm3r3z8,o6glg48d,5dwgj40k,None,2
k6q4q59d,0jm3r3z8,o6glg48d,mkel1w8d,None,2
k6q4q59d,0jm3r3z8,m1m2oxd2,n2yqywzk,None,3
k6q4q59d,0jm3r3z8,m1m2oxd2,n2yqywzk,None,11
k6q4q59d,0jm3r3z8,m1m2oxd2,5dwpp7ek,None,2
k6q4q59d,0jm3r3z8,m1m2oxd2,9kvpggjk,None,4
k6q4q59d,0jm3r3z8,m1m2oxd2,jdz34wr2,None,6
k6q4q59d,0jm3r3z8,m1m2oxd2,5dwpp7ek,None,3
k6q4q59d,0jm3r3z8,m1m2oxd2,z273wr5d,None,9
k6q4q59d,0jm3r3z8,kdkzjexd,vdo16712,gdr1618w,1
k6q4q59d,0jm3r3z8,kdkzjexd,vdo16712,ldy8l8jw,2
k6q4q59d,0jm3r3z8,m1m2oxd2,jdz34wr2,None,3
k6q4q59d,0jm3r3z8,m1m2oxd2,jdz5l03d,None,1
k6q4q59d,0jm3r3z8,m1m2oxd2,5dwpp7ek,None,3
k6q4q59d,0jm3r3z8,m1m2oxd2,5dwpp7ek,None,1
k6q4q59d,0jm3r3z8,m1m2oxd2,n2yqywzk,None,2
k6q4q59d,0jm3r3z8,m1m2oxd2,jdz34wr2,None,5
k6q4q59d,0jm3r3z8,m1m2oxd2,9kvpggjk,None,6
k6q4q59d,0jm3r3z8,m1m2oxd2,5dwp47nk,None,2
k6q4q59d,0jm3r3z8,m1m2oxd2,5dwpp7ek,None,4
k6q4q59d,0jm3r3z8,9d38w01l,7dg68wxk,rdq11y29,1
k6q4q59d,0jm3r3z8,9d3rmogd,n2yg8yz2,None,3
k6q4q59d,0jm3r3z8,m1zm8360,mke43682,None,3
k6q4q59d,0jm3r3z8,m1zm8360,7kj3n742,rw6px797,1
k6q4q59d,0jm3r3z8,4d7v4ld7,xd1rlr8k,None,1
k6q4q59d,0jm3r3z8,w6j8oe1j,w20zjozd,29vy4rx9,3
k6q4q59d,0jm3r3z8,w6j8oe1j,w20zjozd,495j314w,4
k6q4q59d,0jm3r3z8,w6j8oe1j,jdz319v2,None,2
k6q4q59d,0jm3r3z8,m1zm8360,9kvpjzek,rw6px797,1
k6q4q59d,0jm3r3z8,m1zm8360,9kvpjzek,xd47zpdm,1
k6q4q59d,0jm3r3z8,m1zm8360,rklxey6k,xd1er6wo,2
k6q4q59d,0jm3r3z8,o1yxkk6q,mkejq0j2,None,2
k6q4q59d,0jm3r3z8,pd0wrm31,rklly9wk,None,3
k6q4q59d,0jm3r3z8,m1zm8360,9kvpjzek,y9mq31d5,3
k6q4q59d,0jm3r3z8,o1yxkk6q,5dwymjlk,None,1
k6q4q59d,0jm3r3z8,576rr568,9kvx5102,rdq0pvgw,1
k6q4q59d,0jm3r3z8,lde3egl6,ndx93pjd,None,2
k6q4q59d,0jm3r3z8,k6q4q59d,wk6nrje2,None,2
k6q4q59d,0jm3r3z8,lde3egl6,wdmx544k,ldy5v3pw,2
k6q4q59d,0jm3r3z8,lde3egl6,wdmx544k,xd4ymkqd,2
k6q4q59d,0jm3r3z8,lde3egl6,wdmx544k,kwj8mv09,3
k6q4q59d,0jm3r3z8,lde3egl6,wdmx544k,nwlyv2o9,2
k6q4q59d,0jm3r3z8,lde3egl6,rkll5ewk,None,3
k6q4q59d,0jm3r3z8,lde3egl6,rkll5ewk,None,4
k6q4q59d,0jm3r3z8,k6q4q59d,q25g50jd,None,1
k6q4q59d,0jm3r3z8,k6q4q59d,wk6nrje2,None,1
k6q4q59d,0jm3r3z8,y65ge8de,7kjzee4d,z986jzgd,2
k6q4q59d,0jm3r3z8,y65ge8de,7kjzee4d,ldyye5kd,1
k6q4q59d,0jm3r3z8,y65ge8de,wdmqwo32,None,1
k6q4q59d,0jm3r3z8,y65ge8de,7kjzee4d,rw64vlr9,2
k6q4q59d,0jm3r3z8,m1zj5vz6,jdr70l02,29v2n7xd,1
k6q4q59d,0jm3r3z8,m1zj5vz6,jdr70l02,5925eq69,1
k6q4q59d,0jm3r3z8,m1zj5vz6,jdr70l02,y9m84x0d,1
k6q4q59d,0jm3r3z8,m1zj5vz6,7kjqy6gd,None,1
k6q4q59d,0jm3r3z8,m1zj5vz6,q257pmwd,29v2n7xd,2
k6q4q59d,0jm3r3z8,m1zj5vz6,q257pmwd,5wkp46xd,2
k6q4q59d,0jm3r3z8,m1zj5vz6,q257pmwd,29v2n7xd,1
k6q4q59d,0jm3r3z8,m1zj5vz6,jdr70l02,5wkp46xd,1
k6q4q59d,0jm3r3z8,m1zj5vz6,q257pmwd,xd1xl2y9,2
k6q4q59d,0jm3r3z8,m1zj5vz6,jdr70l02,y9m84x0d,2
k6q4q59d,0jm3r3z8,m1zj5vz6,jdr70l02,xd1xl2y9,2
k6q4q59d,0jm3r3z8,m1zj5vz6,jdr70l02,ewpr4x4d,1
k6q4q59d,0jm3r3z8,m1zj5vz6,q257pmwd,y9m84x0d,3
k6q4q59d,0jm3r3z8,m1zj5vz6,q257pmwd,ewpr4x4d,2
k6q4q59d,0jm3r3z8,m1zj5vz6,7kjqy6gd,None,3
k6q4q59d,0jm3r3z8,46w33ln1,jdrxv0ld,None,5
k6q4q59d,0jm3r3z8,j1lrjz1g,wkpy6zvk,z98jyk1w,2
k6q4q59d,0jm3r3z8,j1lrjz1g,wkpy6zvk,rw6v8669,2
k6q4q59d,0jm3r3z8,j1lrjz1g,vdo4w7o2,xd00m5jd,2
k6q4q59d,0jm3r3z8,j1lrjz1g,wkpy6zvk,rdn56y5d,2
k6q4q59d,0jm3r3z8,j1lrjz1g,vdo4w7o2,rdn56y5d,2
k6q4q59d,0jm3r3z8,j1lrjz1g,wkpy6zvk,z98jyxrw,2
k6q4q59d,0jm3r3z8,j1lrjz1g,vdo4w7o2,z98jyxrw,2
k6q4q59d,0jm3r3z8,j1lrjz1g,vdo4w7o2,z98jyk1w,2
k6q4q59d,0jm3r3z8,j1lrjz1g,vdo4w7o2,ldyenopw,2
k6q4q59d,0jm3r3z8,j1lrjz1g,vdo4w7o2,n930vjr9,2
k6q4q59d,0jm3r3z8,pdvzpx96,9kv78ojk,y9my2509,2
k6q4q59d,0jm3r3z8,k6q4rqzd,9kv7gzok,5wk8375w,18
k6q4q59d,0jm3r3z8,k6q4rqzd,9kv7gzok,5923y7gd,9
k6q4q59d,0jm3r3z8,k6q4rqzd,9kv7gzok,29vjqq19,7
k6q4q59d,0jm3r3z8,k6q4rqzd,9kv7gzok,xd4nll0w,9
k6q4q59d,0jm3r3z8,k6q4rqzd,9kv7gzok,gdrgz38w,30
k6q4q59d,0jm3r3z8,k6q4rqzd,9kv7gzok,nwln8jpd,17
k6q4q59d,0jm3r3z8,k6q4rqzd,9kv7gzok,69zx1g6d,8
k6q4q59d,0jm3r3z8,k6q4rqzd,9kv7gzok,r9grpgqw,12
k6q4q59d,0jm3r3z8,k6q4rqzd,9kv7gzok,o9xkje6w,16
k6q4q59d,0jm3r3z8,k6q4rqzd,9kv7gzok,495ye12w,13
k6q4q59d,0jm3r3z8,k6q4rqzd,9kv7gzok,rdqgekm9,6
k6q4q59d,0jm3r3z8,k6q4rqzd,9kv7gzok,5d7lgm59,8
k6q4q59d,0jm3r3z8,k6q4rqzd,9kv7gzok,xd16npz9,20
k6q4q59d,0jm3r3z8,o1yxkk6q,7dg9o9lk,None,1
k6q4q59d,0jm3r3z8,k6q4rqzd,jdz74z3k,None,91
k6q4q59d,0jm3r3z8,k6q4rqzd,q253pzyk,None,34
k6q4q59d,0jm3r3z8,k6q4rqzd,jdz74z3k,None,15
k6q4q59d,0jm3r3z8,k6q4rqzd,xk986z42,None,17
k6q4q59d,0jm3r3z8,k6q4rqzd,9d8xw932,rdnrvr6w,6
k6q4q59d,0jm3r3z8,k6q4rqzd,zd38mevk,rdnrvr6w,9
k6q4q59d,0jm3r3z8,k6q4rqzd,xk986z42,None,43
k6q4q59d,0jm3r3z8,k6q4rqzd,xd1lxp4k,5928zy69,10
k6q4q59d,0jm3r3z8,m1zm8360,9kvpjzek,592glrw6,2
k6q4q59d,0jm3r3z8,m1zj5vz6,jdr70l02,ewpr4x4d,1
k6q4q59d,0jm3r3z8,m1zj5vz6,q257pmwd,xd1xl2y9,2
k6q4q59d,0jm3r3z8,m1zj5vz6,q257pmwd,y9m84x0d,1
k6q4q59d,0jm3r3z8,m1zj5vz6,q257pmwd,5925eq69,2
k6q4q59d,0jm3r3z8,m1zj5vz6,q257pmwd,xd1xl2y9,3
k6q4q59d,0jm3r3z8,m1zj5vz6,q257pmwd,ewpr4x4d,2
k6q4q59d,0jm3r3z8,m1zj5vz6,q257pmwd,5925eq69,2
k6q4q59d,0jm3r3z8,m1zj5vz6,jdr70l02,xd1xl2y9,2
k6q4q59d,0jm3r3z8,m1zj5vz6,q257pmwd,5925eq69,2
k6q4q59d,0jm3r3z8,m1zj5vz6,q257pmwd,ewpr4x4d,2
k6q4q59d,0jm3r3z8,m1zj5vz6,jdr70l02,ewpr4x4d,1
k6q4q59d,0jm3r3z8,76rpgq18,5dwygjgk,ywe830qw,4
k6q4q59d,0jm3r3z8,76rpgq18,5dwygjgk,nwl7z0p9,3
k6q4q59d,0jm3r3z8,76rpgq18,5dwygjgk,69z4676w,3
k6q4q59d,0jm3r3z8,9d38w01l,7dg8yv72,xd0kl109,3
k6q4q59d,0jm3r3z8,9d38w01l,7dg8yv72,rdq11y29,1
k6q4q59d,0jm3r3z8,369p80g1,9d8gl7wk,xd4xxlp9,5
k6q4q59d,0jm3r3z8,369p80g1,9d8gl7wk,xd0xx81d,3
k6q4q59d,0jm3r3z8,369p80g1,9d8gl7wk,rw633z7w,3
k6q4q59d,0jm3r3z8,369p80g1,9d8gl7wk,n938gzzw,2
k6q4q59d,0jm3r3z8,369p80g1,824r8yed,ywen8xrw,2
k6q4q59d,0jm3r3z8,m1zj5vz6,jdr70l02,xd1xl2y9,2
k6q4q59d,0jm3r3z8,46w33ln1,8246gond,None,10
k6q4q59d,0jm3r3z8,46wow91r,wk6pl6ed,None,2
k6q4q59d,0jm3r3z8,46w33ln1,7dgrnmpk,None,9
k6q4q59d,0jm3r3z8,46w33ln1,02qo3x9k,None,7
k6q4q59d,0jm3r3z8,lde30on6,7kjqx4gd,29v247ld,1
k6q4q59d,0jm3r3z8,lde30on6,wkpv75jk,None,9
k6q4q59d,0jm3r3z8,268ep996,rklq76q2,None,4
k6q4q59d,0jm3r3z8,m1mxzgj6,ndx1gmr2,None,9
k6q4q59d,0jm3r3z8,m1mxzgj6,w20ylw5k,None,4
k6q4q59d,0jm3r3z8,268ep996,02ql80zk,5d74qeqd,3
k6q4q59d,0jm3r3z8,268ep996,02ql80zk,kwjz4809,2
k6q4q59d,0jm3r3z8,268ep996,02ql80zk,owo64ejw,2
k6q4q59d,0jm3r3z8,268ep996,02ql80zk,xd12l3zw,2
k6q4q59d,0jm3r3z8,lde30on6,jdr7zrn2,None,4
k6q4q59d,0jm3r3z8,268ep996,02ql80zk,rdq743o9,4
k6q4q59d,0jm3r3z8,j1nvnl6p,z2736mgd,None,3
k6q4q59d,0jm3r3z8,4d722r67,w20y7o8k,None,12
k6q4q59d,0jm3r3z8,4d722r67,w20y7o8k,None,21
k6q4q59d,0jm3r3z8,j1lrjz1g,wkpy6zvk,nwl6q8ow,2
k6q4q59d,0jm3r3z8,9dowrge1,jdr7n702,None,4
k6q4q59d,0jm3r3z8,j1lrjz1g,vdo4w7o2,nwl6q8ow,2
k6q4q59d,0jm3r3z8,om1mqkd2,wk6poord,None,6
k6q4q59d,0jm3r3z8,om1mqkd2,xk9g5oyd,None,4
k6q4q59d,0jm3r3z8,369p80g1,824r8yed,xd4xxlp9,5
k6q4q59d,0jm3r3z8,j1lwlj6g,xk9jogyd,29v3k4xw,3
k6q4q59d,0jm3r3z8,w6jrq2dj,vdoq3xyk,None,7
k6q4q59d,0jm3r3z8,m1m2oxd2,9kvpggjk,None,10
k6q4q59d,0jm3r3z8,4d7zzr67,9d8pwewk,None,9
k6q4q59d,0jm3r3z8,4d7zzr67,w20zz1vd,None,7
k6q4q59d,0jm3r3z8,4d7zzr67,824xojed,None,5
k6q4q59d,0jm3r3z8,4d7zzr67,vdo44q12,None,7
k6q4q59d,0jm3r3z8,4d7zzr67,02qgxm7d,None,6
k6q4q59d,0jm3r3z8,4d7zzr67,jdz346r2,None,4
k6q4q59d,0jm3r3z8,m1m2oxd2,5dwpp7ek,None,3
k6q4q59d,0jm3r3z8,m1m2oxd2,5dwp47nk,None,5
k6q4q59d,0jm3r3z8,m1m2oxd2,jdz5l03d,None,4
k6q4q59d,0jm3r3z8,4d7zzr67,9d8pwewk,None,25
k6q4q59d,0jm3r3z8,4d7zzr67,02qgxm7d,None,3
k6q4q59d,0jm3r3z8,m1m2oxd2,jdz34wr2,None,4
k6q4q59d,0jm3r3z8,m1m2oxd2,n2yqywzk,None,8
k6q4q59d,0jm3r3z8,m1m2oxd2,n2yqywzk,None,4
k6q4q59d,0jm3r3z8,m1m2oxd2,jdz34wr2,None,1
k6q4q59d,0jm3r3z8,m1m2oxd2,jdz34wr2,None,3
k6q4q59d,0jm3r3z8,m1m2oxd2,5dwp47nk,None,2
k6q4q59d,0jm3r3z8,m1m2oxd2,9kvpggjk,None,15
k6q4q59d,0jm3r3z8,m1m2oxd2,5dwp47nk,None,1
k6q4q59d,0jm3r3z8,m1m2oxd2,n2yqywzk,None,2
k6q4q59d,0jm3r3z8,m1m2oxd2,n2yqywzk,None,2
k6q4q59d,0jm3r3z8,4d7v4ld7,xd1rlr8k,None,4
k6q4q59d,0jm3r3z8,w6jl9l5d,vdo36r1d,None,4
k6q4q59d,0jm3r3z8,w6jl9l5d,7dgrw9lk,None,2
k6q4q59d,0jm3r3z8,w6jl9l5d,5dw5m70d,None,2
k6q4q59d,0jm3r3z8,9d38w01l,02ql3yky,None,3
k6q4q59d,0jm3r3z8,9d38w01l,7dg68wxk,rdnor7qw,4
k6q4q59d,0jm3r3z8,o1yxkk6q,n2yj5e82,None,2
k6q4q59d,0jm3r3z8,46wron1r,9d8oeq2n,None,20
k6q4q59d,0jm3r3z8,4d799vn1,wkpo1m02,None,2
k6q4q59d,0jm3r3z8,4d799vn1,jdrxl8xd,None,9
k6q4q59d,0jm3r3z8,v1pjy718,wdm754dq,None,4
k6q4q59d,0jm3r3z8,j1n0zydp,9kvj563k,None,2
k6q4q59d,0jm3r3z8,m1m2oxd2,jdz34wr2,None,5
k6q4q59d,0jm3r3z8,j1lwlj6g,xk9jogyd,r9g23yjd,2
k6q4q59d,0jm3r3z8,j1lwlj6g,xk9jogyd,69z3r5od,4
k6q4q59d,0jm3r3z8,369l3g6l,zd3lezyd,None,60
k6q4q59d,0jm3r3z8,369l3g6l,wdm4jpxd,None,7
k6q4q59d,0jm3r3z8,369l3g6l,9kvjzeok,None,5
k6q4q59d,0jm3r3z8,9doqpm1p,q2586wv2,None,3
k6q4q59d,0jm3r3z8,j1lrjz1g,824pj0w2,None,3
k6q4q59d,0jm3r3z8,m1m2oxd2,jdz34wr2,None,9
k6q4q59d,0jm3r3z8,m1m2oxd2,5dwpp7ek,None,2
k6q4q59d,0jm3r3z8,o1yxkk6q,mkejq0j2,None,3
k6q4q59d,0jm3r3z8,46wow91r,wk6pl6ed,None,2
k6q4q59d,0jm3r3z8,369n98dl,9d8j5n6k,None,5
k6q4q59d,0jm3r3z8,76rlre68,zd3nzekn,None,2
k6q4q59d,0jm3r3z8,3dxxe5dy,n2y13oz2,None,7
k6q4q59d,0jm3r3z8,k6qxno1g,z273450d,None,4
k6q4q59d,0jm3r3z8,w6jw021j,824pl132,None,1
k6q4q59d,0jm3r3z8,4d7zzr67,w20zz1vd,None,7
k6q4q59d,0jm3r3z8,76rpgq18,5dwygjgk,r9g3n6qw,1
k6q4q59d,0jm3r3z8,4d7zzr67,ndx88p1k,None,8
k6q4q59d,0jm3r3z8,j1n2k91p,q2583ow2,None,10
k6q4q59d,0jm3r3z8,w6jrq2dj,wdm48v5d,None,9
k6q4q59d,0jm3r3z8,j1lrjz1g,vdo4w7o2,rw6v8669,3
k6q4q59d,0jm3r3z8,9dojze6p,824ezwk5,None,2
k6q4q59d,0jm3r3z8,j1l09e1g,rkleg582,None,6
k6q4q59d,0jm3r3z8,j1l09e1g,ndxp83v2,None,1
k6q4q59d,xz7kgp0j,lde3zyx6,vdo8wjvk,None,12
k6q4q59d,xz7kgp0j,y65525e6,q251p58d,None,3
k6q4q59d,xz7kgp0j,k6q4q59d,wk6nrje2,None,4
k6q4q59d,xz7kgp0j,k6q4q59d,wk6nrje2,None,5
k6q4q59d,xz7kgp0j,lde3zyx6,n2yg9072,None,6
k6q4q59d,xz7kgp0j,lde3zyx6,n2yg9072,None,9
k6q4q59d,kj994wrj,nd2e9z3d,ndx7xx52,None,15
k6q4q59d,kj994wrj,k6q4q59d,wk6nrje2,None,5
k6q4q59d,kj994wrj,y654rped,7kjqzngd,None,94
k6q4q59d,5j5mm3w8,j1llmee1,wk6nv3p2,None,2
k6q4q59d,5j5mm3w8,j1llmee1,wk6nv3p2,None,2
k6q4q59d,5j5mm3w8,w6j7kw26,9kvlne02,None,2
k6q4q59d,5j5mm3w8,w6j7kw26,9kvlnle2,None,2
k6q4q59d,5j5mm3w8,w6j7kw26,9kvlne02,None,2
k6q4q59d,5j5mm3w8,w6j7kw26,9kvlnle2,None,2
k6q4q59d,5j5mm3w8,w6j7kw26,9kvlne02,None,2
k6q4q59d,5j5mm3w8,kdkjzl1m,wkpg0vkr,None,2
k6q4q59d,5j5mm3w8,o1y982r6,7dg6r9pk,None,1
k6q4q59d,5j5mm3w8,o1y982r6,wkp3ovw2,None,1
k6q4q59d,5j5mm3w8,o1y982r6,7dg6r9pk,None,1
k6q4q59d,5j5mm3w8,o1y982r6,7dg6r9pk,None,1
k6q4q59d,5j5mm3w8,o1y982r6,7dg6r9pk,None,1
k6q4q59d,5j5mm3w8,o1y982r6,7dg6r9pk,None,1
k6q4q59d,5j5mm3w8,o1y982r6,7dg6r9pk,None,1
k6q4q59d,5j5mm3w8,w6j73ke6,jdznw1gd,None,1
k6q4q59d,5j5mm3w8,pdvz7l46,wdmxlr3k,None,1
k6q4q59d,5j5mm3w8,o6gl9pxd,zdnl97e2,None,1
k6q4q59d,5j5mm3w8,pd0p336e,vdo86qvk,495rv63d,1
k6q4q59d,5j5mm3w8,76rx2yl6,w20vr05k,None,1
k6q4q59d,5j5mm3w8,pdvz7l46,ndx97nvd,None,2
k6q4q59d,5j5mm3w8,pdvz7l46,w20gvnok,None,2
k6q4q59d,5j5mm3w8,369kx3dl,zdnq73ed,None,1
k6q4q59d,5j5mm3w8,yd4oxpk1,vdoxeood,None,1
k6q4q59d,5j5mm3w8,3dx2xzg1,xd1gvnzd,None,1
k6q4q59d,5j5mm3w8,pd0q2821,jdrr0p0d,None,1
k6q4q59d,5j5mm3w8,o6gne2o1,w205ejzd,None,1
k6q4q59d,5j5mm3w8,268elzo6,wkp3new2,None,1
k6q4q59d,5j5mm3w8,268elzo6,wkp3new2,None,3
k6q4q59d,5j5mm3w8,pd0q5821,n2yv9g82,None,1
k6q4q59d,5j5mm3w8,3dxkk4g1,mkevmy82,None,1
k6q4q59d,5j5mm3w8,j1lqkxv6,rkl079qk,None,1
k6q4q59d,5j5mm3w8,4d70k317,5dwq50dg,None,2
k6q4q59d,5j5mm3w8,pdvjm4dw,9kv7mv0k,None,1
k6q4q59d,5j5mm3w8,pdvjm4dw,9kv7mv0k,None,2
k6q4q59d,5j5mm3w8,j1lljyz1,824jzg32,None,1
k6q4q59d,5j5mm3w8,j1lljyz1,02qm63zd,None,1
k6q4q59d,5j5mm3w8,j1lljyz1,824j9p32,None,1
k6q4q59d,5j5mm3w8,j1lqkxv6,9kvrz132,None,1
k6q4q59d,5j5mm3w8,k6qwo0x6,5dwx70l2,None,2
k6q4q59d,5j5mm3w8,k6qwo0x6,5dwx70l2,None,3
k6q4q59d,5j5mm3w8,k6qwo0x6,5dwx70l2,None,2
k6q4q59d,5j5mm3w8,k6qwo0x6,5dwx70l2,None,2
k6q4q59d,5j5mm3w8,k6qwo0x6,5dwx70l2,None,2
k6q4q59d,5j5mm3w8,k6qwo0x6,5dwx70l2,None,2
k6q4q59d,5j5mm3w8,pdvjm4dw,xk98ny62,None,2
k6q4q59d,5j5mm3w8,j1nel3w1,824jjen2,None,2
k6q4q59d,5j5mm3w8,j1nel3w1,9d8ee8ld,None,1
k6q4q59d,5j5mm3w8,j1nel3w1,xd144owd,None,1
k6q4q59d,5j5mm3w8,pdvjm4dw,xk98ny62,None,1
k6q4q59d,5j5mm3w8,j1nno91p,rklgmv6d,None,3
k6q4q59d,5j5mm3w8,k6q49eod,zd381z8k,None,1
k6q4q59d,5j5mm3w8,k6q49eod,zd381z8k,None,1
k6q4q59d,5j5mm3w8,k6q49eod,zd381z8k,None,1
k6q4q59d,5j5mm3w8,k6q49eod,zd381z8k,None,1
k6q4q59d,5j5mm3w8,k6q49eod,zd381z8k,None,2
k6q4q59d,5j5mm3w8,j1n8rn91,wdmmjxxd,None,1
k6q4q59d,5j5mm3w8,76rx8xe6,7dg0y3lk,None,3
k6q4q59d,5j5mm3w8,yd4k0856,z275zjok,None,3
k6q4q59d,5j5mm3w8,pd0wv9l1,7dg6n6pk,None,1
k6q4q59d,5j5mm3w8,pd0wv9l1,7dg6n6pk,None,1
k6q4q59d,5j5mm3w8,pd0wv9l1,7dg6n6pk,None,1
k6q4q59d,5j5mm3w8,v1po92z6,7kj8lzgd,None,1
k6q4q59d,5j5mm3w8,9d38qgw1,zdno7vn2,None,1
k6q4q59d,5j5mm3w8,w6jzz21j,wdmzn932,None,10
k6q4q59d,5j5mm3w8,268wvv96,q25115gd,None,1
k6q4q59d,5j5mm3w8,j1lmevdg,jdz5306d,None,1
k6q4q59d,5j5mm3w8,j1lmevdg,jdrpq6l2,None,1
k6q4q59d,5j5mm3w8,j1lmevdg,jdz5306d,None,1
k6q4q59d,5j5mm3w8,j1lmevdg,jdz5306d,None,1
k6q4q59d,5j5mm3w8,j1lmevdg,jdrpq6l2,None,1
k6q4q59d,5j5mm3w8,j1lmevdg,jdrpq6l2,None,1
k6q4q59d,5j5mm3w8,o1yj4gr1,xk95vl42,None,2
k6q4q59d,5j5mm3w8,9d38v4w1,7kjl6rn2,None,1
k6q4q59d,5j5mm3w8,4d7nqgn6,w20e3z8d,None,1
k6q4q59d,5j5mm3w8,k6q4nkxd,7kj306g2,None,2
k6q4q59d,5j5mm3w8,k6q4nkxd,ndx5xpok,None,2
k6q4q59d,5j5mm3w8,j1llewv1,zdny4wqk,n93xrz79,2
k6q4q59d,5j5mm3w8,j1llewv1,zdny4wqk,5wkm3e5d,1
k6q4q59d,5j5mm3w8,j1llewv1,5dw9q5n2,None,2
k6q4q59d,5j5mm3w8,j1llewv1,wk60r7rk,None,1
k6q4q59d,5j5mm3w8,nd20ke60,xd149lzd,None,1
k6q4q59d,5j5mm3w8,nd20ke60,xd149lzd,None,1
k6q4q59d,5j5mm3w8,yd48w56e,jdrp8mg2,None,56
k6q4q59d,5j5mm3w8,o1ypv21q,xd1m7yzd,None,1
k6q4q59d,5j5mm3w8,o1ypv21q,zd3y79e2,None,1
k6q4q59d,5j5mm3w8,nd20ke60,zd3on8ed,None,2
k6q4q59d,5j5mm3w8,nd20ke60,xd149lzd,None,1
k6q4q59d,5j5mm3w8,nd20ke60,zd3on8ed,None,1
k6q4q59d,5j5mm3w8,nd20ke60,xd149lzd,None,1
k6q4q59d,5j5mm3w8,pd0wx8l1,rklqj3n2,None,5
k6q4q59d,5j5mm3w8,y655e06e,xk90vx4k,None,15
k6q4q59d,5j5mm3w8,k6q4q59d,q25g50jd,None,2
k6q4q59d,5j5mm3w8,yo1yyr1q,5dwj0gkg,None,94
k6q4q59d,5j5mm3w8,k6q4950d,9d8g70qk,None,3
k6q4q59d,5j5mm3w8,k6q4950d,z27opx5d,None,3
k6q4q59d,5j5mm3w8,k6q4950d,z27opx5d,None,3
k6q4q59d,5j5mm3w8,k6q4950d,xk9nymx2,None,4
k6q4q59d,5j5mm3w8,k6q4950d,xk9nymx2,None,3
k6q4q59d,5j5mm3w8,k6q4950d,xd176n8d,None,2
k6q4q59d,5j5mm3w8,o1yxkk6q,n2yj5e82,None,9
k6q4q59d,5j5mm3w8,o1yxkk6q,wkpvl4wk,None,8
k6q4q59d,5j5mm3w8,o1yxkk6q,5dwymjlk,None,3
k6q4q59d,5j5mm3w8,o1yxkk6q,02qo5wzk,None,6
k6q4q59d,5j5mm3w8,o1yxkk6q,mkejq0j2,None,4
k6q4q59d,5j5mm3w8,o1yxkk6q,7dg9o9lk,None,3
k6q4q59d,5j5mm3w8,o1yxkk6q,vdo3v9vd,None,5
k6q4q59d,5j5mm3w8,46w22l6r,wk6oork1,None,87
k6q4q59d,8d351d9x,k6q4q59d,5dw4eggk,None,1
k6q4q59d,xz1o150j,k6q4q59d,5dw4eggk,None,1
k6q4q59d,8ge630yj,y65ky86e,zd36ewed,None,6
k6q4q59d,8ge630yj,y65e436e,jdz31or2,None,10
k6q4q59d,8ge630yj,o1ypx21q,wk6jemod,None,45
k6q4q59d,8ge630yj,kdkz87gd,9d8g5l6k,4954rq3w,5
k6q4q59d,8ge630yj,kdkz87gd,9d8g5l6k,69zzqlg9,5
k6q4q59d,8ge630yj,k6q4q59d,wk6nrje2,None,6
k6q4q59d,8en17md8,k6q4q59d,wk6nrje2,None,9
k6q4q59d,j0nnwgw8,j1llvy71,7dg60mpk,None,2
k6q4q59d,j0nnwgw8,k6q4q59d,wk6nrje2,None,1
k6q4q59d,j0nnwgw8,k6q4q59d,wk6nrje2,None,4
k6q4q59d,j0nnwgw8,k6q4q59d,wk6nrje2,None,3
k6q4q59d,j0nnwgw8,k6q4q59d,wk6nrje2,None,2
k6q4q59d,xyo53vvj,o1yxkk6q,vdo3v9vd,None,14
k6q4q59d,xyo53vvj,o1yxkk6q,02qo5wzk,None,18
k6q4q59d,xyo53vvj,o1yxkk6q,5dwymjlk,None,10
k6q4q59d,xyo53vvj,k6q4q59d,wk6nrje2,None,2
k6q4q59d,xyo53vvj,k6q4q59d,wk6nrje2,None,1
k6q4q59d,xyo53vvj,o1yxkk6q,mkejq0j2,None,29
k6q4q59d,xyo53vvj,o1yxkk6q,n2yj5e82,None,170
k6q4q59d,jprmy958,k6q4q59d,wk6nrje2,None,10
k6q4q59d,x7qmzkr8,k6q4q59d,wk6nrje2,None,7
k6q4q59d,x7qyo7q8,o1y9kpk6,mke7wl62,None,4
k6q4q59d,x7qyo7q8,o1y9kpk6,ndx0lyjd,xd4oo3q9,6
k6q4q59d,x7qyo7q8,o1y9kpk6,ndx0lyjd,owo3gvjw,3
k6q4q59d,x7qyo7q8,o1y9kpk6,mke7wl62,None,10
k6q4q59d,x7qyo7q8,o1y9kpk6,ndx0lyjd,ewp8kvy9,2
k6q4q59d,x7qyo7q8,o1y9kpk6,ndx0lyjd,xd14vozd,2
k6q4q59d,x7qyo7q8,o1y9kpk6,ndx0lyjd,y9m2kvzd,2
k6q4q59d,x7qyo7q8,o1y9kpk6,ndx0lyjd,5wkqgvvw,2
k6q4q59d,x7qyo7q8,k6q4q59d,wk6nrje2,None,4
k6q4q59d,x7qyo7q8,k6q4q59d,wk6nrje2,None,2
k6q4q59d,x7qyo7q8,k6q4q59d,wk6nrje2,None,4
k6q4q59d,x7qyo7q8,o1yxkk6q,02qo5wzk,None,9
k6q4q59d,x7qyo7q8,o1yxkk6q,n2yj5e82,None,26
k6q4q59d,x7qyo7q8,o1yxkk6q,5dwymjlk,None,6
k6q4q59d,x7qyo7q8,o1yxkk6q,mkejq0j2,None,5
k6q4q59d,x7qyo7q8,o1yxkk6q,wkpvl4wk,None,14
k6q4q59d,x7qyo7q8,o1yxkk6q,n2yj5e82,None,21
k6q4q59d,x7qyo7q8,o1yxkk6q,vdo3v9vd,None,8
k6q4q59d,5j5lwknx,nj1nvw6p,9d8v46kn,None,6
k6q4q59d,5j5lwknx,vo6g2n12,zd3yx82n,None,9
k6q4q59d,5j5lwknx,ok6q7odg,824x9wgd,None,6
k6q4q59d,5j5lwknx,y65yg7de,9d8p8n7k,None,5
k6q4q59d,5j5lwknx,8nd2l560,zd3yw82n,None,7
k6q4q59d,5j5lwknx,k6qko96g,xk906lyk,None,4
k6q4q59d,5j5lwknx,qw6jrxdj,xk9gvw4d,None,29
k6q4q59d,5j5lwknx,3dx2xov1,zd3j7xr2,None,5
k6q4q59d,5j5lwknx,o1y9kpk6,mke7wl62,None,7
k6q4q59d,5j5lwknx,o1y9kpk6,mke7wl62,None,8
k6q4q59d,5j5lwknx,o1y9kpk6,xd1qw082,None,3
k6q4q59d,5j5lwknx,o1y9kpk6,wdm66jek,xd14vozd,3
k6q4q59d,5j5lwknx,qw6jrxdj,wdmw6ro2,None,17
k6q4q59d,5j5lwknx,3698v0dl,wk6vnxod,None,5
k6q4q59d,5j5lwknx,nd2w73d0,q25o9r8k,None,12
k6q4q59d,5j5lwknx,m1mx5k62,n2y1yzm2,None,10
k6q4q59d,5j5lwknx,n26877dp,w20zg8dn,None,16
k6q4q59d,5j5lwknx,kyd49x1e,7dggn7d4,None,17
k6q4q59d,5j5lwknx,qw6jqx1j,zdnprxkq,None,7
k6q4q59d,5j5lwknx,kyd49x1e,7dggn7d4,None,8
k6q4q59d,5j5lwknx,xv1p4m18,5dwp4ekg,None,12
k6q4q59d,5j5lwknx,m1mx5k62,xk9gp4d0,None,9
k6q4q59d,5j5lwknx,3dx2xov1,xd1vl0rd,None,2
k6q4q59d,5j5lwknx,m9dozm1p,wdmqx52q,None,10
k6q4q59d,5j5lwknx,29d30ydl,jdz593dv,None,20
k6q4q59d,5j5lwknx,3dx2xov1,zd3j7xr2,None,5
k6q4q59d,5j5lwknx,ok6q7odg,mkelyo9d,None,9
k6q4q59d,5j5lwknx,om1m9k62,wkpy1gkr,None,17
k6q4q59d,5j5lwknx,3698v0dl,xd1lm8k8,None,7
k6q4q59d,5j5lwknx,268e556p,q2583v2o,None,7
k6q4q59d,5j5lwknx,268e556p,z27rnm4d,None,8
k6q4q59d,5j5lwknx,4pdvor1w,z2761w0d,None,23
k6q4q59d,5j5lwknx,3dx2xov1,xd1vl0rd,None,3
k6q4q59d,5j5lwknx,3dx2xov1,xd1vl0rd,None,2
k6q4q59d,5j5lwknx,4pdvor1w,w20w3n5d,None,9
k6q4q59d,5j5lwknx,9dov836p,wkpq838d,None,1
k6q4q59d,5j5lwknx,m1mj5412,jdz93zx2,None,12
k6q4q59d,5j5lwknx,qw6jrxdj,02qpyqpd,None,30
k6q4q59d,5j5lwknx,w6j3gxdj,7kjzm8zd,None,3
k6q4q59d,5j5lwknx,o1yxkk6q,wkpvl4wk,None,16
k6q4q59d,5j5lwknx,j1lqo376,9kv85jed,None,4
k6q4q59d,5j5lwknx,k6qwyx06,9d8lnrq2,None,2
k6q4q59d,5j5lwknx,qw6jrxdj,wkpo3nw2,None,42
k6q4q59d,5j5lwknx,nj1nvw6p,zd36qvdn,None,5
k6q4q59d,5j5lwknx,k6qwyx06,z27v9n52,None,10
k6q4q59d,5j5lwknx,nd2w73d0,q25o9r8k,None,3
k6q4q59d,5j5lwknx,v1plmp68,zd3wzryk,None,4
k6q4q59d,5j5lwknx,3dx2xov1,xd1vl0rd,None,3
k6q4q59d,5j5lwknx,369p90l1,7kj103gk,None,4
k6q4q59d,5j5lwknx,v1plmp68,jdz9xeg2,None,8
k6q4q59d,5j5lwknx,j1lqo376,rkl54e62,None,4
k6q4q59d,5j5lwknx,n4d72367,z2745p52,None,10
k6q4q59d,5j5lwknx,3dx2xov1,9d83xr72,None,3
k6q4q59d,5j5lwknx,qw6jqx1j,n2y7op72,None,6
k6q4q59d,5j5lwknx,qw6jqx1j,xk9lv4k0,None,9
k6q4q59d,5j5lwknx,4pdvor1w,xd13zprk,None,34
k6q4q59d,5j5lwknx,3dx2xov1,xd1j7vwd,None,6
k6q4q59d,5j5lwknx,w6j3gxdj,n2yj8912,None,2
k6q4q59d,5j5lwknx,w6j3gxdj,zdn1n47k,rdqljzow,1
k6q4q59d,5j5lwknx,w6j3gxdj,zdn1n47k,49546kmw,1
k6q4q59d,5j5lwknx,w6j3gxdj,zdn1n47k,o9x4n13d,1
k6q4q59d,5j5lwknx,w6j3gxdj,zdn1n47k,r9gx2yjw,1
k6q4q59d,5j5lwknx,w6j3gxdj,zdn1n47k,69zz3px9,1
k6q4q59d,5j5lwknx,w6j3gxdj,zdn1n47k,gdr2epe9,1
k6q4q59d,5j5lwknx,w6j3gxdj,zdn1n47k,nwl3lgow,1
k6q4q59d,5j5lwknx,w6j3gxdj,zdn1n47k,ywel12l9,1
k6q4q59d,5j5lwknx,w6j3gxdj,zdn1n47k,ldy2y1pw,1
k6q4q59d,5j5lwknx,w6j3gxdj,zdn1n47k,z98n6rr9,1
k6q4q59d,5j5lwknx,j1lqo376,rkl54e62,None,1
k6q4q59d,5j5lwknx,j1lqo376,9kv85jed,None,1
k6q4q59d,5j5lwknx,om1m9k62,9d8gow3k,None,7
k6q4q59d,5j5lwknx,xv1p4m18,q258j8j2,None,8
k6q4q59d,5j5lwknx,268eqy6p,vdooe9dp,None,54
k6q4q59d,5j5lwknx,kyd49x1e,wkp197jk,None,6
k6q4q59d,5j5lwknx,xlde4513,xd1mg7d8,None,14
k6q4q59d,5j5lwknx,v1plmp68,7kjq8nzd,None,10
k6q4q59d,5j5lwknx,o1yypv1q,zd3045nd,None,7
k6q4q59d,5j5lwknx,v1plmp68,n2y39y1d,None,15
k6q4q59d,5j5lwknx,v1plmp68,zd3wzryk,None,6
k6q4q59d,5j5lwknx,v1plmp68,xk9nemg2,None,8
k6q4q59d,5j5lwknx,8m1zpm60,zdnqxedq,None,37
k6q4q59d,5j5lwknx,xkdklg6m,02qj3jdy,None,22
k6q4q59d,5j5lwknx,3695e0dl,zd3nxvkn,None,14
k6q4q59d,5j5lwknx,4pdvor1w,ndxm4nr2,None,13
k6q4q59d,5j5lwknx,kyd49x1e,wk6jrxd1,None,8
k6q4q59d,5j5lwknx,n26877dp,ndx895kq,None,29
k6q4q59d,5j5lwknx,n26877dp,wk6vj1qd,xd4n088w,4
k6q4q59d,5j5lwknx,3dx2xov1,xd1vl0rd,None,3
k6q4q59d,5j5lwknx,n4d72367,jdrpvg26,None,25
k6q4q59d,5j5lwknx,3dx2xov1,9d83xr72,None,2
k6q4q59d,5j5lwknx,3dx2xov1,xd1vl0rd,None,4
k6q4q59d,5j5lwknx,3dx2xov1,zd3j7xr2,None,20
k6q4q59d,5j5lwknx,qw6jrxdj,vdoo1yvd,None,22
k6q4q59d,5j5lwknx,om1mx362,7kjvmgk3,None,273
k6q4q59d,5j5lwknx,om1mx362,wkpn1jdr,None,69
k6q4q59d,5j5lwknx,om1mx362,xd1mrrrd,rdqg5o9x,2
k6q4q59d,5j5lwknx,om1mx362,7kjvmgk3,None,96
k6q4q59d,5j5lwknx,k6q4q59d,wk6nrje2,None,3
k6q4q59d,5j5lwknx,k6q4q59d,wk6nrje2,None,2
k6q4q59d,5j5lwknx,k6q4q59d,wk6nrje2,None,3
k6q4q59d,5j5lwknx,om1mx362,xd1mrrrd,rdnr25wm,2
k6q4q59d,5j5lwknx,om1mx362,xd1mrrrd,592387d6,3
k6q4q59d,5j5lwknx,om1mx362,xd1mrrrd,rdqzmmod,2
k6q4q59d,j4rq6wm8,k6q4q59d,wk6nrje2,None,3
k6q4q59d,x35p427j,j1ner4x1,z27r1wgd,rw6l746w,9
k6q4q59d,x35p427j,o1yxkk6q,n2yj5e82,None,192
k6q4q59d,x35p427j,k6q4q59d,wk6nrje2,None,8
