original_game_id,user_id,game_id,category_id,level_id,position
o1yxvv6q,qxkekp2x,n4d7r172,q254wgdo,None,37
o1yxvv6q,qxkekp2x,n4d7r172,z27g8520,None,11
o1yxvv6q,qxkekp2x,n4d7r172,7wk6prd1,None,110
o1yxvv6q,qxkekp2x,n4d7r172,z27g8520,None,15
o1yxvv6q,qxkekp2x,n4d7r172,w20zmodn,None,16
o1yxvv6q,qxkekp2x,o1yj0pr1,z27w87ok,None,3
o1yxvv6q,qxkekp2x,o1yxvv6q,n2yj37z2,None,13
o1yxvv6q,qxkekp2x,n4d7r172,7wk6prd1,None,111
o1yxvv6q,qxkekp2x,n4d7r172,xn2yqmko,None,32
o1yxvv6q,qxkekp2x,o1yxvv6q,n2yj37z2,None,4
o1yxvv6q,qxkekp2x,o1yxvv6q,n2yj37z2,None,22
o1yxvv6q,qxkekp2x,o1yxvv6q,n2yj37z2,None,9
o1yxvv6q,qxkekp2x,k6qe3m6g,jdr15xx2,None,2
o1yxvv6q,qxkekp2x,268pjodp,w20pzjzk,None,35
o1yxvv6q,qxkekp2x,n4d7r172,q254wgdo,None,46
o1yxvv6q,qxkekp2x,n4d7r172,7wk6prd1,None,174
o1yxvv6q,qxkekp2x,o1yxvv6q,n2yj37z2,None,4
o1yxvv6q,qxkekp2x,j1lnpv6g,zdnwxzed,None,18
o1yxvv6q,zxz2zwnx,o1yxvv6q,7kjzq1nd,None,2
o1yxvv6q,zxz2zwnx,o1yxvv6q,7kjzq1nd,None,4
o1yxvv6q,zxz2zwnx,29d30dlp,nxd1rk8q,None,117
o1yxvv6q,zxz2zwnx,o1yxvv6q,7kjzq1nd,None,4
o1yxvv6q,zxz2zwnx,29d30dlp,l9kvjkgq,None,16
o1yxvv6q,zxz2zwnx,ok6q4mdg,wdm83eo2,None,7
o1yxvv6q,zxz2zwnx,29d30dlp,02q75pdy,None,3
o1yxvv6q,zxz2zwnx,o1yxvv6q,7kjzq1nd,None,12
o1yxvv6q,zxz2zwnx,o1yxvv6q,7kjzq1nd,None,3
o1yxvv6q,zxz2zwnx,29d30dlp,jzd3y2nq,None,42
o1yxvv6q,zxz2zwnx,yo1yv1q5,xk9l5yk0,None,84
o1yxvv6q,zxz2zwnx,29d30dlp,9d8v6j7k,None,10
o1yxvv6q,zxz2zwnx,n4d7r172,w20zmodn,None,11
o1yxvv6q,zxz2zwnx,n4d7r172,q254wgdo,None,42
o1yxvv6q,zxz2zwnx,29d30dlp,9zdne7dq,None,14
o1yxvv6q,zxz2zwnx,29d30dlp,z2771020,None,48
o1yxvv6q,zxz2zwnx,qw6j21jm,ndx8gnok,owok1yod,1
o1yxvv6q,zxz2zwnx,qw6j21jm,ndx8gnok,xd10exe9,1
o1yxvv6q,zxz2zwnx,qw6j21jm,ndx8gnok,5d77k8gd,1
o1yxvv6q,zxz2zwnx,qw6j21jm,ndx8gnok,ywe4klyd,1
o1yxvv6q,zxz2zwnx,qw6j21jm,ndx8gnok,592jg5ow,2
o1yxvv6q,zxz2zwnx,qw6j21jm,ndx8gnok,5wk2zp2w,1
o1yxvv6q,zxz2zwnx,qw6j21jm,ndx8gnok,5d77k4gd,1
o1yxvv6q,zxz2zwnx,qw6j21jm,ndx8gnok,owok16od,1
o1yxvv6q,zxz2zwnx,qw6j21jm,ndx8gnok,kwj7r8zw,2
o1yxvv6q,zxz2zwnx,qw6j21jm,ndx8gnok,xd10e2e9,1
o1yxvv6q,zxz2zwnx,qw6j21jm,ndx8gnok,ewppmrkw,1
o1yxvv6q,zxz2zwnx,qw6j21jm,ndx8gnok,y9meq85d,1
o1yxvv6q,zxz2zwnx,qw6j21jm,ndx8gnok,rdq027kw,1
o1yxvv6q,zxz2zwnx,qw6j21jm,ndx8gnok,495jo50w,1
o1yxvv6q,zxz2zwnx,qw6j21jm,ndx8gnok,o9x2570w,1
o1yxvv6q,zxz2zwnx,qw6j21jm,ndx8gnok,29vye239,1
o1yxvv6q,zxz2zwnx,qw6j21jm,ndx8gnok,xd467x29,1
o1yxvv6q,zxz2zwnx,qw6j21jm,ndx8gnok,ywe4k5yd,1
o1yxvv6q,zxz2zwnx,qw6j21jm,ndx8gnok,nwl6xo0w,1
o1yxvv6q,zxz2zwnx,qw6j21jm,ndx8gnok,n93054n9,1
o1yxvv6q,zxz2zwnx,qw6j21jm,ndx8gnok,z98jv7gw,1
o1yxvv6q,zxz2zwnx,qw6j21jm,ndx8gnok,rdn5jzqd,1
o1yxvv6q,zxz2zwnx,qw6j21jm,ndx8gnok,592jgqow,1
o1yxvv6q,zxz2zwnx,qw6j21jm,ndx8gnok,owok10od,1
o1yxvv6q,zxz2zwnx,qw6j21jm,ndx8gnok,ewppmxkw,1
o1yxvv6q,zxz2zwnx,qw6j21jm,ndx8gnok,y9meqx5d,1
o1yxvv6q,zxz2zwnx,qw6j21jm,ndx8gnok,xd10e7e9,1
o1yxvv6q,zxz2zwnx,qw6j21jm,ndx8gnok,nwl6xl0w,1
o1yxvv6q,zxz2zwnx,qw6j21jm,ndx8gnok,r9gz025d,3
o1yxvv6q,zxz2zwnx,qw6j21jm,ndx8gnok,5d77kvgd,1
o1yxvv6q,zxz2zwnx,qw6j21jm,ndx8gnok,o9x2540w,1
o1yxvv6q,zxz2zwnx,qw6j21jm,ndx8gnok,69zrozld,1
o1yxvv6q,zxz2zwnx,qw6j21jm,ndx8gnok,r9gz0x5d,1
o1yxvv6q,zxz2zwnx,qw6j21jm,ndx8gnok,z98jvngw,1
o1yxvv6q,zxz2zwnx,qw6j21jm,ndx8gnok,gdrj426w,1
o1yxvv6q,zxz2zwnx,qw6j21jm,ndx8gnok,xd467229,1
o1yxvv6q,zxz2zwnx,qw6j21jm,ndx8gnok,69zro3ld,1
o1yxvv6q,zxz2zwnx,qw6j21jm,ndx8gnok,ywe4k1yd,1
o1yxvv6q,zxz2zwnx,n4d7r172,wkpjll0k,69zr1m6d,1
o1yxvv6q,zxz2zwnx,n4d7r172,wkpjll0k,rw6v68n9,1
o1yxvv6q,e8e96q7j,ldemon13,mkeyzj26,None,91
o1yxvv6q,e8e96q7j,o6gl7od2,w201g8kn,None,1
o1yxvv6q,e8e96q7j,j1n97wdp,zd358ekn,None,21
o1yxvv6q,e8e96q7j,o6gl7od2,w20pwq5k,5920vrod,1
o1yxvv6q,e8e96q7j,o6gl7od2,w20pwq5k,z98r25gd,1
o1yxvv6q,e8e96q7j,o6gl7od2,w20pwq5k,xd0kvnx9,1
o1yxvv6q,e8e96q7j,o6gl7od2,w20pwq5k,29vm1039,1
o1yxvv6q,e8e96q7j,o6gl7od2,w20pwq5k,5wkkge2w,1
o1yxvv6q,e8e96q7j,o6gl7od2,w20pwq5k,rw6qkgrd,1
o1yxvv6q,e8e96q7j,o6gl7od2,w20pwq5k,xd40ve29,1
o1yxvv6q,e8e96q7j,o6gl7od2,w20pwq5k,n93q2lnw,1
o1yxvv6q,e8e96q7j,76r33256,jdr900xd,None,1
o1yxvv6q,e8e96q7j,nd2j9310,zd3y46e2,None,1
o1yxvv6q,e8e96q7j,nd2j9310,9d8v5w6k,None,1
o1yxvv6q,e8e96q7j,nd2j9310,8248ox3k,None,1
o1yxvv6q,e8e96q7j,nd2j9310,zd3qm0nk,None,1
o1yxvv6q,e8e96q7j,nd2j9310,9d8lwpq2,None,1
o1yxvv6q,e8e96q7j,nd2j9310,xd15xr82,None,1
o1yxvv6q,e8e96q7j,nd2j9310,xd1mwx7d,None,1
o1yxvv6q,e8e96q7j,nd2j9310,824pqom2,None,1
o1yxvv6q,e8e96q7j,3dx27j41,vdo1mv62,None,6
o1yxvv6q,e8e96q7j,9d385g1l,7kj153k3,None,75
o1yxvv6q,e8e96q7j,j1n97wdp,7dg1ngd4,None,49
o1yxvv6q,e8e96q7j,k6q0591g,wk6pxepd,None,4
o1yxvv6q,e8e96q7j,3694e21l,xk9joegd,None,2
o1yxvv6q,e8e96q7j,j1l9qz1g,zd35jnkn,None,19
o1yxvv6q,e8e96q7j,m1zq2m10,wk6ggrd1,None,7
o1yxvv6q,e8e96q7j,m1zq2m10,wdm856x2,None,3
o1yxvv6q,e8e96q7j,4d79w317,xk9jleyd,None,11
o1yxvv6q,e8e96q7j,pdvzq96w,jdrx75d6,None,94
o1yxvv6q,e8e96q7j,pdvzq96w,jdrx75d6,None,131
o1yxvv6q,e8e96q7j,m1z98xd0,zd3jojr2,None,33
o1yxvv6q,e8e96q7j,m1z98xd0,xk9g0wgd,None,2
o1yxvv6q,e8e96q7j,nd2n2qd0,jdz3w3r2,None,8
o1yxvv6q,e8e96q7j,m1z98xd0,jdrxg35d,None,2
o1yxvv6q,e8e96q7j,9d3rr0dl,n2y180m2,None,863
o1yxvv6q,e8e96q7j,369p0g1l,wdmw952q,None,305
o1yxvv6q,e8e96q7j,76r9q568,5dwq75dg,None,11
o1yxvv6q,e8e96q7j,v1pp3z18,q25jmwdo,None,3
o1yxvv6q,e8e96q7j,w6jlxp7d,9d845jqk,None,1
o1yxvv6q,e8e96q7j,w6jl975d,7dgrwmgk,None,1
o1yxvv6q,e8e96q7j,m1m7pp12,ndxnejkq,None,69
o1yxvv6q,e8e96q7j,j1llx41g,wk67vrd1,None,30
o1yxvv6q,e8e96q7j,j1llx41g,wkpnzgdr,None,7
o1yxvv6q,e8e96q7j,o6grwxd2,9d8xwrl2,None,4
o1yxvv6q,e8e96q7j,nd2exped,7dgn1vp2,o9xzp37w,2
o1yxvv6q,e8e96q7j,nd2exped,7dgn1vp2,r9gjv129,2
o1yxvv6q,e8e96q7j,nd2exped,7dgn1vp2,69zqkn49,2
o1yxvv6q,e8e96q7j,nd2exped,7dgn1vp2,ywej6m4d,2
o1yxvv6q,e8e96q7j,nd2exped,7dgn1vp2,nwlyrpg9,2
o1yxvv6q,e8e96q7j,nd2exped,7dgn1vp2,gdr851k9,2
o1yxvv6q,e8e96q7j,nd2exped,7dgn1vp2,ldy5m57w,2
o1yxvv6q,e8e96q7j,nd2exped,7dgn1vp2,rdnlel6w,2
o1yxvv6q,e8e96q7j,nd2exped,7dgn1vp2,495r7m4d,1
o1yxvv6q,e8e96q7j,nd2exped,7kj3l4x2,None,1
o1yxvv6q,e8e96q7j,nd2exped,mke9w16d,rdq3xngw,1
o1yxvv6q,e8e96q7j,nd2exped,mke9w16d,kwj8nv19,1
o1yxvv6q,e8e96q7j,nd2exped,mke9w16d,5d7eo2ew,1
o1yxvv6q,e8e96q7j,nd2exped,mke9w16d,495r7m4d,1
o1yxvv6q,e8e96q7j,nd2exped,7kj3l4x2,None,1
o1yxvv6q,e8e96q7j,nd2exped,5dw4q3lk,5d7eo2ew,1
o1yxvv6q,e8e96q7j,nd2exped,5dw4q3lk,kwj8nv19,1
o1yxvv6q,e8e96q7j,nd2exped,5dw4q3lk,rdq3xngw,1
o1yxvv6q,e8e96q7j,nd2exped,5dw4q3lk,495r7m4d,1
o1yxvv6q,e8e96q7j,nd2exped,7kj3l4x2,None,1
o1yxvv6q,e8e96q7j,nd2exped,7dgn1vp2,rdq3xngw,1
o1yxvv6q,e8e96q7j,nd2exped,7dgn1vp2,5d7eo2ew,1
o1yxvv6q,e8e96q7j,nd2exped,7dgn1vp2,kwj8nv19,1
o1yxvv6q,e8e96q7j,j1n9wydp,jdzv98gk,xd4217rw,1
o1yxvv6q,e8e96q7j,j1n9wydp,jdzv98gk,n93415zd,1
o1yxvv6q,e8e96q7j,j1n9wydp,jdzv98gk,69z25og9,1
o1yxvv6q,e8e96q7j,j1n9wydp,jdzv98gk,r9g4l0p9,1
o1yxvv6q,e8e96q7j,j1n9wydp,jdzv98gk,xd0q1r49,1
o1yxvv6q,e8e96q7j,j1n9wydp,jdzv98gk,z9873vpw,1
o1yxvv6q,e8e96q7j,j1n9wydp,jdzv98gk,rw6o1pgw,1
o1yxvv6q,e8e96q7j,j1n9wydp,jdzv98gk,o9x7g5pd,1
o1yxvv6q,e8e96q7j,j1n9wydp,jdzv98gk,y9mx6qxw,1
o1yxvv6q,e8e96q7j,j1n9wydp,jdzv98gk,592qkg39,1
o1yxvv6q,e8e96q7j,j1n9wydp,jdzv98gk,ewpx3mjd,1
o1yxvv6q,e8e96q7j,j1n9wydp,jdzv98gk,5wk6xzp9,1
o1yxvv6q,e8e96q7j,j1n9wydp,jdzv98gk,69z25yg9,1
o1yxvv6q,e8e96q7j,j1n9wydp,jdzv98gk,ywe5yr7w,1
o1yxvv6q,e8e96q7j,j1n9wydp,jdzv98gk,rdq78p29,1
o1yxvv6q,e8e96q7j,j1n9wydp,jdzv98gk,5d741k6d,1
o1yxvv6q,e8e96q7j,j1n9wydp,jdzv98gk,r9g4lep9,1
o1yxvv6q,e8e96q7j,j1n9wydp,jdzv98gk,o9x7g8pd,1
o1yxvv6q,e8e96q7j,j1n9wydp,jdzv98gk,owo6j1kw,1
o1yxvv6q,e8e96q7j,j1n9wydp,jdzv98gk,kwjzgl79,1
o1yxvv6q,e8e96q7j,j1n9wydp,jdzv98gk,xd0q1m49,2
o1yxvv6q,e8e96q7j,j1n9wydp,jdzv98gk,n9341vzd,1
o1yxvv6q,e8e96q7j,j1n9wydp,jdzv98gk,z9873ypw,1
o1yxvv6q,e8e96q7j,j1n9wydp,jdzv98gk,rw6o18gw,1
o1yxvv6q,e8e96q7j,j1n9wydp,jdzv98gk,rdq78x29,1
o1yxvv6q,e8e96q7j,j1n9wydp,jdzv98gk,5d741n6d,1
o1yxvv6q,e8e96q7j,j1n9wydp,jdzv98gk,29v764l9,1
o1yxvv6q,e8e96q7j,j1n9wydp,jdzv98gk,kwjzgx79,1
o1yxvv6q,e8e96q7j,j1n9wydp,jdzv98gk,592qk239,1
o1yxvv6q,e8e96q7j,j1n9wydp,jdzv98gk,y9mx67xw,1
o1yxvv6q,e8e96q7j,j1n9wydp,jdzv98gk,ewpx31jd,1
o1yxvv6q,e8e96q7j,j1n9wydp,jdzv98gk,5wk6x5p9,1
o1yxvv6q,e8e96q7j,j1n9wydp,jdzv98gk,nwlo5rew,2
o1yxvv6q,e8e96q7j,j1n9wydp,jdzv98gk,owo6jokw,1
o1yxvv6q,e8e96q7j,j1n9wydp,jdzv98gk,r9g4lvp9,1
o1yxvv6q,e8e96q7j,j1n9wydp,jdzv98gk,ywe5y67w,1
o1yxvv6q,e8e96q7j,j1n9wydp,jdzv98gk,o9x7gppd,2
o1yxvv6q,e8e96q7j,j1n9wydp,jdzv98gk,49552739,1
o1yxvv6q,e8e96q7j,j1n9wydp,jdzv98gk,69z25kg9,1
o1yxvv6q,e8e96q7j,m1m7xx12,w20865dn,None,22
o1yxvv6q,e8e96q7j,4d709l17,q255gj2o,None,32
o1yxvv6q,e8e96q7j,v1pyvz18,xd1rlo4k,None,2
o1yxvv6q,e8e96q7j,3dxmm56y,jdrq5qgk,None,1
o1yxvv6q,e8e96q7j,kdkrvl6m,w20z0z8d,None,50
o1yxvv6q,e8e96q7j,m1z98xd0,wkpoj982,None,4
o1yxvv6q,e8e96q7j,m1z98xd0,jdrxg35d,None,1
o1yxvv6q,e8e96q7j,j1l5y46g,wdmqgre2,None,2
o1yxvv6q,e8e96q7j,268w556p,mker6nd6,None,9
o1yxvv6q,e8e96q7j,j1l5y46g,wdmqgre2,None,1
o1yxvv6q,e8e96q7j,268w556p,wkpvx8kr,None,13
o1yxvv6q,e8e96q7j,v1pyvz18,zd3084vd,None,2
o1yxvv6q,e8e96q7j,nd27m510,zd3vwn2n,None,7
o1yxvv6q,e8e96q7j,nd27m510,zd3vwn2n,None,3
o1yxvv6q,e8e96q7j,nd27m510,zd35mykn,None,2
o1yxvv6q,e8e96q7j,nd27m510,5dw3702g,None,2
o1yxvv6q,e8e96q7j,nd27m510,5dw3702g,None,2
o1yxvv6q,e8e96q7j,nd27m510,5dw3702g,None,3
o1yxvv6q,e8e96q7j,nd27m510,zd35mykn,None,2
o1yxvv6q,e8e96q7j,nd27m510,zd35mykn,None,2
o1yxvv6q,e8e96q7j,y650q71e,n2y1yym2,None,2
o1yxvv6q,e8e96q7j,946wj7dr,7wk61rd1,None,14
o1yxvv6q,e8e96q7j,946wj7dr,xn2yjm2o,None,15
o1yxvv6q,e8e96q7j,nd2l9560,jdr1xq52,None,6
o1yxvv6q,e8e96q7j,j1lez46g,rkle3qw2,None,1
o1yxvv6q,e8e96q7j,j1lez46g,5dwqv4ed,None,3
o1yxvv6q,e8e96q7j,o6gnn812,q25846j2,None,5
o1yxvv6q,e8e96q7j,pd09wwde,wkpjw6gk,None,2
o1yxvv6q,e8e96q7j,76r9oe68,jdzl432v,xd43o189,6
o1yxvv6q,e8e96q7j,76rv2v18,z27gyoo2,None,15
o1yxvv6q,e8e96q7j,369prg1l,jdrx6xd6,None,30
o1yxvv6q,e8e96q7j,o1y9wo6q,7dgrrxk4,None,970
o1yxvv6q,e8e96q7j,pd0wq8l1,zd37j6n2,None,1
o1yxvv6q,e8e96q7j,pd0wq8l1,zdn4pwxk,None,2
o1yxvv6q,e8e96q7j,j1n9wydp,n2yj9p12,None,1
o1yxvv6q,e8e96q7j,o1y9wo6q,n2y55mko,None,1239
o1yxvv6q,e8e96q7j,nd2eeqd0,xd1mzwd8,None,24
o1yxvv6q,e8e96q7j,j1n9wydp,w201g88k,None,1
o1yxvv6q,e8e96q7j,v1pyvz18,xd1rlo4k,None,1
o1yxvv6q,e8e96q7j,9d3e8y1l,xd1rmj4k,None,1
o1yxvv6q,e8e96q7j,j1n9wydp,wdm4x95d,None,1
o1yxvv6q,e8e96q7j,j1n9wydp,mkeol66d,None,1
o1yxvv6q,e8e96q7j,9d3mkw6l,7kjz3lxd,None,3
o1yxvv6q,e8e96q7j,9d3mkw6l,n2yjor82,None,3
o1yxvv6q,e8e96q7j,o6gnn812,7dg9nxk4,None,19
o1yxvv6q,e8e96q7j,v1pyvz18,n2yqe41k,None,2
o1yxvv6q,e8e96q7j,v1pyvz18,7kjvo5zk,None,2
o1yxvv6q,e8e96q7j,v1pyvz18,824x1egd,None,2
o1yxvv6q,e8e96q7j,76rqjqd8,vdoq4xvk,None,377
o1yxvv6q,e8e96q7j,pdvowv1w,jdz8vzrd,None,2
o1yxvv6q,e8e96q7j,m1mxgp62,jdrxg0d6,None,20
o1yxvv6q,e8e96q7j,lden35d3,9d8pey7k,None,2
o1yxvv6q,e8e96q7j,lden35d3,02qgm9yd,None,6
o1yxvv6q,e8e96q7j,o1y844dq,xk9l75xk,None,14
o1yxvv6q,e8e96q7j,n2680o1p,jdrx1egd,None,94
o1yxvv6q,e8e96q7j,pd09jvde,n2yq0wzk,None,1
o1yxvv6q,e8e96q7j,369kr0dl,zd3y4xe2,None,3
o1yxvv6q,e8e96q7j,n2680o1p,jdz8p73d,None,26
o1yxvv6q,e8e96q7j,y654lj0d,w20ynyzk,None,1
o1yxvv6q,e8e96q7j,j1ly9zdg,jdrq7wxk,None,7
o1yxvv6q,e8e96q7j,46wy8qdr,9kvzzjdg,None,10
o1yxvv6q,e8e96q7j,j1n40l6p,jdr9mxd6,None,3
o1yxvv6q,e8e96q7j,o6gnxo12,zd37zv2n,None,106
o1yxvv6q,e8e96q7j,76r9oe68,jdzl432v,nwlexpdv,6
o1yxvv6q,e8e96q7j,j1n8xy1p,mke5jpnk,None,112
o1yxvv6q,e8e96q7j,nd2ew3ed,mkezn4nk,None,1
o1yxvv6q,e8e96q7j,nd2ew3ed,5dw5o60d,None,1
o1yxvv6q,e8e96q7j,nd2ew3ed,wk679epd,None,1
o1yxvv6q,e8e96q7j,j1nep291,rklqpr82,None,1
o1yxvv6q,e8e96q7j,y65zy46e,wkponpj2,gdre4q69,4
o1yxvv6q,e8e96q7j,o1yry26q,wdmw5ee2,ewpjm7lw,4
o1yxvv6q,e8e96q7j,o1yry26q,wdmw5ee2,xd17ejqd,4
o1yxvv6q,e8e96q7j,o1yry26q,zdnry872,None,5
o1yxvv6q,e8e96q7j,y65zy46e,wkponpj2,rdn0jpqw,4
o1yxvv6q,e8e96q7j,o1yry26q,wk6wgq21,None,3
o1yxvv6q,e8e96q7j,o1yry26q,z273v15d,None,6
o1yxvv6q,e8e96q7j,o1yry26q,wdmw5ee2,ldyy7ejd,1
o1yxvv6q,e8e96q7j,o1yry26q,wdmw5ee2,n93750nd,1
o1yxvv6q,e8e96q7j,o1yry26q,wdmw5ee2,z986vjgd,5
o1yxvv6q,e8e96q7j,o1yry26q,wdmw5ee2,xd0gr00w,6
o1yxvv6q,e8e96q7j,o1yry26q,wdmw5ee2,rw64pvn9,6
o1yxvv6q,e8e96q7j,o1yry26q,wdmw5ee2,xd4j760d,5
o1yxvv6q,e8e96q7j,o1yry26q,wdmw5ee2,592zg0g9,5
o1yxvv6q,e8e96q7j,o1yry26q,wdmw5ee2,29v3ey1w,4
o1yxvv6q,e8e96q7j,o1yry26q,wdmw5ee2,y9mjq5l9,6
o1yxvv6q,e8e96q7j,o1yry26q,wdmw5ee2,5wkjzk5d,1
o1yxvv6q,e8e96q7j,o1yry26q,wdmw5ee2,owo017vw,1
o1yxvv6q,e8e96q7j,o1yry26q,wdmw5ee2,kwj5l7r9,1
o1yxvv6q,e8e96q7j,76rkv4d8,w20elo5d,None,25
o1yxvv6q,e8e96q7j,j1n2vy1p,02qgx7zd,None,4
o1yxvv6q,e8e96q7j,j1n2vy1p,z277jq02,None,5
o1yxvv6q,e8e96q7j,w6jl8edj,wkpq6jdr,None,4
o1yxvv6q,e8e96q7j,o1yxvv6q,jdr17vg2,None,16
o1yxvv6q,e8e96q7j,om1mx362,n2yp8m2o,None,49
o1yxvv6q,e8e96q7j,om1mx362,wkpn1jdr,None,142
o1yxvv6q,e8e96q7j,om1mx362,wkpn1jdr,None,33
o1yxvv6q,e8e96q7j,y65rn01e,n2y9z8do,None,12
o1yxvv6q,e8e96q7j,v1pgv718,9kv1g0kg,None,1
o1yxvv6q,e8e96q7j,om1mx362,wkpn1jdr,None,34
o1yxvv6q,e8e96q7j,kdkz2edm,rklxj66k,None,182
o1yxvv6q,e8e96q7j,946wq96r,wk6j0xd1,None,67
o1yxvv6q,e8e96q7j,9dow9e1p,q25qqv2o,None,98
o1yxvv6q,e8e96q7j,m1zyjx60,9kv9y02g,None,34
o1yxvv6q,e8e96q7j,om1mx362,7kjvmgk3,None,525
o1yxvv6q,e8e96q7j,m1znyx10,9d8p0zqk,None,6
o1yxvv6q,e8e96q7j,m1znyx10,n2yrxmdo,None,4
o1yxvv6q,e8e96q7j,k6q3rz1g,w201jy5k,None,1
o1yxvv6q,e8e96q7j,k6q3rz1g,wdm4g8od,None,1
o1yxvv6q,e8e96q7j,k6q3rz1g,rkle4jn2,None,2
o1yxvv6q,e8e96q7j,k6q3rz1g,ndxpz1r2,None,1
o1yxvv6q,e8e96q7j,pd0wk21e,z27640d0,None,27
o1yxvv6q,e8e96q7j,pd0wk21e,9kvmqokg,None,16
o1yxvv6q,e8e96q7j,pd0wk21e,8246lmd5,None,27
o1yxvv6q,e8e96q7j,pd0wk21e,02qo9jky,None,8
o1yxvv6q,e8e96q7j,pd0wk21e,824pnem2,None,10
o1yxvv6q,e8e96q7j,j1ngme6p,wk6w70o2,None,13
o1yxvv6q,e8e96q7j,nd2mpq10,xd13n07k,None,1
o1yxvv6q,e8e96q7j,76roll68,w20p8vzk,None,3
o1yxvv6q,e8e96q7j,yd4w0x6e,9d833ll2,None,7
o1yxvv6q,e8e96q7j,xkdkmx1m,xd1rx7wk,None,166
o1yxvv6q,e8e96q7j,xkdkmx1m,5dw578nd,None,91
o1yxvv6q,e8e96q7j,xkdkmx1m,n2y573mk,None,33
o1yxvv6q,e8e96q7j,j1lvz7dg,xd1m5y4d,None,11
o1yxvv6q,e8e96q7j,9d38je1l,xk9rp6k0,None,2
o1yxvv6q,e8e96q7j,3694e21l,jdrp6ql2,None,18
o1yxvv6q,e8e96q7j,9d38je1l,z27r4zd0,None,4
o1yxvv6q,e8e96q7j,3694e21l,xd1mw84d,None,5
o1yxvv6q,e8e96q7j,j1lqme6g,7kj3jz23,None,5
o1yxvv6q,e8e96q7j,y657gede,824m96e2,None,1
o1yxvv6q,e8e96q7j,j1lqme6g,z27r0od0,None,5
o1yxvv6q,e8e96q7j,j1lqme6g,xk9rogk0,None,22
o1yxvv6q,e8e96q7j,ldeml513,7kj9jx23,None,7
o1yxvv6q,e8e96q7j,76rm7418,jdz5nmvd,None,6
o1yxvv6q,e8e96q7j,76rm7418,jdz5nmvd,None,4
o1yxvv6q,e8e96q7j,nd2eeqd0,zd3yzr2n,None,11
o1yxvv6q,e8e96q7j,268pg7dp,mkeym826,None,16
o1yxvv6q,e8e96q7j,yd49zp1e,z2733mgd,None,2
o1yxvv6q,e8e96q7j,m1z44060,mkejoj82,None,3
o1yxvv6q,e8e96q7j,w6j5zx1j,jdrpz402,None,11
o1yxvv6q,e8e96q7j,m1mg2x12,jdz58lvd,None,4
o1yxvv6q,e8e96q7j,j1nxnedp,q254o0vd,None,4
o1yxvv6q,e8e96q7j,9d38pw1l,n2yo81do,None,25
o1yxvv6q,e8e96q7j,9dokge1p,zd3qonkn,None,148
o1yxvv6q,e8e96q7j,369prg1l,q25qw82o,None,37
o1yxvv6q,e8e96q7j,pd0nvw1e,7kjo5z23,None,24
o1yxvv6q,e8e96q7j,pd0nvw1e,zd34oe2n,None,6
o1yxvv6q,e8e96q7j,v1pxy768,n2yo0rmd,None,81
o1yxvv6q,e8e96q7j,y650q71e,wkpr3j2r,None,1
o1yxvv6q,e8e96q7j,y650q71e,wdm7xedq,None,1
o1yxvv6q,e8e96q7j,y650q71e,9kv6lv32,None,1
o1yxvv6q,e8e96q7j,y650q71e,vdon16kp,None,2
o1yxvv6q,e8e96q7j,268zey6p,02q4vx7d,None,64
o1yxvv6q,e8e96q7j,m1m7pp12,9d85oqdn,None,11
o1yxvv6q,e8e96q7j,m1m7pp12,rkln9w2n,None,50
o1yxvv6q,e8e96q7j,yd4w0x6e,824008gd,None,7
o1yxvv6q,e8e96q7j,v1pyvz18,9d8px83k,None,2
o1yxvv6q,e8e96q7j,v1pyvz18,q25ox0gk,None,2
o1yxvv6q,e8e96q7j,268zey6p,jdzlw4r2,None,191
o1yxvv6q,e8e96q7j,v1pyvz18,zd3084vd,None,2
o1yxvv6q,e8e96q7j,v1pyvz18,9d8px83k,None,2
o1yxvv6q,e8e96q7j,v1pyvz18,824x1egd,None,2
o1yxvv6q,e8e96q7j,v1pyvz18,7kjvo5zk,None,2
o1yxvv6q,e8e96q7j,v1pyvz18,q25ox0gk,None,2
o1yxvv6q,e8e96q7j,v1pyvz18,n2yqe41k,None,2
o1yxvv6q,e8e96q7j,v1pp3z18,w2067z2n,None,3
o1yxvv6q,e8e96q7j,v1pp3z18,wkp4xvkr,None,2
o1yxvv6q,e8e96q7j,v1pp3z18,wdmy34dq,None,2
o1yxvv6q,e8e96q7j,v1po3768,824m1w25,None,7
o1yxvv6q,e8e96q7j,76ryne18,vdo08zyd,None,9
o1yxvv6q,e8e96q7j,ldeqqjd3,rklg156d,None,5
o1yxvv6q,e8e96q7j,m1mnojd2,jdz5j13d,None,3
o1yxvv6q,e8e96q7j,m1mnojd2,wk6o5pk1,None,8
o1yxvv6q,e8e96q7j,kdkzmxdm,824g3g25,None,5
o1yxvv6q,e8e96q7j,268kxy6p,9kvpgx3k,None,9
o1yxvv6q,e8e96q7j,268kxy6p,n2yqmyzk,None,2
o1yxvv6q,e8e96q7j,268kxy6p,wk6p47pd,None,8
o1yxvv6q,e8e96q7j,76rv2v18,xk9lgyxk,None,8
o1yxvv6q,e8e96q7j,j1lp5edg,9kvpnyek,None,3
o1yxvv6q,e8e96q7j,j1lp5edg,vdo44n92,None,6
o1yxvv6q,e8e96q7j,j1lp5edg,zd30q7ed,None,6
o1yxvv6q,e8e96q7j,j1lp5edg,xd1r57zk,None,14
o1yxvv6q,e8e96q7j,j1lp5edg,wkpyyr8k,None,7
o1yxvv6q,e8e96q7j,j1nqew1p,xk90ew6k,None,4
o1yxvv6q,e8e96q7j,j1nqew1p,z27g4wz2,None,2
o1yxvv6q,e8e96q7j,j1nqew1p,zdnwlz9d,None,2
o1yxvv6q,e8e96q7j,j1nqew1p,7kjv8g4k,None,5
o1yxvv6q,e8e96q7j,v1pgv718,9d8zz7dn,None,1
o1yxvv6q,e8e96q7j,v1pgv718,7kjzp8xd,None,1
o1yxvv6q,e8e96q7j,nj1n4e6p,02qgxl9d,None,129
o1yxvv6q,e8e96q7j,o6gl7od2,wdm4x5dq,None,1
o1yxvv6q,e8e96q7j,4d70jn17,zdn5redq,None,14
o1yxvv6q,e8e96q7j,v1p88zd8,wk6j4nod,None,2
o1yxvv6q,e8e96q7j,v1p88zd8,n2y1mo72,None,1
o1yxvv6q,e8e96q7j,m1z0xxd0,5dwpqwlk,None,4
o1yxvv6q,e8e96q7j,pdvw8v6w,mke5w66k,None,3
o1yxvv6q,e8e96q7j,yd4wyk6e,5dwp54ek,None,3
o1yxvv6q,e8e96q7j,w6j0n4dj,xk9lx56k,None,4
o1yxvv6q,e8e96q7j,m1mqzkd2,9kvxn482,None,6
o1yxvv6q,e8e96q7j,o6gnxo12,9d8gzlkn,None,58
o1yxvv6q,e8e96q7j,y65jo3de,7kjr9l42,None,10
o1yxvv6q,e8e96q7j,m1z053d0,z277v5z2,None,2
o1yxvv6q,e8e96q7j,o1yk5odq,zdnqyo9d,None,1
o1yxvv6q,e8e96q7j,j1l7pvdg,xd1jo7d8,None,14
o1yxvv6q,e8e96q7j,j1l7pvdg,9d8y86kn,None,42
o1yxvv6q,e8e96q7j,y653x01e,zdnw8n9d,None,4
o1yxvv6q,e8e96q7j,j1l2o76g,wkpjg7wk,None,8
o1yxvv6q,e8e96q7j,9d3knw1l,ndxqeokq,None,6
o1yxvv6q,e8e96q7j,46w3q31r,wk67zod1,None,10
o1yxvv6q,e8e96q7j,9d3knw1l,n2yzv7ko,None,2
o1yxvv6q,e8e96q7j,9d3rr0dl,wk6jz5rd,None,15
o1yxvv6q,e8e96q7j,9j1lk46g,wk6p4pd1,None,36
o1yxvv6q,e8e96q7j,nd2eeqd0,rklgo8dn,None,5
o1yxvv6q,e8e96q7j,9d3rr0dl,jdz8nmvd,None,5
o1yxvv6q,e8e96q7j,9d3e8y1l,vdo9qvdp,None,2
o1yxvv6q,e8e96q7j,pd0qq31e,q2577vdo,None,89
o1yxvv6q,e8e96q7j,3693426l,jdz58rvd,None,1
o1yxvv6q,e8e96q7j,3693426l,02qjoepd,None,2
o1yxvv6q,e8e96q7j,4d709l17,z275r4k0,None,100
o1yxvv6q,e8e96q7j,4d709l17,9d8p777k,None,51
o1yxvv6q,e8e96q7j,j1l9qz1g,q255jw2o,None,208
o1yxvv6q,e8e96q7j,9d3knw1l,wdmj9edq,None,1
o1yxvv6q,e8e96q7j,9d3knw1l,w20o8j2n,None,3
o1yxvv6q,e8e96q7j,3dxmm56y,9d8pqp6k,None,1
o1yxvv6q,e8e96q7j,3dxmm56y,824x7xmd,None,1
o1yxvv6q,e8e96q7j,3dxmm56y,02qgngjd,None,1
o1yxvv6q,e8e96q7j,268zey6p,jdzlw4r2,None,66
o1yxvv6q,e8e96q7j,3697821l,02qeey2y,None,37
o1yxvv6q,e8e96q7j,76r98468,02qj3z9d,None,45
o1yxvv6q,e8e96q7j,9d3rr0dl,wk6jz5rd,None,44
o1yxvv6q,e8e96q7j,9d3rr0dl,wk6jz5rd,None,114
o1yxvv6q,e8e96q7j,l3dx51yv,7dg8z424,None,118
o1yxvv6q,e8e96q7j,9d3v7y6l,9d8p9lqk,None,1
o1yxvv6q,e8e96q7j,9d3v7y6l,xd1rp58k,None,1
o1yxvv6q,e8e96q7j,9d3v7y6l,9kvpznek,None,1
o1yxvv6q,e8e96q7j,46w3jl1r,z27lplgd,None,62
o1yxvv6q,e8e96q7j,yd47epde,w20n8zdn,None,17
o1yxvv6q,e8e96q7j,3dxmm56y,jdz3m332,None,1
o1yxvv6q,e8e96q7j,m1zoemd0,9d8v96lk,None,881
o1yxvv6q,e8e96q7j,9d3v7y6l,zd30eqed,None,1
o1yxvv6q,e8e96q7j,v1pp3z18,vdo9lodp,None,2
o1yxvv6q,e8e96q7j,v1pp3z18,wdmy34dq,None,5
o1yxvv6q,e8e96q7j,nd2wrqd0,wdm6zl3k,ewp041zd,3
o1yxvv6q,e8e96q7j,nd2wrqd0,vdogo92p,None,2
o1yxvv6q,e8e96q7j,nd2wrqd0,wdm6zl3k,5d7zqnvw,4
o1yxvv6q,e8e96q7j,nd2wrqd0,wdm6zl3k,5wk145qd,4
o1yxvv6q,e8e96q7j,nd2wrqd0,wdm6zl3k,495lx3jd,3
o1yxvv6q,e8e96q7j,nd2wrqd0,wdm6zl3k,rdq54p1d,2
o1yxvv6q,e8e96q7j,nd2wrqd0,wdm6zl3k,kwj14xzw,2
o1yxvv6q,e8e96q7j,nd2wrqd0,wdm6zl3k,owoq4oyd,3
o1yxvv6q,e8e96q7j,nd2wrqd0,wdm6zl3k,xd18lk6w,1
o1yxvv6q,e8e96q7j,nd2wrqd0,wdm6zl3k,y9m14719,3
o1yxvv6q,e8e96q7j,nd2wrqd0,wdm6zl3k,592ne2r9,1
o1yxvv6q,e8e96q7j,nd2wrqd0,wdm6zl3k,29v5n4nd,2
o1yxvv6q,e8e96q7j,9d3rr0dl,jdz8nmvd,None,10
o1yxvv6q,e8e96q7j,9d3rr0dl,wk6jz5rd,None,36
o1yxvv6q,e8e96q7j,9d3rr0dl,ndx9y8rd,None,97
o1yxvv6q,e8e96q7j,nd2wrqd0,824n1ek5,None,5
o1yxvv6q,e8e96q7j,nd2wrqd0,824n1ek5,None,4
o1yxvv6q,e8e96q7j,nd2wrqd0,824n1ek5,None,2
o1yxvv6q,e8e96q7j,nd2wrqd0,824n1ek5,None,9
o1yxvv6q,e8e96q7j,268zey6p,zdn0mqq2,None,30
o1yxvv6q,e8e96q7j,9d372g6l,vdo0x51d,None,6
o1yxvv6q,e8e96q7j,9d372g6l,wkpj050k,None,5
o1yxvv6q,e8e96q7j,268zey6p,z27mx502,None,54
o1yxvv6q,e8e96q7j,3dxkk51y,z27oygd0,None,135
o1yxvv6q,e8e96q7j,xkdkmx1m,wk67vord,None,23
o1yxvv6q,e8e96q7j,76r9oe68,n2yvxz2o,None,19
o1yxvv6q,e8e96q7j,76r9oe68,jdzl432v,ywepkqdl,15
o1yxvv6q,e8e96q7j,76r9oe68,jdzl432v,69z0o6d1,10
o1yxvv6q,e8e96q7j,76r9oe68,jdzl432v,o9x0569l,13
o1yxvv6q,e8e96q7j,76r9oe68,jdzl432v,495no29p,13
o1yxvv6q,e8e96q7j,76r9oe68,jdzl432v,rdqq2mdx,13
o1yxvv6q,e8e96q7j,76r9oe68,jdzl432v,5d7rk59y,10
o1yxvv6q,e8e96q7j,76r9oe68,jdzl432v,kwjrlrdg,11
o1yxvv6q,e8e96q7j,76r9oe68,jdzl432v,r9g80qd2,10
o1yxvv6q,7j4vkvlj,k6qw4no6,jdzel1xd,ldyqp6pw,3
o1yxvv6q,7j4vkvlj,m1mx45j6,q25xx8vk,None,1
o1yxvv6q,7j4vkvlj,nj1nee1p,gq254vdo,None,49
o1yxvv6q,7j4vkvlj,o1yxvv6q,jdr17vg2,None,2
o1yxvv6q,7j4vkvlj,29d30dlp,zd30m4yd,rdq0kygw,3
o1yxvv6q,7j4vkvlj,o1yxvv6q,jdr17vg2,None,18
o1yxvv6q,v18qowjn,m9doj36p,gjdrvg26,None,1
o1yxvv6q,v18qowjn,m9doj36p,zjdz932v,None,1
o1yxvv6q,v18qowjn,yo1yq2dq,l9kvoo2g,None,21
o1yxvv6q,v18qowjn,946w971r,xwdmx5kq,None,1
o1yxvv6q,v18qowjn,pdvzelk6,xk9vmnvd,None,8
o1yxvv6q,v18qowjn,om1m3j62,l824gm25,None,1
o1yxvv6q,v18qowjn,946w971r,xw20g8kn,None,1
o1yxvv6q,v18qowjn,jy65041e,l8241m25,None,18
o1yxvv6q,v18qowjn,jy65041e,w9d8x62n,None,12
o1yxvv6q,v18qowjn,xldexx63,9kvp4ekg,None,2
o1yxvv6q,v18qowjn,xldexx63,w5dwglkg,None,1
o1yxvv6q,v18qowjn,xldexx63,wk6pq4ed,None,2
o1yxvv6q,v18qowjn,xldexx63,7dgg91pd,n930gq29,1
o1yxvv6q,v18qowjn,m9doj36p,rklr95nk,None,4
o1yxvv6q,v18qowjn,4d79le31,vdo8xw6k,None,1
o1yxvv6q,v18qowjn,nd2exz5d,wkp106jk,None,1
o1yxvv6q,v18qowjn,yo1y026q,l9kv9o2g,None,4
o1yxvv6q,v18qowjn,268exn56,xd17jr8d,z98n7e79,18
o1yxvv6q,v18qowjn,yd4kmk6e,n2y79l12,None,1
o1yxvv6q,v18qowjn,yd4kmk6e,rklq462n,None,1
o1yxvv6q,v18qowjn,o1yxvv6q,n2yj37z2,None,3
o1yxvv6q,v18qowjn,y657jede,ndxp0312,None,4
o1yxvv6q,v18qowjn,y657jede,ndxp0312,None,17
o1yxvv6q,v18qowjn,pdvxov1w,vdoqlv1k,None,3
o1yxvv6q,v18qowjn,yo1y026q,zdnrxq72,ewpqe2k9,1
o1yxvv6q,v18qowjn,n4d7r172,wkpjll0k,rw6v68n9,2
o1yxvv6q,v18qowjn,29d37g6l,zjdz73kv,None,5
o1yxvv6q,v18qowjn,4d7mnnd7,mke5py9k,5d77j05d,3
o1yxvv6q,v18qowjn,4d7mnnd7,q2546o8d,5d77j05d,1
o1yxvv6q,v18qowjn,29d3w01l,jdz5op6d,None,21
o1yxvv6q,v18qowjn,yo1yq2dq,jzd388kn,None,4
o1yxvv6q,v18qowjn,yo1yq2dq,nxd1l7k8,None,14
o1yxvv6q,v18qowjn,o6gr3xd2,9kvppn8k,None,8
o1yxvv6q,v18qowjn,lde22jd3,jdrq805k,None,7
o1yxvv6q,v18qowjn,j1nyvy6p,jdrqll5k,None,4
o1yxvv6q,v18qowjn,m1mzz3d2,wk6pnwqd,None,3
o1yxvv6q,v18qowjn,9d359g1l,02qg8jyd,None,4
o1yxvv6q,v18qowjn,n4d7r172,p7kjv4k3,None,18
o1yxvv6q,v18qowjn,kdkyvg1m,wdmz8552,rdnoornw,1
o1yxvv6q,v18qowjn,kdkyvg1m,wdmz8552,z98rre7d,2
o1yxvv6q,v18qowjn,kdkyvg1m,wdmz8552,gdrppg8w,1
o1yxvv6q,v18qowjn,kdkyvg1m,wdmz8552,n93qq87w,1
o1yxvv6q,v18qowjn,kdkyvg1m,wdmz8552,rw6qqrnd,1
o1yxvv6q,v18qowjn,lde3zj63,xd1rev7k,rdqz6gkd,6
o1yxvv6q,v18qowjn,lde3zj63,7kjljln2,5d7y6lgd,3
o1yxvv6q,v18qowjn,lde3zj63,xd1rev7k,kwj7o3nw,3
o1yxvv6q,v18qowjn,lde3zj63,9d8p636k,kwj7o3nw,3
o1yxvv6q,v18qowjn,lde3zj63,9d8p636k,5d7y6lgd,9
o1yxvv6q,v18qowjn,lde3zj63,9kvpm9ok,rdqz6gkd,3
o1yxvv6q,v18qowjn,lde3zj63,zd306x8d,rdqz6gkd,3
o1yxvv6q,v18qowjn,lde3zj63,9d8p636k,rdqz6gkd,7
o1yxvv6q,v18qowjn,29d3w01l,jdr9740d,None,1
o1yxvv6q,v18qowjn,29d3w01l,w9d846kn,None,6
o1yxvv6q,v18qowjn,268pjodp,zd3qwnkn,None,54
o1yxvv6q,v18qowjn,yo1yq2dq,gjdrj026,None,9
o1yxvv6q,v18qowjn,yo1yq2dq,l9kvoo2g,None,60
o1yxvv6q,v18qowjn,xv1pj718,mndx95dq,None,1
o1yxvv6q,v18qowjn,n4d7r172,w20zmodn,None,13
o1yxvv6q,v18qowjn,ok6qj9dg,xw20v8kn,None,10
o1yxvv6q,v18qowjn,ok6qj9dg,xwdml5kq,None,7
o1yxvv6q,v18qowjn,29d37g6l,gjdregk6,None,41
o1yxvv6q,v18qowjn,n4d7r172,xn2yqmko,None,14
o1yxvv6q,v18qowjn,xv1pj718,prkllrkn,None,6
o1yxvv6q,v18qowjn,kyd4wp6e,wkpje8kr,None,17
o1yxvv6q,v18qowjn,o1yxvv6q,n2yj37z2,None,4
o1yxvv6q,v18qowjn,3dx3zydy,5dwj4pgk,None,1
o1yxvv6q,v18qowjn,xldezxd3,4xk98420,None,10
o1yxvv6q,v18qowjn,576rje18,7wkp1gkr,None,209
o1yxvv6q,v18qowjn,76royl68,824p4vm2,None,37
o1yxvv6q,v18qowjn,4pd02v1e,4xk9r4k0,None,107
o1yxvv6q,v18qowjn,n4d7r172,q254wgdo,None,44
o1yxvv6q,v18qowjn,lde3zj63,9d8p636k,rw6qklrd,7
o1yxvv6q,v18qowjn,lde3zj63,9d8p636k,n93q2nnw,5
o1yxvv6q,v18qowjn,o1yxvv6q,n2yj37z2,None,3
o1yxvv6q,v18qowjn,xv1py818,zjdzmrkv,None,6
o1yxvv6q,v18qowjn,l3dxlpdy,gjdr5nk6,None,7
o1yxvv6q,v18qowjn,kyd4051e,z27g3z20,owo77j96,1
o1yxvv6q,v18qowjn,n4d7r172,7wk6prd1,None,86
o1yxvv6q,v18qowjn,nj1n99dp,7wkpmgkr,None,8
o1yxvv6q,v18qowjn,k6qp4xdg,zdn8x7dq,None,3
o1yxvv6q,v18qowjn,xkdkjq1m,prklvrdn,None,7
o1yxvv6q,v18qowjn,kyd4051e,7wk6vqd1,None,6
o1yxvv6q,v18qowjn,om1m3j62,r02q3jky,None,6
o1yxvv6q,v18qowjn,xkdkjq1m,l9kv7okg,None,29
o1yxvv6q,v18qowjn,ok6qj9dg,mndx752q,None,19
o1yxvv6q,v18qowjn,n4d7pgd7,gq257ydo,None,51
o1yxvv6q,v18qowjn,3dxyky6y,82400wd5,None,13
o1yxvv6q,v18qowjn,kyd4051e,xn2y7z2o,None,4
o1yxvv6q,v18qowjn,lde3zj63,z273p5d0,None,2
o1yxvv6q,v18qowjn,29d3w01l,w9d846kn,None,129
o1yxvv6q,v18qowjn,46w94n1r,9d88jldn,None,4
o1yxvv6q,v18qowjn,46w94n1r,xk90l06k,5924xow6,3
o1yxvv6q,v18qowjn,46w94n1r,xk90l06k,owo3row6,6
o1yxvv6q,v18qowjn,46w94n1r,xk90l06k,xd14nedo,5
o1yxvv6q,v18qowjn,46w94n1r,xk90l06k,ewp8gk9n,6
o1yxvv6q,v18qowjn,46w94n1r,xk90l06k,5wkqy2w4,3
o1yxvv6q,v18qowjn,46w94n1r,xk90l06k,y9m2l5d5,4
o1yxvv6q,v18qowjn,29d30dlp,nxd1rk8q,None,371
o1yxvv6q,v18qowjn,9j1l9v1g,7wk6nq21,None,109
o1yxvv6q,v18qowjn,k6qp4xdg,z271l520,None,3
o1yxvv6q,v18qowjn,n4d7pgd7,9zdn1ekq,None,26
o1yxvv6q,v18qowjn,qw6jv76j,pmkeq8k6,None,18
o1yxvv6q,v18qowjn,o1yxvv6q,n2yj37z2,None,14
o1yxvv6q,v18qowjn,ok6qvxdg,rklgz8dn,None,27
o1yxvv6q,v18qowjn,yo1yq2dq,nxd1l7k8,None,58
o1yxvv6q,v18qowjn,8nd2wvd0,p7kjqnd3,None,47
o1yxvv6q,v18qowjn,8nd2wvd0,xn2y3zdo,None,41
o1yxvv6q,v18qowjn,76royl68,zd30v58d,None,9
o1yxvv6q,v18qowjn,kyd4051e,w5dw7ekg,None,2
o1yxvv6q,v18qowjn,29d3w01l,jdr9740d,None,24
o1yxvv6q,v18qowjn,3dxyky6y,82400wd5,None,27
o1yxvv6q,v18qowjn,qw6jv76j,37dg47d4,None,45
o1yxvv6q,v18qowjn,n4d7pgd7,wz27o0d0,None,16
o1yxvv6q,v18qowjn,29d30dlp,l9kvjkgq,None,62
o1yxvv6q,v18qowjn,29d37g6l,r02qpjdy,None,46
o1yxvv6q,v18qowjn,76royl68,zd30v58d,None,20
o1yxvv6q,v18qowjn,xldezxd3,p7kj1nk3,None,23
o1yxvv6q,v18qowjn,4pd02v1e,p7kj3n23,None,105
o1yxvv6q,v18qowjn,576rje18,lvdo8ykp,None,182
o1yxvv6q,v18qowjn,9j1l9v1g,w5dw4ekg,None,65
o1yxvv6q,v18qowjn,nj1n99dp,lvdomy2p,None,21
o1yxvv6q,68wmokzx,yo1yv1q5,xk9g1w6d,None,47
o1yxvv6q,68wmokzx,w6j7exe6,02q4nq9d,None,11
o1yxvv6q,68wmokzx,yo1yv1q5,vdo0nzod,None,31
o1yxvv6q,68wmokzx,yo1yv1q5,4xk906k0,None,53
o1yxvv6q,68wmokzx,n4d7r172,wkpjll0k,592j7xgw,2
o1yxvv6q,68wmokzx,o1yxvv6q,7kjzq1nd,None,35
o1yxvv6q,68wmokzx,29d30dlp,nxd1rk8q,None,119
o1yxvv6q,68wmokzx,yo1yv1q5,wdm8v332,gdrp6l8w,9
o1yxvv6q,68wmokzx,o1yxvv6q,7kjzq1nd,None,14
o1yxvv6q,68wmokzx,3dxzxp1y,9kvo7wj2,69zqe2x9,292
o1yxvv6q,68wmokzx,yo1yv1q5,wdm8v332,xd10kez9,9
o1yxvv6q,68wmokzx,yo1yv1q5,wdm8v332,rw6v8pp9,2
o1yxvv6q,68wmokzx,nj1nee1p,gq254vdo,None,42
o1yxvv6q,68wmokzx,o1yxvv6q,jdr17vg2,None,14
o1yxvv6q,68wmokzx,xlde3j63,4xk9l6k0,None,40
o1yxvv6q,68wmokzx,n268e96p,7wkp02rm,None,56
o1yxvv6q,68wmokzx,o1yxvv6q,xk9jn84d,None,63
o1yxvv6q,v18q6wjn,o1yxvv6q,7kjzq1nd,None,1
o1yxvv6q,v18q6wjn,29d30dlp,jzd3y2nq,None,13
o1yxvv6q,v18q6wjn,y655lg06,9kv8vw3d,None,3
o1yxvv6q,v18q6wjn,y655lg06,xd1jy6wd,None,7
o1yxvv6q,v18q6wjn,29d30dlp,l9kvjkgq,None,2
o1yxvv6q,v18q6wjn,29d30dlp,zd30m4yd,n93qle7w,3
o1yxvv6q,v18q6wjn,29d30dlp,zd30m4yd,owokp83d,3
o1yxvv6q,v18q6wjn,29d30dlp,zd30m4yd,5wkkeo5w,1
o1yxvv6q,v18q6wjn,29d30dlp,zd30m4yd,y9meo60d,1
o1yxvv6q,v18q6wjn,29d30dlp,zd30m4yd,owo75nv9,2
o1yxvv6q,v18q6wjn,29d30dlp,zd30m4yd,kwj76jrw,1
o1yxvv6q,v18q6wjn,29d30dlp,zd30m4yd,xd1jyrqd,2
o1yxvv6q,v18q6wjn,n4d7r172,xn2yqmko,None,34
o1yxvv6q,v18q6wjn,76r0rl68,q25g1z8d,rdq0qxmw,7
o1yxvv6q,v18q6wjn,o1yxvv6q,7kjzq1nd,None,6
o1yxvv6q,v18q6wjn,268exn56,xd17jr8d,z98n7e79,18
o1yxvv6q,v18q6wjn,369l3g6l,w201o9vk,None,3
o1yxvv6q,v18q6wjn,o1yxvv6q,7kjzq1nd,None,5
o1yxvv6q,v18q6wjn,o1yq5vdq,7kjmvnk3,r9g5vqd2,6
o1yxvv6q,v18q6wjn,o1yq5vdq,7kjmvnk3,xd4zq0wm,6
o1yxvv6q,v18q6wjn,29d30dlp,nxd1rk8q,None,29
o1yxvv6q,v18q6wjn,29d30dlp,zd30m4yd,xd46o189,1
o1yxvv6q,v18q6wjn,n268p5dp,jdzpmlrk,None,15
o1yxvv6q,v18q6wjn,j1ne4vw1,9d860w72,xd1234qw,2
o1yxvv6q,v18q6wjn,j1ne4vw1,9d860w72,gdrx8y8d,4
o1yxvv6q,v18q6wjn,nj1nowdp,5dwp6ekg,xd405r9m,2
o1yxvv6q,v18q6wjn,29d30dlp,zd30m4yd,owokpm3d,2
o1yxvv6q,v18q6wjn,29d30dlp,zd30m4yd,ldyezx7w,5
o1yxvv6q,v18q6wjn,29d30dlp,zd30m4yd,n930j1r9,3
o1yxvv6q,v18q6wjn,29d30dlp,zd30m4yd,495j124w,3
o1yxvv6q,v18q6wjn,29d30dlp,zd30m4yd,rdq0k8gw,2
o1yxvv6q,v18q6wjn,29d30dlp,zd30m4yd,rdq0kygw,2
o1yxvv6q,v18q6wjn,o1yxvv6q,7kjzq1nd,None,16
o1yxvv6q,v18q6wjn,29d30dlp,zd30m4yd,ywe23gqw,3
o1yxvv6q,v18q6wjn,29d30dlp,zd30m4yd,29vyrgx9,3
o1yxvv6q,v18q6wjn,29d30dlp,zd30m4yd,xd46op89,3
o1yxvv6q,v18q6wjn,29d30dlp,zd30m4yd,kwjyqg1w,7
o1yxvv6q,v18q6wjn,29d30dlp,zd30m4yd,ewpp6n4w,3
o1yxvv6q,v18q6wjn,29d30dlp,zd30m4yd,xd10qpy9,3
o1yxvv6q,v18q6wjn,29d30dlp,zd30m4yd,o9x2ey7w,4
o1yxvv6q,v18q6wjn,29d30dlp,zd30m4yd,y9meo00d,3
o1yxvv6q,v18q6wjn,29d30dlp,zd30m4yd,rw6v6269,4
o1yxvv6q,v18q6wjn,29d30dlp,zd30m4yd,owokpj3d,3
o1yxvv6q,v18q6wjn,29d30dlp,zd30m4yd,xd005pjd,2
o1yxvv6q,v18q6wjn,29d30dlp,zd30m4yd,592j7m6w,3
o1yxvv6q,v18q6wjn,29d30dlp,zd30m4yd,5wk270xw,5
o1yxvv6q,v18q6wjn,29d30dlp,zd30m4yd,r9gzg62d,5
o1yxvv6q,v18q6wjn,76r0rl68,wk6jl9qd,rdq0qxmw,13
o1yxvv6q,v18q6wjn,29d30dlp,9zdne7dq,None,25
o1yxvv6q,v18q6wjn,29d30dlp,rkle7mw2,None,42
o1yxvv6q,v18q6wjn,3dxxr5dy,9d8vgj7k,None,1
o1yxvv6q,v18q6wjn,3dxxr5dy,9d8vgj7k,None,4
o1yxvv6q,v18q6wjn,xldev513,zdnqledq,xd401r9m,4
o1yxvv6q,v18q6wjn,xldev513,q25458do,None,3
o1yxvv6q,v18q6wjn,xldev513,zdnqledq,n93qknw0,4
o1yxvv6q,v18q6wjn,29d30dlp,zd30m4yd,rw6n44pd,2
o1yxvv6q,v18q6wjn,29d30dlp,zd30m4yd,5d7qg4ew,3
o1yxvv6q,v18q6wjn,nj1nowdp,q2540lwd,None,2
o1yxvv6q,v18q6wjn,nj1nowdp,5dwp6ekg,owo75o96,3
o1yxvv6q,v18q6wjn,29d30dlp,9d8v6j7k,None,15
o1yxvv6q,v18q6wjn,29d30dlp,zd30m4yd,69zp6j6w,4
o1yxvv6q,v18q6wjn,j1lj5vdg,jdz3g9v2,None,41
o1yxvv6q,v18q6wjn,n268p5dp,jdzpmlrk,None,8
o1yxvv6q,v18q6wjn,nj1nee1p,ndx8jxjk,gdrpmj8w,7
o1yxvv6q,v18q6wjn,o1y3mo6q,jdzevrdv,None,4
o1yxvv6q,v18q6wjn,nj1nowdp,5dwp6ekg,rdqzokdx,2
o1yxvv6q,v18q6wjn,29d30dlp,zd30m4yd,nwlgz1p9,3
o1yxvv6q,v18q6wjn,n268p5dp,nxd13rk8,None,14
o1yxvv6q,v18q6wjn,o1y3mo6q,9d8pz4lk,n93qzx7w,2
o1yxvv6q,v18q6wjn,29d30dlp,zd30m4yd,5d7yx55d,2
o1yxvv6q,v18q6wjn,29d30dlp,zd30m4yd,ewp7oylw,6
o1yxvv6q,v18q6wjn,y655lg06,zd3j9pe2,None,7
o1yxvv6q,v18q6wjn,n4d7r172,7wk6prd1,None,44
o1yxvv6q,v18q6wjn,nj1nowdp,zd3yo82n,None,3
o1yxvv6q,v18q6wjn,8nd2wvd0,xn2y3zdo,None,110
o1yxvv6q,v18q6wjn,nj1nowdp,q2540lwd,None,3
o1yxvv6q,v18q6wjn,xldev513,zdnqledq,kwj74nwg,1
o1yxvv6q,v18q6wjn,nj1nowdp,5dwp6ekg,y9m545d5,4
o1yxvv6q,v18q6wjn,nj1nowdp,5dwp6ekg,rw6q7gd7,4
o1yxvv6q,v18q6wjn,nj1nowdp,5dwp6ekg,5wkk42w4,3
o1yxvv6q,v18q6wjn,nj1nowdp,5dwp6ekg,ewp74kwn,3
o1yxvv6q,v18q6wjn,nj1nowdp,q2540lwd,None,2
o1yxvv6q,v18q6wjn,nj1nowdp,5dwp6ekg,29vm8l9v,4
o1yxvv6q,v18q6wjn,yo1yv1q5,4xk906k0,None,110
o1yxvv6q,v18q6wjn,nj1nowdp,5dwp6ekg,rdnom7wm,4
o1yxvv6q,v18q6wjn,o1yxvv6q,7kjzq1nd,None,10
o1yxvv6q,v18q6wjn,j1nyvy6p,jdrqll5k,None,6
o1yxvv6q,v18q6wjn,pdvr5k1w,7kjvponk,None,5
o1yxvv6q,v18q6wjn,o1yq5vdq,7kjmvnk3,69zjk6w1,5
o1yxvv6q,v18q6wjn,o1yq5vdq,7kjmvnk3,xd0yz0wq,6
o1yxvv6q,v18q6wjn,nj1nowdp,5dwp6ekg,69zpjgw1,3
o1yxvv6q,v18q6wjn,xldev513,zdnqledq,r9gylp92,5
o1yxvv6q,v18q6wjn,nj1nowdp,5dwp6ekg,kwj76nwg,3
o1yxvv6q,v18q6wjn,nj1nowdp,5dwp6ekg,5d7yxgdy,4
o1yxvv6q,v18q6wjn,nj1nowdp,5dwp6ekg,n93qznw0,2
o1yxvv6q,v18q6wjn,nj1nowdp,5dwp6ekg,gdrp66wz,2
o1yxvv6q,v18q6wjn,n268nk6p,7dg8xp24,None,248
o1yxvv6q,v18q6wjn,nj1n3xdp,rklx5nkn,None,33
o1yxvv6q,v18q6wjn,29d30dlp,zd30m4yd,ywe4e04d,10
o1yxvv6q,v18q6wjn,xldev513,z2775g20,None,4
o1yxvv6q,v18q6wjn,n268nk6p,xd1rzwk8,xd40x09m,10
o1yxvv6q,v18q6wjn,nj1nowdp,5dwp6ekg,29vmn39v,3
o1yxvv6q,v18q6wjn,nj1nowdp,5dwp6ekg,5920eod6,3
o1yxvv6q,v18q6wjn,nj1nowdp,7dgg07d4,rw6q5rd7,2
o1yxvv6q,v18q6wjn,n4d7r172,q254wgdo,None,39
o1yxvv6q,v18q6wjn,xldev513,zdnqledq,5d7yj6dy,9
o1yxvv6q,v18q6wjn,ok6qvxdg,rklgz8dn,None,21
o1yxvv6q,v18q6wjn,ok6q4mdg,rkl3p4nk,None,10
o1yxvv6q,v18q6wjn,29d30dlp,z2771020,None,41
o1yxvv6q,v18q6wjn,29d30dlp,02q75pdy,None,5
o1yxvv6q,v18q6wjn,nj1nowdp,5dwp6ekg,nwlg409v,4
o1yxvv6q,v18q6wjn,9d33e0dl,zd3rwedn,69znyg91,4
o1yxvv6q,v18q6wjn,nj1nowdp,5dwp6ekg,ewp72jwn,3
o1yxvv6q,v18q6wjn,nj1nowdp,5dwp6ekg,rdno4qwm,3
o1yxvv6q,v18q6wjn,nj1nowdp,q2540lwd,None,4
o1yxvv6q,v18q6wjn,xldev513,zdnqledq,5d7yqgdy,13
o1yxvv6q,v18q6wjn,nj1nowdp,5dwp6ekg,xd40g29m,3
o1yxvv6q,v18q6wjn,nj1nowdp,7dgg07d4,n93qezw0,2
o1yxvv6q,v18q6wjn,nj1nowdp,5dwp6ekg,rdno87wm,4
o1yxvv6q,v18q6wjn,nj1nowdp,5dwp6ekg,ywe23ywl,2
o1yxvv6q,v18q6wjn,m9dowk1p,p7kjr423,None,24
o1yxvv6q,v18q6wjn,n4d7r172,p7kjv4k3,None,29
o1yxvv6q,v18q6wjn,xldev513,zdnqledq,xd1jledo,8
o1yxvv6q,v18q6wjn,xldev513,zdnqledq,owo74o96,10
o1yxvv6q,v18q6wjn,xldev513,zdnqledq,rdqz4kdx,13
o1yxvv6q,v18q6wjn,o1yxvv6q,n2yj37z2,None,8
o1yxvv6q,v18q6wjn,n268nk6p,xd1rzwk8,495k529p,15
o1yxvv6q,v18q6wjn,nj1nowdp,5dwp6ekg,z98r5gdl,1
o1yxvv6q,v18q6wjn,nj1nowdp,5dwp6ekg,ldy1lkd3,2
o1yxvv6q,v18q6wjn,nj1nowdp,5dwp6ekg,n93qxzw0,4
o1yxvv6q,v18q6wjn,nj1nowdp,5dwp6ekg,69zplgw1,3
o1yxvv6q,v18q6wjn,nj1nowdp,5dwp6ekg,r9gyn592,3
o1yxvv6q,v18q6wjn,nj1nowdp,5dwp6ekg,r9gyq592,3
o1yxvv6q,v18q6wjn,nj1nowdp,5dwp6ekg,gdrpllwz,3
o1yxvv6q,v18q6wjn,nj1nowdp,5dwp6ekg,z98rqpdl,3
o1yxvv6q,v18q6wjn,nj1nowdp,5dwp6ekg,n93qezw0,4
o1yxvv6q,v18q6wjn,nj1nowdp,5dwp6ekg,ldy1kkd3,5
o1yxvv6q,v18q6wjn,nj1nowdp,5dwp6ekg,gdrpo6wz,3
o1yxvv6q,v18q6wjn,nj1nowdp,5dwp6ekg,rw6qgrd7,9
o1yxvv6q,v18q6wjn,nj1nowdp,5dwp6ekg,n93qlnw0,6
o1yxvv6q,v18q6wjn,nj1nowdp,5dwp6ekg,rdnoxqwm,6
o1yxvv6q,v18q6wjn,nj1nowdp,5dwp6ekg,nwlgz09v,3
o1yxvv6q,v18q6wjn,nj1nowdp,5dwp6ekg,69zp6lw1,6
o1yxvv6q,v18q6wjn,xldev513,zdnqledq,ewp7nkwn,10
o1yxvv6q,v18q6wjn,xldev513,zdnqledq,y9m505d5,6
o1yxvv6q,v81llgqx,o1yxvv6q,9d8jx46k,None,24
o1yxvv6q,86v3my0j,om1mx362,7kjvmgk3,None,48
o1yxvv6q,86v3my0j,o1yxvv6q,9d8jx46k,None,20
o1yxvv6q,86v3my0j,om1mx362,7kjvmgk3,None,745
o1yxvv6q,xkoppg68,o1y9yr6q,zd306qvd,None,9
o1yxvv6q,xkoppg68,yo1yv1q5,wdm8v332,gdrp6l8w,13
o1yxvv6q,xkoppg68,o1yxvv6q,xk9jn84d,None,38
o1yxvv6q,xkoppg68,yo1yv1q5,wdm8v332,nwlgm6e9,6
o1yxvv6q,xkoppg68,m1me8kd2,xd113zd8,None,11
o1yxvv6q,y8d71l86,76r39056,rkl53o62,None,4
o1yxvv6q,y8d71l86,76r39056,rkl53o62,None,15
o1yxvv6q,y8d71l86,o1yxvv6q,7kjzq1nd,None,18
o1yxvv6q,y8d71l86,j1ngky6p,02qg4g9d,None,2
o1yxvv6q,y8d71l86,yd4ojjg1,9kv9qoo2,None,18
o1yxvv6q,y8d71l86,268727dp,zdn8zend,None,6
o1yxvv6q,y8d71l86,yd4ojjg1,9kv9qoo2,None,18
o1yxvv6q,y8d71l86,pd0w2wl1,9d8gv33k,None,1
o1yxvv6q,y8d71l86,pd0py36e,vdo3oqyd,None,129
o1yxvv6q,y8d71l86,29d30dlp,l9kvjkgq,None,29
o1yxvv6q,y8d71l86,o1yxvv6q,n2yj37z2,None,8
o1yxvv6q,y8d71l86,3dxzxp1y,02qe5p2y,None,12
o1yxvv6q,y8d71l86,n4d7r172,7wk6prd1,None,67
o1yxvv6q,y8d71l86,n4d7r172,p7kjv4k3,None,22
o1yxvv6q,y8d71l86,o1yxvv6q,7kjzq1nd,None,20
o1yxvv6q,y8d71l86,3dxxr5dy,9d8vgj7k,None,1
o1yxvv6q,y8d71l86,3dxxr5dy,9d8vgj7k,None,5
o1yxvv6q,y8d71l86,29d30dlp,z2771020,None,37
o1yxvv6q,y8d71l86,29d30dlp,jzd3y2nq,None,57
o1yxvv6q,y8d71l86,369vo21l,zdnwx19d,None,8
o1yxvv6q,y8d71l86,o1y3mo6q,jdzevrdv,None,7
o1yxvv6q,y8d71l86,y65k906e,zd30nl8d,None,8
o1yxvv6q,y8d71l86,w6j7y76j,n2y7q72o,None,105
o1yxvv6q,y8d71l86,pd05901e,z27w0gk0,None,7
o1yxvv6q,y8d71l86,o1y3mo6q,9d8pz4lk,rdno4mnw,2
o1yxvv6q,y8d71l86,o1yxvv6q,n2yj37z2,None,15
o1yxvv6q,y8d71l86,29d30dlp,zd30m4yd,y9m5g3ld,4
o1yxvv6q,y8d71l86,29d30dlp,zd30m4yd,rdq0p7kw,4
o1yxvv6q,y8d71l86,3dxzxp1y,jdzryv2v,None,29
o1yxvv6q,y8d71l86,29d30dlp,nxd1rk8q,None,214
o1yxvv6q,y8d71l86,4d79on17,9d8j0wkn,None,1
o1yxvv6q,814qyd38,o1yxvv6q,xk9jn84d,None,180
o1yxvv6q,814qyd38,76r43l18,w20wryod,None,244
o1yxvv6q,x7qopzr8,o1yxvv6q,xk9jn84d,None,176
o1yxvv6q,98r40l6j,o1yxvv6q,xk9jn84d,None,187
o1yxvv6q,zxz4nnnj,k6q4rqzd,9kv7gzok,gdrgv8kw,11
o1yxvv6q,zxz4nnnj,k6q4rqzd,z27lez0d,None,24
o1yxvv6q,zxz4nnnj,k6q4rqzd,z27lez0d,None,433
o1yxvv6q,zxz4nnnj,k6q4rqzd,9kv7gzok,y9myvy09,22
o1yxvv6q,zxz4nnnj,k6q4rqzd,zd38mevk,y9myvy09,5
o1yxvv6q,zxz4nnnj,o1y9pyk6,mke9xe9d,5d7e0vvw,632
o1yxvv6q,zxz4nnnj,o1yxvv6q,xk9jn84d,None,194
o1yxvv6q,zxz4nnnj,w6jev51j,824854mk,None,25
o1yxvv6q,zxz4nnnj,pdvyevdw,z2739ngd,None,12
o1yxvv6q,zxz4nnnj,pdvyevdw,jdr18zx2,z988kkr9,12
o1yxvv6q,zxz4nnnj,pdvyevdw,jdr18zx2,rdnp1159,8
o1yxvv6q,jmz4gn4x,o1yxvv6q,9d8jx46k,None,43
o1yxvv6q,jmz4gn4x,46wryl1r,824ry8ed,None,9
o1yxvv6q,jmz4gn4x,46w35xn1,jdzvg86k,kwjpmlnw,2
o1yxvv6q,jmz4gn4x,om1mx362,wkpgx9gk,r9grjjw2,3
o1yxvv6q,jmz4gn4x,om1mx362,wkpgx9gk,69zxqxd1,2
o1yxvv6q,jmz4gn4x,y65797de,ndx78y52,None,48
o1yxvv6q,jmz4gn4x,om1mx362,zd3qprkn,r9grjjw2,47
o1yxvv6q,jmz4gn4x,om1mx362,zd3qprkn,69zxqxd1,17
o1yxvv6q,8dwl3lmj,o1yxvv6q,xk9jn84d,None,1
o1yxvv6q,8dwl3lmj,o1yxvv6q,xk9jn84d,None,1
o1yxvv6q,8dwl3lmj,yo1yv1q5,wz27gz20,None,1
o1yxvv6q,8dwl3lmj,yo1yv1q5,4xk906k0,None,3
o1yxvv6q,8dwl3lmj,w6j7exe6,9d8yq7lk,None,3
o1yxvv6q,8dwl3lmj,yo1yv1q5,vdo0nzod,None,1
o1yxvv6q,8dwl3lmj,yo1yv1q5,xk9g1w6d,None,2
o1yxvv6q,8dwl3lmj,j1nqoy1p,mke9x59d,None,3
o1yxvv6q,8dwl3lmj,w6j7y76j,n2y7q72o,None,15
o1yxvv6q,qxkl5d78,29d30dlp,9zdne7dq,None,2
o1yxvv6q,qxkl5d78,o1yxvv6q,7kjzq1nd,None,7
o1yxvv6q,qxkl5d78,29d30dlp,zd30m4yd,ewp7oylw,21
o1yxvv6q,48gv5np8,o1yxvv6q,7kjzq1nd,None,8
o1yxvv6q,48gv5np8,29d30dlp,zd30m4yd,5wk270xw,1
o1yxvv6q,48gv5np8,29d30dlp,nxd1rk8q,None,10
o1yxvv6q,48gv5np8,o1yxvv6q,7kjzq1nd,None,6
o1yxvv6q,48gv5np8,29d30dlp,jzd3y2nq,None,15
o1yxvv6q,48gv5np8,29d30dlp,zd30m4yd,rdqzormd,5
o1yxvv6q,8geqropj,y65ej76e,zdnoqje2,ldy083z9,28
o1yxvv6q,8geqropj,y65ej76e,zdnoqje2,gdr71yzw,11
o1yxvv6q,8geqropj,y65ej76e,zdnoqje2,nwlep2rd,6
o1yxvv6q,8geqropj,y65ej76e,xk95l442,None,79
o1yxvv6q,8geqropj,y65ej76e,xk95l442,None,13
o1yxvv6q,8geqropj,m1mxy9x6,zdnlgye2,owo5opod,3
o1yxvv6q,8geqropj,m1mxy9x6,zdnlgye2,r9gneg5d,5
o1yxvv6q,8geqropj,m1mxy9x6,zdnlgye2,495z3109,5
o1yxvv6q,8geqropj,j1lmjzdg,zd3x0lvd,None,11
o1yxvv6q,8geqropj,o1yxvv6q,xk9jn84d,None,154
o1yxvv6q,8geqropj,j1lmjzdg,jdz56vxd,None,210
o1yxvv6q,8geqropj,j1lmjzdg,wk6jj9ed,None,33
o1yxvv6q,8geqropj,m1mxy9x6,zdnlgye2,o9xo8e09,2
o1yxvv6q,8geqropj,268xm51p,wkp0go02,None,25
o1yxvv6q,8geqropj,m1mxy9x6,xk9ezx42,69z6ygld,6
o1yxvv6q,8geqropj,m1mxy9x6,xk9ezx42,r9gneg5d,4
o1yxvv6q,8geqropj,m1mxy9x6,q25ez1y2,None,5
o1yxvv6q,8geqropj,m1mxy9x6,zdnlgye2,69z6ygld,2
o1yxvv6q,8geqropj,m1mxy9x6,wdmvpr5d,None,10
o1yxvv6q,8geqropj,yo1yv1q5,wdm8v332,xd10kez9,28
o1yxvv6q,8geqropj,yo1yv1q5,wdm8v332,ywe4kzqd,7
o1yxvv6q,8geqropj,o1yxvv6q,xk9jn84d,None,41
o1yxvv6q,8geqropj,yo1yv1q5,wdm8v332,ywe4k2qd,12
o1yxvv6q,5j5mr5q8,o1yxvv6q,xk98gj42,None,1
o1yxvv6q,5j5mr5q8,ok6q4mdg,gq25ovko,None,1
o1yxvv6q,5j5mr5q8,ok6q4mdg,rkl3p4nk,None,1
o1yxvv6q,5j5mr5q8,ok6q4mdg,gq25ovko,None,2
o1yxvv6q,5j5mr5q8,ok6q4mdg,rkl3p4nk,None,2
o1yxvv6q,5j5mr5q8,m1zjz2z6,q25mrnyd,None,1
o1yxvv6q,5j5mr5q8,y65ke76e,xk98oz62,None,1
o1yxvv6q,5j5mr5q8,y65ke76e,5dwpwznk,None,1
o1yxvv6q,5j5mr5q8,y65ke76e,9d8pq4lk,None,2
o1yxvv6q,5j5mr5q8,y65ke76e,wkp1e68k,None,1
o1yxvv6q,5j5mr5q8,268nx76p,zd37qwy2,None,4
o1yxvv6q,5j5mr5q8,m1zjz2z6,q25mrnyd,None,1
o1yxvv6q,5j5mr5q8,m1zjz2z6,rklr47rk,None,1
o1yxvv6q,5j5mr5q8,yo1yv1q5,wdm8v332,xd10kez9,11
o1yxvv6q,v8legw7x,o1yxvv6q,9d8jx46k,None,59
o1yxvv6q,v8legw7x,m1mll362,9kvx6e82,None,15
o1yxvv6q,j0ny6pr8,j1lqq7v6,zd3v4pn2,None,3
o1yxvv6q,j0ny6pr8,o1yxvv6q,xk9jn84d,None,25
o1yxvv6q,j0ny6pr8,yo1yv1q5,xk9g1w6d,None,65
o1yxvv6q,7j4wwyvx,qw6j21jm,ndx8gnok,kwj7r8zw,1
o1yxvv6q,7j4wwyvx,qw6j21jm,02qm1mzd,None,1
o1yxvv6q,7j4wwyvx,qw6j21jm,ndx8gnok,rw6vp3r9,1
o1yxvv6q,7j4wwyvx,qw6j21jm,ndx8gnok,592jg5ow,1
o1yxvv6q,7j4wwyvx,qw6j21jm,ndx8gnok,n9305779,1
o1yxvv6q,7j4wwyvx,qw6j21jm,9zdnw9dq,None,1
o1yxvv6q,7j4wwyvx,o1yxvv6q,wk61oord,None,1
o1yxvv6q,7j4wwyvx,qw6j21jm,ndx8gnok,r9gz025d,1
o1yxvv6q,7j4wwyvx,j1newqw1,xk9v87vd,None,18
o1yxvv6q,7j4wwyvx,qw6j21jm,ndx8gnok,rw6vpor9,1
o1yxvv6q,7j4wwyvx,o1yxvv6q,wk61oord,None,2
o1yxvv6q,7j4wwyvx,ok6qvxdg,9d8pm76k,None,2
o1yxvv6q,7j4wwyvx,ok6q4mdg,rkl3p4nk,None,3
o1yxvv6q,7j4wwyvx,qw6j21jm,ndx8gnok,495jo40w,1
o1yxvv6q,7j4wwyvx,qw6j21jm,wkpyjwjk,None,2
o1yxvv6q,7j4wwyvx,qw6j21jm,ndx8gnok,kwjylpnw,1
o1yxvv6q,7j4wwyvx,qw6j21jm,ndx8gnok,rdn5jnqd,1
o1yxvv6q,7j4wwyvx,qw6j21jm,ndx8gnok,ldye72kw,1
o1yxvv6q,7j4wwyvx,qw6j21jm,ndx8gnok,nwl6x30w,1
o1yxvv6q,7j4wwyvx,qw6j21jm,ndx8gnok,69zro2ld,1
o1yxvv6q,7j4wwyvx,qw6j21jm,ndx8gnok,r9gz045d,1
o1yxvv6q,7j4wwyvx,qw6j21jm,ndx8gnok,5wk2z62w,1
o1yxvv6q,7j4wwyvx,qw6j21jm,ndx8gnok,gdrj4e6w,1
o1yxvv6q,7j4wwyvx,qw6j21jm,ndx8gnok,o9x25n0w,1
o1yxvv6q,7j4wwyvx,qw6j21jm,vdo40e62,None,3
o1yxvv6q,7j4wwyvx,qw6j21jm,824r8lwd,None,3
o1yxvv6q,68wz56z8,o1yxvv6q,9d8jx46k,None,63
o1yxvv6q,68wz56z8,pdvz3lv6,z2766j4d,o9xn6q6w,5
o1yxvv6q,68wz56z8,pdvz3lv6,z2766j4d,4956pg2d,3
o1yxvv6q,68wz56z8,o1yxvv6q,jdr17vg2,None,5
o1yxvv6q,68wz56z8,9d3rr0dl,n2y180m2,None,834
o1yxvv6q,qjnkd6wj,w6j7726j,vdo3m1dp,None,5
o1yxvv6q,qjnkd6wj,kdkmmye1,824le5ed,None,4
o1yxvv6q,qjnkd6wj,kdkmmye1,9d8o81w2,None,1
o1yxvv6q,qjnkd6wj,kdkmmye1,9d8o81w2,None,2
o1yxvv6q,qjnkd6wj,kdkmmye1,9d8o81w2,None,1
o1yxvv6q,qjnkd6wj,w6j7726j,vdo3m1dp,None,1
o1yxvv6q,qjnkd6wj,kdkmmye1,9d8o81w2,None,1
o1yxvv6q,qjnkd6wj,om1mx362,xd1mrrrd,n93qxp2w,2
o1yxvv6q,qjnkd6wj,om1mx362,xd1mrrrd,29vm8r19,2
o1yxvv6q,qjnkd6wj,om1mx362,xd1mrrrd,z98ro0rd,5
o1yxvv6q,qjnkd6wj,om1mx362,xd1mrrrd,nwlnpodv,4
o1yxvv6q,qjnkd6wj,om1mx362,xd1mrrrd,rdnomvnw,2
o1yxvv6q,qjnkd6wj,om1mx362,7kjvmgk3,None,398
o1yxvv6q,qjnkd6wj,o1yxvv6q,9d8jx46k,None,17
o1yxvv6q,qjnkd6wj,o1yxvv6q,9d8jx46k,None,30
o1yxvv6q,x3mplm68,o1yxvv6q,xk9jn84d,None,3
o1yxvv6q,qxkd566j,n4d7r172,w20zmodn,None,14
o1yxvv6q,qxkd566j,n4d7r172,z27g8520,None,14
o1yxvv6q,qxkd566j,n4d7r172,xn2yqmko,None,26
o1yxvv6q,qxkd566j,n4d7r172,7wk6prd1,None,82
o1yxvv6q,qxkd566j,o1yxvv6q,n2yj37z2,None,7
o1yxvv6q,qxkd566j,o1yxvv6q,n2yj37z2,None,17
o1yxvv6q,qxkd566j,o1yxvv6q,n2yj37z2,None,3
o1yxvv6q,qxkd566j,268pjodp,w20pzjzk,None,35
o1yxvv6q,qxkd566j,n4d7r172,q254wgdo,None,26
o1yxvv6q,qjo51008,o1yxvv6q,jdr17vg2,None,6
o1yxvv6q,qjo51008,o1yxvv6q,jdr17vg2,None,9
o1yxvv6q,qjo51008,o1yxvv6q,jdr17vg2,None,15
o1yxvv6q,qjo51008,v1pxv868,02qpejdy,None,72
o1yxvv6q,qjo51008,v1pxv868,xd1ejo72,None,30
o1yxvv6q,qjo51008,m1mm7x12,xk90gyxk,xd0pq1wq,133
o1yxvv6q,81q67plj,o1yxvv6q,7kjzq1nd,None,3
o1yxvv6q,81q67plj,o1y9pyk6,mke9xe9d,5d7e0vvw,7
o1yxvv6q,81q67plj,268xm51p,n2y33r1d,None,9
o1yxvv6q,81q67plj,268xm51p,n2y33r1d,None,13
o1yxvv6q,j5wrlvzj,j1n884e1,xd11qj7d,None,13
o1yxvv6q,j5wrlvzj,9d3rvwdl,w2016jkn,None,50
o1yxvv6q,j5wrlvzj,j1n884e1,9d8ony62,None,5
o1yxvv6q,j5wrlvzj,m9dok31p,mndxp12q,None,323
o1yxvv6q,j5wrlvzj,ldelvl63,9d8gge3k,None,62
o1yxvv6q,j5wrlvzj,ldelvl63,9d8gge3k,None,22
o1yxvv6q,j5wrlvzj,j1n884e1,824l9nmd,None,3
o1yxvv6q,j5wrlvzj,4d7eyz67,5dw65je2,None,217
o1yxvv6q,j5wrlvzj,yo1yv1q5,xk9g1w6d,None,48
o1yxvv6q,j5wrlvzj,pdvzpko6,w20vx6jk,None,4
o1yxvv6q,j5wrlvzj,o1yxvv6q,xk9jn84d,None,75
o1yxvv6q,j5wrlvzj,j1llwz1g,9d86ql2n,None,705
o1yxvv6q,j5wrlvzj,m9dok31p,zd31gy2n,4952gm9p,100
o1yxvv6q,j5wrlvzj,yo1yv1q5,wdm8v332,xd4644q9,4
o1yxvv6q,j5wrlvzj,yo1yv1q5,wdm8v332,ldyen7pw,6
o1yxvv6q,j5wrlvzj,yo1yv1q5,wdm8v332,ywe4rkld,8
o1yxvv6q,j5wrlvzj,yo1yv1q5,wdm8v332,495jok2w,15
o1yxvv6q,8l059028,o1yxvv6q,xk9jn84d,None,59
o1yxvv6q,8l059028,om1mx362,7kjvmgk3,None,214
o1yxvv6q,wzx766j7,o1yj80o1,wdm79exd,None,1
o1yxvv6q,wzx766j7,om1mx362,w205pr5d,None,13
o1yxvv6q,wzx766j7,kdkzo5qd,9kv8nxjd,None,1
o1yxvv6q,wzx766j7,kdkzo5qd,wk6nogo2,owor383w,1
o1yxvv6q,wzx766j7,w6j9wedj,ndx93qvd,xd13qyz9,1
o1yxvv6q,wzx766j7,kdkzo5qd,wk6nogo2,592y4m6w,1
o1yxvv6q,wzx766j7,w6j9wedj,mkev71n2,None,2
o1yxvv6q,wzx766j7,w6j9wedj,7kjq8m3d,None,2
o1yxvv6q,wzx766j7,kdkzo5qd,wk6nogo2,y9mn200d,2
o1yxvv6q,wzx766j7,w6j9wedj,9d8lvl2n,None,1
o1yxvv6q,wzx766j7,kdkzo5qd,wk6nogo2,5wk3q0x9,2
o1yxvv6q,wzx766j7,y650r81e,zd35zykn,None,11
o1yxvv6q,wzx766j7,kdkzo5qd,wk6nogo2,ewpl8n4d,2
o1yxvv6q,wzx766j7,y655lg06,9kv8vw3d,None,4
o1yxvv6q,wzx766j7,o1yj0pr1,xk9w3lg2,None,3
o1yxvv6q,wzx766j7,kdkzo5qd,wk6nogo2,xd1n4pyw,1
o1yxvv6q,wzx766j7,w6j9wedj,9d8lvl2n,None,2
o1yxvv6q,wzx766j7,369q7ldl,vdoyye62,5wk1zpqd,1
o1yxvv6q,wzx766j7,369q7ldl,vdoyye62,rw6ep37d,1
o1yxvv6q,wzx766j7,m9do9edp,q254jqjd,None,1
o1yxvv6q,wzx766j7,m9do9edp,5dwjz5kg,None,4
o1yxvv6q,wzx766j7,m9do9edp,9kvqjp8d,z98gprwl,1
o1yxvv6q,wzx766j7,m9do9edp,5dwjz5kg,None,3
o1yxvv6q,wzx766j7,m9do9edp,jdrw05k6,z98gprwl,2
o1yxvv6q,wzx766j7,m9do9edp,q254jqjd,None,1
o1yxvv6q,wzx766j7,9dowpe1p,wdm8332q,None,11
o1yxvv6q,wzx766j7,nj1nee1p,wdmzvvx2,None,9
o1yxvv6q,wzx766j7,m9do9edp,wkpy5rgk,z98gp7wl,1
o1yxvv6q,wzx766j7,9dowpe1p,wdm8332q,None,13
o1yxvv6q,wzx766j7,m9do9edp,wdm8mn32,592ne796,2
o1yxvv6q,wzx766j7,m9do9edp,wkpy5rgk,n93yk2d0,1
o1yxvv6q,wzx766j7,m9do9edp,wkpy5rgk,rw6e5pd7,1
o1yxvv6q,wzx766j7,m9do9edp,wkpy5rgk,rdn23ndm,1
o1yxvv6q,wzx766j7,m9do9edp,wkpy5rgk,69znex91,1
o1yxvv6q,wzx766j7,m9do9edp,wkpy5rgk,xd18lzwo,1
o1yxvv6q,wzx766j7,m9do9edp,wkpy5rgk,kwj10rwg,1
o1yxvv6q,wzx766j7,m9do9edp,wkpy5rgk,nwlp0p9v,1
o1yxvv6q,wzx766j7,m9do9edp,wkpy5rgk,5d7zqqwy,1
o1yxvv6q,wzx766j7,m9do9edp,wkpy5rgk,rdq5ymdx,1
o1yxvv6q,wzx766j7,m9do9edp,wkpy5rgk,owoq8vd6,1
o1yxvv6q,wzx766j7,m9do9edp,wkpy5rgk,nwlp4o9v,1
o1yxvv6q,wzx766j7,m9do9edp,wkpy5rgk,ldy8qjw3,1
o1yxvv6q,wzx766j7,m9do9edp,wkpy5rgk,o9x3r39l,1
o1yxvv6q,wzx766j7,m9do9edp,wkpy5rgk,owoq4jd6,1
o1yxvv6q,wzx766j7,m9do9edp,wkpy5rgk,5wk105d4,1
o1yxvv6q,wzx766j7,m9do9edp,jdrw05k6,rdq5ymdx,1
o1yxvv6q,wzx766j7,m9do9edp,wkpy5rgk,gdr1r8wz,1
o1yxvv6q,wzx766j7,m9do9edp,wkpy5rgk,o9x3669l,1
o1yxvv6q,wzx766j7,m9do9edp,wkpy5rgk,xd4rgq9m,1
o1yxvv6q,wzx766j7,om1mx362,wk6jj7qd,None,11
o1yxvv6q,wzx766j7,m9do9edp,wkpy5rgk,xd18pqwo,1
o1yxvv6q,wzx766j7,m9do9edp,wkpy5rgk,495lxmdp,1
o1yxvv6q,wzx766j7,m9do9edp,wkpy5rgk,y9m14z95,1
o1yxvv6q,wzx766j7,m9do9edp,wkpy5rgk,rdn235dm,1
o1yxvv6q,wzx766j7,om1mx362,9d8vge6k,None,39
o1yxvv6q,wzx766j7,m9do9edp,wkpy5rgk,ywem0qdl,1
o1yxvv6q,wzx766j7,o1yxvv6q,xk9jn84d,None,4
o1yxvv6q,wzx766j7,j1nr9wdp,9d8vjx6k,None,3
o1yxvv6q,wzx766j7,om1mw4d2,l9kv40kg,None,167
o1yxvv6q,wzx766j7,m9do9edp,wkpy5rgk,rdq54odx,1
o1yxvv6q,wzx766j7,m9do9edp,wkpy5rgk,592ne796,1
o1yxvv6q,wzx766j7,m9do9edp,wkpy5rgk,69zn7691,1
o1yxvv6q,wzx766j7,m9do9edp,wkpy5rgk,5d7zp5wy,1
o1yxvv6q,wzx766j7,om1mx362,zdn0mp72,None,5
o1yxvv6q,wzx766j7,m9do9edp,wkpy5rgk,ywemxldl,1
o1yxvv6q,wzx766j7,m9do9edp,wkpy5rgk,ewp04ydn,1
o1yxvv6q,wzx766j7,m9do9edp,wkpy5rgk,r9g16q92,1
o1yxvv6q,wzx766j7,m9do9edp,wkpy5rgk,kwj140wg,1
o1yxvv6q,wzx766j7,m9do9edp,wkpy5rgk,xd036mdq,1
o1yxvv6q,wzx766j7,m9do9edp,wkpy5rgk,ewp0nldn,1
o1yxvv6q,wzx766j7,m9do9edp,wkpy5rgk,y9m10l95,1
o1yxvv6q,wzx766j7,m9do9edp,wkpy5rgk,n93yk7d0,1
o1yxvv6q,wzx766j7,m9do9edp,wkpy5rgk,ldy8qpw3,1
o1yxvv6q,wzx766j7,m9do9edp,wkpy5rgk,495lp2dp,1
o1yxvv6q,wzx766j7,m9do9edp,wkpy5rgk,5wk14vd4,1
o1yxvv6q,wzx766j7,m9do9edp,wkpy5rgk,29v5nqdv,1
o1yxvv6q,wzx766j7,m9do9edp,wkpy5rgk,r9g1qj92,1
o1yxvv6q,wzx766j7,m9do9edp,wkpy5rgk,z98gprwl,1
o1yxvv6q,wzx766j7,m9do9edp,jdrw05k6,r9g1qj92,3
o1yxvv6q,wzx766j7,m9do9edp,jdrw05k6,z98gp7wl,2
o1yxvv6q,wzx766j7,j1nqoy1p,vdo3nw9d,None,1
o1yxvv6q,wzx766j7,j1nqoy1p,xd1memrd,592oynrd,1
o1yxvv6q,wzx766j7,j1nqoy1p,xd1memrd,ldypo5rd,1
o1yxvv6q,wzx766j7,o1yxvv6q,7kjzq1nd,None,2
o1yxvv6q,wzx766j7,j1nqoy1p,xd1memrd,xd078l4w,1
o1yxvv6q,wzx766j7,j1nqoy1p,xd1memrd,n93gryed,1
o1yxvv6q,wzx766j7,j1nqoy1p,xd1memrd,xd43lrp9,1
o1yxvv6q,wzx766j7,j1nqoy1p,xd1memrd,29vkq5nd,1
o1yxvv6q,wzx766j7,o1yxvv6q,7dg4n7ld,None,1
o1yxvv6q,wzx766j7,29d30dlp,nxd1rk8q,None,145
o1yxvv6q,wzx766j7,j1nqoy1p,xd1memrd,xd07831w,1
o1yxvv6q,wzx766j7,j1nqoy1p,xd1memrd,rw6nze7d,1
o1yxvv6q,wzx766j7,j1nqoy1p,zd30e6vd,29vkq5nd,3
o1yxvv6q,wzx766j7,j1nqoy1p,xd1memrd,n93grned,1
o1yxvv6q,wzx766j7,29d30dlp,jzd3y2nq,None,75
o1yxvv6q,wzx766j7,o1yxvv6q,7kjzq1nd,None,4
o1yxvv6q,wzx766j7,j1nqoy1p,xd1memrd,592oynrd,2
o1yxvv6q,wzx766j7,369q7ldl,vdoyye62,n93y54ed,1
o1yxvv6q,wzx766j7,369q7ldl,vdoyye62,ldy87grw,1
o1yxvv6q,wzx766j7,369q7ldl,vdoyye62,rdn2jz7d,1
o1yxvv6q,wzx766j7,369q7ldl,vdoyye62,xd03rq4d,1
o1yxvv6q,wzx766j7,369q7ldl,vdoyye62,rw6epogd,1
o1yxvv6q,wzx766j7,369q7ldl,vdoyye62,n93y54zd,1
o1yxvv6q,wzx766j7,3dxk0ng1,rkl54g62,None,1
o1yxvv6q,wzx766j7,o6gyxn62,w20pe65k,None,4
o1yxvv6q,wzx766j7,y65gk8de,vdo8531k,None,2
o1yxvv6q,wzx766j7,j1nqoy1p,xd1memrd,rw6nze7d,2
o1yxvv6q,wzx766j7,j1nqoy1p,xd1memrd,n93gryed,2
o1yxvv6q,wzx766j7,n4d7r172,p7kjv4k3,None,21
o1yxvv6q,wzx766j7,yo1yv1q5,wz27gz20,None,11
o1yxvv6q,wzx766j7,j1nqoy1p,xd1memrd,n93grned,2
o1yxvv6q,wzx766j7,j1nqoy1p,xd1memrd,ldypo5rd,2
o1yxvv6q,wzx766j7,j1nqoy1p,xd1memrd,xd078l4w,2
o1yxvv6q,wzx766j7,j1nqoy1p,mke9x59d,None,11
o1yxvv6q,wzx766j7,om1mx362,wkpn1jdr,None,134
o1yxvv6q,wzx766j7,j1nvgy6p,w201zmjk,None,8
o1yxvv6q,wzx766j7,76rm8e18,z277yz02,ewpp3nyw,2
o1yxvv6q,wzx766j7,m1m37x62,zd35z8kn,None,2
o1yxvv6q,wzx766j7,76rm8e18,z277yz02,xd10mpz9,2
o1yxvv6q,wzx766j7,76rm8e18,z277yz02,owokj8jd,2
o1yxvv6q,wzx766j7,n268e96p,z27gypg2,None,7
o1yxvv6q,wzx766j7,46wy8qdr,z27gny42,n93qygrw,2
o1yxvv6q,wzx766j7,29d30dlp,rkle7mw2,None,45
o1yxvv6q,wzx766j7,m9do271p,mkeoy6d6,None,40
o1yxvv6q,wzx766j7,xlde3j63,02qgeg9d,None,8
o1yxvv6q,wzx766j7,xlde3j63,4xk9l6k0,None,37
o1yxvv6q,wzx766j7,n268e96p,7wkp02rm,None,50
o1yxvv6q,wzx766j7,nj1nee1p,gq254vdo,None,50
o1yxvv6q,wzx766j7,ok6qvxdg,824x1rwd,None,9
o1yxvv6q,wzx766j7,m1mx7nx6,vdoore1d,None,9
o1yxvv6q,wzx766j7,lde38l63,wkpow82r,None,1
o1yxvv6q,wzx766j7,9dowpe1p,824ql3k5,xd1peedo,10
o1yxvv6q,wzx766j7,29d30dlp,l9kvjkgq,None,33
o1yxvv6q,wzx766j7,nj1np96p,pmkeg926,None,16
o1yxvv6q,wzx766j7,ok6qvxdg,rklgz8dn,None,13
o1yxvv6q,wzx766j7,xldemx13,37dgw424,None,8
o1yxvv6q,wzx766j7,29d30dlp,02q75pdy,None,6
o1yxvv6q,wzx766j7,o1yxvv6q,n2yj37z2,None,9
o1yxvv6q,wzx766j7,29d30dlp,z2771020,None,74
o1yxvv6q,wzx766j7,ok6qvxdg,ndx80vkq,None,2
o1yxvv6q,wzx766j7,w6jvg56j,wdmzpxe2,None,4
o1yxvv6q,wzx766j7,yo1yv1q5,4xk906k0,None,103
o1yxvv6q,wzx766j7,n4d7r172,7wk6prd1,None,149
o1yxvv6q,wzx766j7,nj1np96p,pmkeg926,None,3
o1yxvv6q,wzx766j7,9do8r31p,rkljo8dn,None,1
o1yxvv6q,wzx766j7,om1mw4d2,l9kv40kg,None,115
o1yxvv6q,wzx766j7,8m1zw310,jdrq8lk6,None,43
o1yxvv6q,wzx766j7,xv1p0468,7dg83l24,None,5
o1yxvv6q,wzx766j7,w6j9wedj,ndx93qvd,gdr83oe9,3
o1yxvv6q,wzx766j7,ok6q991g,l824pw25,None,9
o1yxvv6q,wzx766j7,ok6q991g,9d8x7el2,None,130
o1yxvv6q,wzx766j7,4pd0n31e,7wkp6v2r,None,778
o1yxvv6q,wzx766j7,4pd0n31e,lvdowokp,None,432
o1yxvv6q,kj9y397x,o1yxvv6q,n2yj37z2,None,3
o1yxvv6q,kj9y397x,o1yxvv6q,n2yj37z2,None,23
o1yxvv6q,kj9y397x,o1yxvv6q,n2yj37z2,None,3
o1yxvv6q,8wk0no48,o1yxvv6q,xk9jn84d,None,151
o1yxvv6q,xkor1378,j1n884e1,xd11qj7d,None,4
o1yxvv6q,xkor1378,j1n884e1,vdozn5yk,592m3vgw,1
o1yxvv6q,xkor1378,j1n884e1,vdozn5yk,5wk08g59,1
o1yxvv6q,xkor1378,j1n884e1,9d8ony62,None,3
o1yxvv6q,xkor1378,j1n884e1,vdozn5yk,kwj03ord,2
o1yxvv6q,xkor1378,j1n884e1,xd11qj7d,None,3
o1yxvv6q,xkor1378,j1n884e1,vdozn5yk,69z7xm6w,4
o1yxvv6q,xkor1378,m1mxy9x6,wdmvpr5d,None,5
o1yxvv6q,xkor1378,om1mx362,7kjvmgk3,None,303
o1yxvv6q,xkor1378,pdvz55k6,zd38l8vk,None,29
o1yxvv6q,xkor1378,268w9w96,7dgxo04k,None,8
o1yxvv6q,xkor1378,j1lqqgz6,xd11n6zd,None,2
o1yxvv6q,xkor1378,ldej3o51,wk60wgpk,None,26
o1yxvv6q,xkor1378,j1n884e1,vdozn5yk,nwl0nkpw,1
o1yxvv6q,xkor1378,j1n884e1,vdozn5yk,ywe0nzq9,8
o1yxvv6q,xkor1378,m1mxy9x6,q25ez1y2,None,1
o1yxvv6q,xkor1378,w6j7exe6,wkp541vd,kwjke8z9,2
o1yxvv6q,xkor1378,m1mxy9x6,zdnlgye2,rdqopkkw,3
o1yxvv6q,xkor1378,m1mxy9x6,wdmvpr5d,None,4
o1yxvv6q,xkor1378,m1mxy9x6,zdnlgye2,5d7xnmg9,3
o1yxvv6q,xkor1378,m1mxy9x6,zdnlgye2,kwj6xqnd,2
o1yxvv6q,xkor1378,m1mxy9x6,wdmvpr5d,None,4
o1yxvv6q,xkor1378,m1mxy9x6,zdnlgye2,495z3109,2
o1yxvv6q,xkor1378,m1mxy9x6,zdnlgye2,r9gneg5d,3
o1yxvv6q,xkor1378,o6glvqod,wk6v7xed,None,73
o1yxvv6q,xkor1378,369p7el1,wdm8wpe2,None,10
o1yxvv6q,xkor1378,m1mxy9x6,wkp0wng2,None,5
o1yxvv6q,xkor1378,m1mxy9x6,zdnlgye2,69z6ygld,6
o1yxvv6q,xkor1378,m1mxy9x6,xk9ezx42,69z6ygld,4
o1yxvv6q,xkor1378,m1mxy9x6,zdnlgye2,o9xo8e09,3
o1yxvv6q,xkor1378,o1yxvv6q,xk9jn84d,None,11
o1yxvv6q,xkor1378,j1llej71,q25eopw2,None,2
o1yxvv6q,xkor1378,yo1yv1q5,wdm8v332,495jok2w,30
o1yxvv6q,68wll23j,4d74erd7,5dwmzgkg,None,4
o1yxvv6q,68wll23j,4d74erd7,mkegm926,None,18
o1yxvv6q,68wll23j,o1yxvv6q,jdr17vg2,None,17
o1yxvv6q,68wll23j,o1yxvv6q,jdr17vg2,None,13
o1yxvv6q,x72z9dv8,j1n884e1,9d8ony62,None,6
o1yxvv6q,x72z9dv8,j1n884e1,xd11qj7d,None,7
o1yxvv6q,x72z9dv8,268q8o6p,n2yn1yzk,None,13
o1yxvv6q,x72z9dv8,lde5y5d3,wk617oqd,None,49
o1yxvv6q,x72z9dv8,9do5ym1p,vdoxlnyd,None,5
o1yxvv6q,x72z9dv8,j1n884e1,vdozn5yk,nwl0nkpw,1
o1yxvv6q,x72z9dv8,j1ne2y1p,7dg0oe7k,None,11
o1yxvv6q,x72z9dv8,pdvz4v6w,9d86qw2n,None,21
o1yxvv6q,x72z9dv8,pdvz4v6w,9kvmv3kg,None,245
o1yxvv6q,x72z9dv8,yo1yv1q5,xk9l5yk0,None,87
o1yxvv6q,x72z9dv8,m1mxy9x6,xd14zq7d,None,3
o1yxvv6q,x72z9dv8,m1mxy9x6,xk9ezx42,o9xo8e09,4
o1yxvv6q,x72z9dv8,m1mxy9x6,wdmvpr5d,None,6
o1yxvv6q,x72z9dv8,pd0py36e,vdo3oqyd,None,2808
o1yxvv6q,x72z9dv8,o1y9pyk6,mke9xe9d,rdqn141d,82
o1yxvv6q,x72z9dv8,m1mxy9x6,wkp0wng2,None,6
o1yxvv6q,x72z9dv8,o1yxvv6q,wk61oord,None,12
o1yxvv6q,x72z9dv8,m9dowk1p,p7kjr423,None,42
o1yxvv6q,x72z9dv8,m1mxy9x6,wdmvpr5d,None,7
o1yxvv6q,x72z9dv8,m1mxy9x6,xk9ezx42,69z6ygld,5
o1yxvv6q,x72z9dv8,m1mxy9x6,zdnlgye2,69z6ygld,8
o1yxvv6q,x72z9dv8,yo1yv1q5,wdm8v332,z98rojpd,8
o1yxvv6q,x72z9dv8,yo1yv1q5,wdm8v332,owok17vd,13
o1yxvv6q,86vvvn0j,o1yxvv6q,xk9jn84d,None,87
o1yxvv6q,86vvvn0j,yo1yv1q5,wdm8v332,xd10evq9,4
o1yxvv6q,86vvvn0j,o1yxvv6q,xk9jn84d,None,15
o1yxvv6q,86vvvn0j,yo1yv1q5,wdm8v332,xd10kez9,16
o1yxvv6q,86vvvn0j,yo1yv1q5,wdm8v332,y9meq5ld,16
o1yxvv6q,pj0d0prx,o1yxvv6q,xk9jn84d,None,6
o1yxvv6q,pj0d0prx,yo1yv1q5,4xk906k0,None,23
o1yxvv6q,pj0d0prx,yo1yv1q5,wz27gz20,None,13
o1yxvv6q,pj0d0prx,w6j7exe6,02q4nq9d,None,14
o1yxvv6q,pj0d0prx,yo1yv1q5,9kvx6x02,None,4
o1yxvv6q,pj0d0prx,yo1yv1q5,vdo46qy2,None,8
o1yxvv6q,xkoyq678,yo1yv1q5,wdm8v332,xd1jz05d,2
o1yxvv6q,xkoyq678,yo1yv1q5,7kjr19x2,None,5
o1yxvv6q,xkoyq678,yo1yv1q5,xk9l5yk0,None,1
o1yxvv6q,xkoyq678,9dow271p,jdze1p6d,None,5
o1yxvv6q,xkoyq678,yo1yv1q5,wdm8v332,n9305279,2
o1yxvv6q,xkoyq678,76r43l18,wkpo8v82,None,102
o1yxvv6q,xkoyq678,76r43l18,w20wryod,None,37
o1yxvv6q,xkoyq678,4d728l67,824nlv3k,None,8
o1yxvv6q,xkoyq678,o1yxvv6q,xk9jn84d,None,6
o1yxvv6q,xkoyq678,yo1yv1q5,zdnq1pqd,None,1
o1yxvv6q,xkoyq678,yo1yv1q5,wdm8v332,xd467009,1
o1yxvv6q,xkoyq678,yo1yv1q5,vdo0nzod,None,5
o1yxvv6q,xkoyq678,ldejn951,jdrn010k,None,5
o1yxvv6q,xkoyq678,yo1yv1q5,wdm8v332,5d7zx4qw,1
o1yxvv6q,xkoyq678,j1n884e1,xd11qj7d,None,3
o1yxvv6q,xkoyq678,j1n884e1,xd11qj7d,None,2
o1yxvv6q,xkoyq678,j1n884e1,vdozn5yk,69z7xm6w,1
o1yxvv6q,xkoyq678,j1n884e1,vdozn5yk,o9x6km69,3
o1yxvv6q,xkoyq678,j1n884e1,vdozn5yk,ywe0nzq9,4
o1yxvv6q,xkoyq678,yo1yv1q5,xk9g1w6d,None,6
o1yxvv6q,xkoyq678,yo1yv1q5,wdm8v332,xd10z269,3
o1yxvv6q,xkoyq678,268wvpy6,7kj9g9z2,None,4
o1yxvv6q,xkoyq678,v1poggz6,wk6eogo2,None,1
o1yxvv6q,xkoyq678,nd22ved0,w20pn98k,None,22
o1yxvv6q,xkoyq678,y655lg06,xd1jy6wd,None,25
o1yxvv6q,xkoyq678,29d30dlp,nxd1rk8q,None,22
o1yxvv6q,xkoyq678,29d30dlp,z2771020,None,5
o1yxvv6q,xkoyq678,yo1yv1q5,wdm8v332,495jok2w,2
o1yxvv6q,xkoyq678,yo1yv1q5,wdm8v332,xd00mmmd,1
o1yxvv6q,xkoyq678,9dow271p,jdze1p6d,None,7
o1yxvv6q,xkoyq678,9dow271p,jdze1p6d,None,4
o1yxvv6q,xkoyq678,9dow271p,jdze1p6d,None,4
o1yxvv6q,xkoyq678,ok6q4mdg,rkl3p4nk,None,6
o1yxvv6q,xkoyq678,k6q4rqzd,xk986z42,None,18
o1yxvv6q,xkoyq678,k6q4rqzd,xk986z42,None,15
o1yxvv6q,xkoyq678,o6gxkxd2,9kvpqrjk,None,21
o1yxvv6q,xkoyq678,29d30dlp,9d8v6j7k,None,13
o1yxvv6q,xkoyq678,29d30dlp,jzd3y2nq,None,29
o1yxvv6q,xkoyq678,n4d7r172,7wk6prd1,None,57
o1yxvv6q,xkoyq678,n4d7r172,wkpjll0k,xd46olq9,2
o1yxvv6q,xkoyq678,29d30dlp,zd30m4yd,5d7qg4ew,2
o1yxvv6q,xkoyq678,9dowpe1p,vdo3l9dp,None,71
o1yxvv6q,xkoyq678,w6jl2z4d,jdro6ngd,None,13
o1yxvv6q,xkoyq678,29d30dlp,rkle7mw2,None,37
o1yxvv6q,xkoyq678,yo1yv1q5,wz27gz20,None,27
o1yxvv6q,xkoyq678,o1y9pyk6,mke9xe9d,5d7e0vvw,559
o1yxvv6q,xkoyq678,v1poggz6,mkelrpjd,None,1
o1yxvv6q,xkoyq678,9dow271p,7kjzwzd3,None,31
o1yxvv6q,xkoyq678,9dow271p,jdrpx4l2,r9gzzxqd,5
o1yxvv6q,xkoyq678,pd0wj421,7dgnqzp2,None,196
o1yxvv6q,xkoyq678,yo1yv1q5,wdm8v332,y9meq5ld,3
o1yxvv6q,xkoyq678,yo1yv1q5,wdm8v332,rw6v88p9,17
o1yxvv6q,xkoyq678,yo1yv1q5,wdm8v332,gdrjm4ew,3
o1yxvv6q,xkoyq678,yo1yv1q5,wdm8v332,29v31y1w,4
o1yxvv6q,xkoyq678,yo1yv1q5,wdm8v332,nwl6x6pw,5
o1yxvv6q,xkoyq678,9dow271p,jdrpx4l2,5wk22p5w,6
o1yxvv6q,xkoyq678,9dow271p,wdmz9x42,gdrjj28w,17
o1yxvv6q,xkoyq678,v1poggz6,wk6eogo2,None,2
o1yxvv6q,xkoyq678,yo1yv1q5,wdm8v332,xd10evq9,2
o1yxvv6q,xkoyq678,yo1yv1q5,wdm8v332,rdq026mw,3
o1yxvv6q,xkoyq678,yo1yv1q5,wdm8v332,z98jv27w,5
o1yxvv6q,xkoyq678,yo1yv1q5,wdm8v332,69zplrgw,6
o1yxvv6q,xkoyq678,yo1yv1q5,wdm8v332,z98zkyg9,3
o1yxvv6q,xkoyq678,v1poggz6,wk6eogo2,None,2
o1yxvv6q,xkoyq678,v1poggz6,wdmvpvxd,None,2
o1yxvv6q,xkoyq678,v1poggz6,wdmvpvxd,None,2
o1yxvv6q,xkoyq678,yo1yv1q5,wdm8v332,ywe4k2qd,11
o1yxvv6q,xkoyq678,yo1yv1q5,wdm8v332,owok17vd,9
o1yxvv6q,xkoyq678,yo1yv1q5,wdm8v332,z98rojpd,8
o1yxvv6q,xkoyq678,yo1yv1q5,wdm8v332,z98jv2rw,12
o1yxvv6q,18qg4l7x,3dxkx0g1,zd35epnk,None,62
o1yxvv6q,18qg4l7x,o1yxvv6q,xk9jn84d,None,126
o1yxvv6q,r5j5nzjv,o1yxvv6q,n2yj37z2,None,10
o1yxvv6q,r5j5nzjv,n4d7r172,7wk6prd1,None,136
o1yxvv6q,r5j5nzjv,29d30dlp,nxd1rk8q,None,182
o1yxvv6q,r5j5nzjv,29d30dlp,rkle7mw2,None,47
o1yxvv6q,r5j5nzjv,29d30dlp,z2771020,None,54
o1yxvv6q,r5j5nzjv,29d30dlp,zd30m4yd,ewp7oylw,11
o1yxvv6q,r5j5nzjv,29d30dlp,zd30m4yd,5920rlgd,16
o1yxvv6q,r5j5nzjv,m9dowk1p,p7kjr423,None,36
o1yxvv6q,81425lp8,yo1yv1q5,wdm8v332,rdn5jond,4
o1yxvv6q,81425lp8,yo1yv1q5,wdm8v332,z98jv2rw,2
o1yxvv6q,81425lp8,o1yxvv6q,xk9jn84d,None,114
o1yxvv6q,81425lp8,yo1yv1q5,wdm8v332,owok17vd,9
o1yxvv6q,81425lp8,yo1yv1q5,wdm8v332,495jok2w,29
o1yxvv6q,81425lp8,yo1yv1q5,wdm8v332,gdrjm4ew,10
o1yxvv6q,81425lp8,yo1yv1q5,wdm8v332,z98jv27w,10
o1yxvv6q,81425lp8,yo1yv1q5,wdm8v332,ywe4k2qd,10
o1yxvv6q,81425lp8,yo1yv1q5,wdm8v332,592j2g7w,3
o1yxvv6q,81425lp8,yo1yv1q5,wdm8v332,ewppm7lw,5
o1yxvv6q,81425lp8,yo1yv1q5,wdm8v332,owoko1jd,6
o1yxvv6q,81425lp8,o1yxvv6q,xk9jn84d,None,27
o1yxvv6q,81425lp8,yo1yv1q5,wdm8v332,ywe4kzqd,6
o1yxvv6q,v81647qx,o1yxvv6q,xk9jn84d,None,44
o1yxvv6q,v81647qx,76r43l18,w20wryod,None,167
o1yxvv6q,v81647qx,29d30dlp,nxd1rk8q,None,129
o1yxvv6q,v81647qx,yo1yv1q5,4xk906k0,None,49
o1yxvv6q,v81647qx,nd22xvd0,w20pq58k,None,1017
o1yxvv6q,v81647qx,ok6qq06g,wkpjr8kr,None,59
o1yxvv6q,v81647qx,yo1yv1q5,xk9l5yk0,None,35
o1yxvv6q,v81647qx,w6j7exe6,9d8yq7lk,None,8
o1yxvv6q,v81647qx,ldemjl13,ndx8xljk,None,331
o1yxvv6q,v81647qx,76r2nvd8,n2y1x512,None,31
o1yxvv6q,v81647qx,76r2nvd8,z277pvo2,None,108
o1yxvv6q,v81647qx,76r2nvd8,n2y1x512,None,63
o1yxvv6q,v81647qx,76r2nvd8,n2y1x512,None,28
o1yxvv6q,v81647qx,76r2nvd8,xk9l93yk,None,27
o1yxvv6q,v81647qx,76r2nvd8,n2y1x512,None,30
o1yxvv6q,v81647qx,76r2nvd8,xk9l93yk,None,38
o1yxvv6q,v81647qx,76r2nvd8,xk904wvk,None,315
o1yxvv6q,v81647qx,76r2nvd8,7dggz4pd,None,157
o1yxvv6q,v81647qx,76r2nvd8,7kjr59z2,None,128
o1yxvv6q,v81647qx,76r2nvd8,n2y1x512,None,50
o1yxvv6q,v81647qx,76r2nvd8,xk9lyxgk,None,116
o1yxvv6q,v81647qx,w6j0k2dj,rklgzord,None,13
o1yxvv6q,v81647qx,4pd0n31e,wk6pexd1,None,799
o1yxvv6q,v81647qx,76r43l18,7kjpj1zk,None,6
o1yxvv6q,v81647qx,76r43l18,mkezgrnk,None,20
o1yxvv6q,v81647qx,76r43l18,w20wryod,None,36
o1yxvv6q,v81647qx,76r43l18,wkpo8v82,None,40
o1yxvv6q,v81647qx,76r43l18,wkpo8v82,None,101
o1yxvv6q,v81647qx,76r43l18,mkezgrnk,None,25
o1yxvv6q,v81647qx,76r43l18,z2760lod,None,5
o1yxvv6q,814993r8,o1yxvv6q,xk9jn84d,None,57
o1yxvv6q,814993r8,9d3rx99d,jdrl8qnd,None,6
o1yxvv6q,814993r8,9d3lrydl,q25o758k,None,52
o1yxvv6q,814993r8,yo1yv1q5,4xk906k0,None,77
o1yxvv6q,814993r8,268yw5dp,w201lw5k,ewpjr74w,50
o1yxvv6q,x720n2r8,o1yxvv6q,n2yj37z2,None,19
o1yxvv6q,x720n2r8,o1yxvv6q,7kjzq1nd,None,42
o1yxvv6q,x720n2r8,o1yxvv6q,xk9jn84d,None,13
o1yxvv6q,x720n2r8,o1yxvv6q,9d8jx46k,None,59
o1yxvv6q,x720n2r8,nd22xvd0,w20pq58k,None,1134
o1yxvv6q,x720n2r8,m1mx0ox6,n2y7wn72,n938532w,277
o1yxvv6q,e8e2g3d8,o1yxvv6q,xk9jn84d,None,96
o1yxvv6q,e8e2g3d8,yo1yv1q5,wdm8v332,xd10kez9,23
o1yxvv6q,e8e2g3d8,yo1yv1q5,wdm8v332,495jok2w,23
o1yxvv6q,e8e2g3d8,yo1yv1q5,wdm8v332,y9meq5ld,22
o1yxvv6q,e8e2g3d8,yo1yv1q5,wdm8v332,ywe4rkld,14
o1yxvv6q,e8e2g3d8,yo1yv1q5,wdm8v332,rw6v88p9,34
o1yxvv6q,qjngvmw8,o1yxvv6q,xk9jn84d,None,90
o1yxvv6q,61xymxr9,29d30dlp,nxd1rk8q,None,91
o1yxvv6q,61xymxr9,o1yxvv6q,7kjzq1nd,None,8
o1yxvv6q,61xymxr9,29d30dlp,zd30m4yd,rw6v6169,2
o1yxvv6q,j260lplx,om1mx362,wkpn1jdr,None,1
o1yxvv6q,j260lplx,om1mx362,n2yrzm8d,None,2
o1yxvv6q,j260lplx,om1mx362,xk9436d0,None,2
o1yxvv6q,j260lplx,om1mx362,rklzx7n2,None,9
o1yxvv6q,j260lplx,o1yxvv6q,9d8jx46k,None,4
o1yxvv6q,j260lplx,o1yxvv6q,9d8jx46k,None,6
o1yxvv6q,j260lplx,om1mx362,7kjvmgk3,None,18
o1yxvv6q,j260lplx,om1mx362,7kjvmgk3,None,18
o1yxvv6q,j260lplx,om1mx362,7kjvmgk3,None,90
o1yxvv6q,j260lplx,om1mx362,7kjvmgk3,None,47
o1yxvv6q,j260lplx,om1mx362,7kjvmgk3,None,37
o1yxvv6q,zx7g5yqx,yo1yv1q5,xk9g1w6d,None,46
o1yxvv6q,zx7g5yqx,o1yxvv6q,xk9jn84d,None,192
o1yxvv6q,zx7g5yqx,om1mx362,n2yp8m2o,None,74
o1yxvv6q,jmo0rqe8,pdvz55k6,zd38l8vk,None,3
o1yxvv6q,jmo0rqe8,yd4kkjx6,jdrwnnlk,None,2
o1yxvv6q,jmo0rqe8,yd4kkjx6,jdr9ymxd,None,3
o1yxvv6q,jmo0rqe8,369p4nl1,jdz97zr2,None,3
o1yxvv6q,jmo0rqe8,m9dok31p,mndxp12q,None,101
o1yxvv6q,jmo0rqe8,kdklk26m,vdopvyv2,None,2
o1yxvv6q,jmo0rqe8,kyd4pxde,xd1m7rd8,None,7
o1yxvv6q,jmo0rqe8,m9dok31p,z273lzd0,None,63
o1yxvv6q,jmo0rqe8,76r8y5d8,xk9n36x2,None,17
o1yxvv6q,jmo0rqe8,46w0n91r,824rg9gd,None,39
o1yxvv6q,jmo0rqe8,9d3rvwdl,w2016jkn,None,43
o1yxvv6q,jmo0rqe8,m1mxx362,zd3ymr2n,None,209
o1yxvv6q,jmo0rqe8,j1n884e1,9d8ony62,None,8
o1yxvv6q,jmo0rqe8,m1mxy9x6,xk9ezx42,495z3109,1
o1yxvv6q,jmo0rqe8,m1mxy9x6,xk9ezx42,5d7xnmg9,1
o1yxvv6q,jmo0rqe8,m1mxy9x6,xk9ezx42,rdqopkkw,1
o1yxvv6q,jmo0rqe8,m1mxy9x6,wdmvpr5d,None,2
o1yxvv6q,jmo0rqe8,m1mxy9x6,xk9ezx42,kwj6xqnd,1
o1yxvv6q,jmo0rqe8,m1mxy9x6,xk9ezx42,69z6ygld,1
o1yxvv6q,jmo0rqe8,m1mxy9x6,xk9ezx42,r9gneg5d,1
o1yxvv6q,jmo0rqe8,m1mxy9x6,xk9ezx42,o9xo8e09,1
o1yxvv6q,jmo0rqe8,m1mxy9x6,zdnlgye2,r9gneg5d,2
o1yxvv6q,jmo0rqe8,m1mxy9x6,zdnlgye2,owo5opod,1
o1yxvv6q,jmo0rqe8,m1mxy9x6,zdnlgye2,kwj6xqnd,1
o1yxvv6q,jmo0rqe8,m1mxy9x6,zdnlgye2,5d7xnmg9,2
o1yxvv6q,jmo0rqe8,m1mxy9x6,zdnlgye2,rdqopkkw,2
o1yxvv6q,jmo0rqe8,m1mxy9x6,zdnlgye2,495z3109,1
o1yxvv6q,jmo0rqe8,pdvz55k6,rkl3g36k,None,11
o1yxvv6q,jmo0rqe8,yo1yv1q5,4xk906k0,None,40
o1yxvv6q,jmo0rqe8,o1yxvv6q,xk9jn84d,None,52
o1yxvv6q,jmo0rqe8,yd4kkjx6,jdzexjvd,None,3
o1yxvv6q,jmo0rqe8,yo1yv1q5,xk9g1w6d,None,35
o1yxvv6q,jmo0rqe8,j1n884e1,xd11qj7d,None,9
o1yxvv6q,jmo0rqe8,yo1yv1q5,vdo0nzod,None,17
o1yxvv6q,jmo0rqe8,m1mxy9x6,q25ez1y2,None,3
o1yxvv6q,jmo0rqe8,m1mxy9x6,wdmvpr5d,None,5
o1yxvv6q,jmo0rqe8,m1mxy9x6,wkp0wng2,None,4
o1yxvv6q,jmo0rqe8,m1mxy9x6,wdmvpr5d,None,6
o1yxvv6q,jmo0rqe8,m1mxy9x6,zdnlgye2,69z6ygld,3
o1yxvv6q,jmo0rqe8,m1mxy9x6,zdnlgye2,o9xo8e09,4
o1yxvv6q,j0nzg748,om1mx362,7kjvmgk3,None,46
o1yxvv6q,j0nzg748,om1mx362,7kjvmgk3,None,39
o1yxvv6q,j0nzg748,om1mx362,7kjvmgk3,None,30
o1yxvv6q,j0nzg748,om1mx362,7kjvmgk3,None,95
o1yxvv6q,j0nzg748,om1mx362,7kjvmgk3,None,39
o1yxvv6q,j0nzg748,om1mx362,7kjvmgk3,None,37
o1yxvv6q,j0nzg748,om1mx362,rklzx7n2,None,11
o1yxvv6q,j0nzg748,o1yxvv6q,9d8jx46k,None,68
o1yxvv6q,68w30ezj,nj1nee1p,gq254vdo,None,3
o1yxvv6q,68w30ezj,nj1nee1p,ndx8jxjk,r9g6eqjw,3
o1yxvv6q,68w30ezj,nj1nee1p,ndx8jxjk,69z7yexw,3
o1yxvv6q,68w30ezj,nj1nee1p,ndx8jxjk,ywe0rxl9,2
o1yxvv6q,68w30ezj,n268e96p,7wkp02rm,None,1
o1yxvv6q,68w30ezj,n268e96p,z27gypg2,None,1
o1yxvv6q,68w30ezj,xlde3j63,4xk9l6k0,None,3
o1yxvv6q,68w30ezj,o1yj0pr1,n2yv8112,None,8
o1yxvv6q,68w30ezj,n4d7r172,xn2yqmko,None,1
o1yxvv6q,68w30ezj,n268e96p,zd3yexe2,None,2
o1yxvv6q,68w30ezj,n4d7r172,p7kjv4k3,None,2
o1yxvv6q,68w30ezj,n4d7r172,wkpjll0k,ldyeo4jw,1
o1yxvv6q,68w30ezj,n4d7r172,wkpjll0k,z98jkxrw,2
o1yxvv6q,68w30ezj,o1yxvv6q,n2yj37z2,None,1
o1yxvv6q,68w30ezj,n4d7r172,7wk6prd1,None,1
o1yxvv6q,68w30ezj,o1yxvv6q,n2yj37z2,None,2
o1yxvv6q,68w30ezj,o1yxvv6q,n2yj37z2,None,1
o1yxvv6q,68w30ezj,o1yxvv6q,n2yj37z2,None,2
o1yxvv6q,68w30ezj,n4d7r172,wkpjll0k,ywe4e6qd,2
o1yxvv6q,68w30ezj,n4d7r172,wkpjll0k,xd46olq9,4
o1yxvv6q,68w30ezj,n4d7r172,w20zmodn,None,2
o1yxvv6q,68w30ezj,o1yxvv6q,xk9jn84d,None,35
o1yxvv6q,68w30ezj,v1ppq818,ndxn1okq,rw6lq7w7,4
o1yxvv6q,68w30ezj,v1ppq818,n2yn37ko,rw6lq7w7,6
o1yxvv6q,68w30ezj,n4d7r172,wkpjll0k,29vyrqq9,2
o1yxvv6q,68w30ezj,n4d7r172,wkpjll0k,rdq0kxmw,2
o1yxvv6q,68w30ezj,n4d7r172,wkpjll0k,495j172w,3
o1yxvv6q,68w30ezj,n4d7r172,wkpjll0k,o9x2ep6w,1
o1yxvv6q,68w30ezj,n4d7r172,wkpjll0k,y9meoozd,2
o1yxvv6q,68w30ezj,n4d7r172,wkpjll0k,29vyrrq9,1
o1yxvv6q,68w30ezj,n4d7r172,wkpjll0k,xd46ooq9,1
o1yxvv6q,68w30ezj,n4d7r172,wkpjll0k,ewpp66yw,2
o1yxvv6q,68w30ezj,n4d7r172,wkpjll0k,xd10qqz9,4
o1yxvv6q,68w30ezj,4pd0n31e,wk6pexd1,None,473
o1yxvv6q,68w30ezj,n4d7r172,wkpjll0k,xd0058md,6
o1yxvv6q,68w30ezj,29d30dlp,nxd1rk8q,None,49
o1yxvv6q,68w30ezj,n4d7r172,z27g8520,None,2
o1yxvv6q,68w30ezj,n4d7r172,wkpjll0k,xd10qgq9,2
o1yxvv6q,68w30ezj,n4d7r172,wkpjll0k,owokpzvd,1
o1yxvv6q,68w30ezj,n4d7r172,wkpjll0k,ldyezmpw,1
o1yxvv6q,68w30ezj,yo1yv1q5,4xk906k0,None,35
o1yxvv6q,68w30ezj,yo1yv1q5,xk9l5yk0,None,34
o1yxvv6q,68w30ezj,o1yxvv6q,n2yj37z2,None,2
o1yxvv6q,68w30ezj,o1yxvv6q,n2yj37z2,None,2
o1yxvv6q,68w30ezj,n4d7r172,wkpjll0k,kwjyqq0w,4
o1yxvv6q,68w30ezj,n4d7r172,wkpjll0k,kwjyqnrw,2
o1yxvv6q,68w30ezj,n4d7r172,wkpjll0k,y9meolld,1
o1yxvv6q,68w30ezj,n4d7r172,wkpjll0k,ldyezmjw,2
o1yxvv6q,68w30ezj,n4d7r172,q254wgdo,None,5
o1yxvv6q,68w30ezj,n4d7r172,wkpjll0k,gdrj3zew,3
o1yxvv6q,68w30ezj,n4d7r172,wkpjll0k,592j777w,2
o1yxvv6q,qxk6ek68,o1yxvv6q,xk9jn84d,None,189
o1yxvv6q,8e9zzr7j,m1z9l2d0,vdom0912,None,385
o1yxvv6q,8e9zzr7j,v1pxp046,wkp51vwd,o9xg756d,27
o1yxvv6q,8e9zzr7j,v1pxp046,wkp51vwd,rdq872md,22
o1yxvv6q,8e9zzr7j,yd4o0qw1,7kj14mzk,None,31
o1yxvv6q,8e9zzr7j,pd0n301e,wk6egq21,None,15
o1yxvv6q,8e9zzr7j,m1z9l2d0,wdmlzyxk,None,457
o1yxvv6q,8e9zzr7j,v1pxp046,wkp51vwd,r9gl40qw,10
o1yxvv6q,8e9zzr7j,9d3rjzgd,w2083z8d,None,18
o1yxvv6q,8e9zzr7j,v1pxp046,wkp51vwd,69z52o69,10
o1yxvv6q,8e9zzr7j,v1pxp046,wkp51vwd,xd1mxved,19
o1yxvv6q,8e9zzr7j,v1pxp046,wkp51vwd,ewp3xmld,10
o1yxvv6q,8e9zzr7j,v1pxp046,wkp51vwd,ywey5kqd,18
o1yxvv6q,8e9zzr7j,v1pxp046,wkp51vwd,kwjgzlrw,8
o1yxvv6q,8e9zzr7j,v1pxp046,9d8y4g3k,None,12
o1yxvv6q,8e9zzr7j,268e25y6,5dw7gpnk,xd4yp38d,7
o1yxvv6q,8e9zzr7j,268e25y6,02q3px7k,xd4yp38d,4
o1yxvv6q,8e9zzr7j,268e25y6,02q3px7k,ywenmxyw,10
o1yxvv6q,8e9zzr7j,om1mx362,wkpn1jdr,None,139
o1yxvv6q,8e9zzr7j,j1nqoy1p,mke9x59d,None,81
o1yxvv6q,8e9zzr7j,o1yxvv6q,9d8jx46k,None,19
o1yxvv6q,8e9zzr7j,j1nqoy1p,7kjgp1zk,None,18
o1yxvv6q,8e9zzr7j,j1ll28z1,7kj173gk,None,15
o1yxvv6q,8e9zzr7j,kyd4pxde,8247nn25,None,28
o1yxvv6q,jn3vno4x,nd2r5v60,wdm3x3kq,n931gzd0,1
o1yxvv6q,jn3vno4x,nd2r5v60,wdm3x3kq,rw61ng97,1
o1yxvv6q,jn3vno4x,nd2r5v60,wdm3x3kq,xd0174wq,1
o1yxvv6q,jn3vno4x,nd2r5v60,wdm3x3kq,xd0174wq,3
o1yxvv6q,jn3vno4x,nd2r5v60,wdm3x3kq,xd413rdm,52
o1yxvv6q,jn3vno4x,yd4k72x6,9kvlro82,None,1
o1yxvv6q,jn3vno4x,kdkx9g6m,q25q08y2,None,1
o1yxvv6q,jn3vno4x,yd4opvx1,vdo1pqo2,ewp8xnz9,1
o1yxvv6q,jn3vno4x,yd4opvx1,wkp3gqv2,ewp8xnz9,1
o1yxvv6q,jn3vno4x,yd4opvx1,02qvxlzd,None,1
o1yxvv6q,jn3vno4x,yd4k72x6,9kvlro82,None,1
o1yxvv6q,jn3vno4x,76r30j56,wk6404od,None,1
o1yxvv6q,jn3vno4x,76r30j56,7kj7o73k,None,1
o1yxvv6q,jn3vno4x,76r30j56,n2ymem72,None,3
o1yxvv6q,jn3vno4x,76r30j56,zdn7n7nk,None,1
o1yxvv6q,jn3vno4x,yd4okqp1,rkl0zpwk,None,2
o1yxvv6q,jn3vno4x,kdkx9g6m,q25q08y2,None,1
o1yxvv6q,jn3vno4x,kdkx9g6m,zdn4mrek,xd4jgrqd,1
o1yxvv6q,jn3vno4x,46wryl1r,xd1v8wd8,None,2
o1yxvv6q,jn3vno4x,46wryl1r,824ry8ed,None,2
o1yxvv6q,jn3vno4x,46wryl1r,xd1v8wd8,None,9
o1yxvv6q,jn3vno4x,46wryl1r,824ry8ed,None,13
o1yxvv6q,jn3vno4x,kdkx9g6m,zdn4mrek,592zen79,1
o1yxvv6q,jn3vno4x,kdkx9g6m,9d867j62,xd4jgrqd,1
o1yxvv6q,jn3vno4x,nd2r5v60,vdol89dp,xd413rdm,1
o1yxvv6q,jn3vno4x,nd2r5v60,wdm3x3kq,xd413rdm,1
o1yxvv6q,jn3vno4x,kdkx9g6m,8246ymmd,None,1
o1yxvv6q,jn3vno4x,nd2r5v60,wdm3x3kq,xd413rdm,16
o1yxvv6q,jn3vno4x,kdkx9g6m,zdn4mrek,rdn0rqnw,1
o1yxvv6q,jn3vno4x,kdkx9g6m,zdn4mrek,5wkj41vd,1
o1yxvv6q,jn3vno4x,kdkx9g6m,zdn4mrek,rdn0rqnw,1
o1yxvv6q,jn3vno4x,kdkx9g6m,zdn4mrek,5wkj41vd,1
o1yxvv6q,jn3vno4x,kdkx9g6m,9d867j62,592zen79,1
o1yxvv6q,jn3vno4x,kdkx9g6m,9d867j62,rdn0rqnw,1
o1yxvv6q,jn3vno4x,yd4k72x6,vdo5pmyk,gdrn07z9,1
o1yxvv6q,jn3vno4x,kdkx9g6m,9d867j62,5wkj41vd,1
o1yxvv6q,jn3vno4x,j1ll9g71,w20ygv8k,None,1
o1yxvv6q,jn3vno4x,yd4k72x6,wdm5ml52,gdrn07z9,1
o1yxvv6q,jn3vno4x,9dowp2o1,mke9j19d,None,3
o1yxvv6q,jn3vno4x,9dowp2o1,mke9j19d,None,3
o1yxvv6q,jn3vno4x,9dowp2o1,mke9j19d,None,3
o1yxvv6q,jn3vno4x,9dowp2o1,mke9j19d,None,5
o1yxvv6q,jn3vno4x,9dowp2o1,mke9j19d,None,3
o1yxvv6q,jn3vno4x,9dowp2o1,mke9j19d,None,3
o1yxvv6q,jn3vno4x,9dowp2o1,mke9j19d,None,3
o1yxvv6q,jn3vno4x,9dowp2o1,vdo8qeok,None,5
o1yxvv6q,jn3vno4x,9dowp2o1,vdo8qeok,None,7
o1yxvv6q,jn3vno4x,9dowp2o1,mke9j19d,None,2
o1yxvv6q,jn3vno4x,9dowp2o1,mke9j19d,None,3
o1yxvv6q,jn3vno4x,9dowp2o1,mke9j19d,None,3
o1yxvv6q,jn3vno4x,9dowp2o1,mke9j19d,None,2
o1yxvv6q,jn3vno4x,9dowp2o1,mke9j19d,None,3
o1yxvv6q,jn3vno4x,9dowp2o1,mke9j19d,None,3
o1yxvv6q,jn3vno4x,9dowp2o1,mke9j19d,None,2
o1yxvv6q,jn3vno4x,9dowp2o1,mke9j19d,None,6
o1yxvv6q,jn3vno4x,9dowp2o1,mke9j19d,None,4
o1yxvv6q,jn3vno4x,9dowp2o1,mke9j19d,None,3
o1yxvv6q,jn3vno4x,9dowp2o1,mke9j19d,None,3
o1yxvv6q,jn3vno4x,9dowp2o1,vdo8qeok,None,3
o1yxvv6q,jn3vno4x,9dowp2o1,vdo8qeok,None,6
o1yxvv6q,jn3vno4x,4d79w2r1,n2yex3mk,None,1
o1yxvv6q,jn3vno4x,m1zkmjm1,9d8lgg32,None,1
o1yxvv6q,jn3vno4x,ldenm5d3,w20pxrok,None,51
o1yxvv6q,jn3vno4x,m1zk4310,rklx90rk,None,37
o1yxvv6q,jn3vno4x,kdkx9g6m,9d867j62,592zen79,1
o1yxvv6q,jn3vno4x,kdkx9g6m,9d867j62,5wkj41vd,1
o1yxvv6q,jn3vno4x,kdkx9g6m,9d867j62,rdn0rqnw,1
o1yxvv6q,jn3vno4x,kdkx9g6m,8246ymmd,None,1
o1yxvv6q,jn3vno4x,y65pnede,wkpqx9jd,None,1
o1yxvv6q,jn3vno4x,y65pnede,vdoqlz6k,None,1
o1yxvv6q,jn3vno4x,y65pnede,wkpqx9jd,None,1
o1yxvv6q,jn3vno4x,y65pnede,vdoqlz6k,None,2
o1yxvv6q,jn3vno4x,o1yxvv6q,jdr17vg2,None,1
o1yxvv6q,jn3vno4x,nd2r5v60,wdm3x3kq,z9838pdl,1
o1yxvv6q,jn3vno4x,nd2r5v60,vdol89dp,z9838pdl,1
o1yxvv6q,jn3vno4x,nd2r5v60,9kvpn48k,None,1
o1yxvv6q,jn3vno4x,nd2r5v60,vdol89dp,n931gzd0,1
o1yxvv6q,jn3vno4x,nd2r5v60,wdm3x3kq,n931gzd0,1
o1yxvv6q,jn3vno4x,nd2r5v60,zd30q3vd,None,1
o1yxvv6q,jn3vno4x,nd2r5v60,vdol89dp,xd0174wq,1
o1yxvv6q,jn3vno4x,nd2r5v60,wdm3x3kq,rw61ng97,1
o1yxvv6q,jn3vno4x,nd2r5v60,vdol89dp,rw61ng97,1
o1yxvv6q,jn3vno4x,nd2r5v60,wdm3x3kq,xd0174wq,1
o1yxvv6q,jn3vno4x,nd2r5v60,vdol89dp,xd413rdm,1
o1yxvv6q,jn3vno4x,nd2r5v60,wdm3x3kq,xd413rdm,1
o1yxvv6q,jn3vno4x,nj1nee1p,ndx8jxjk,ywe0rxl9,6
o1yxvv6q,jn3vno4x,nj1nee1p,ndx8jxjk,69z7yexw,6
o1yxvv6q,jn3vno4x,nj1nee1p,ndx8jxjk,r9g6eqjw,6
o1yxvv6q,jn3vno4x,nj1nee1p,gq254vdo,None,29
o1yxvv6q,jn3vno4x,o1yxvv6q,jdr17vg2,None,3
o1yxvv6q,jn3vno4x,yd4k72x6,vdo5pmyk,ldyxr0r9,1
o1yxvv6q,jn3vno4x,yd4k72x6,vdo5pmyk,n931x3ed,1
o1yxvv6q,jn3vno4x,yd4k72x6,vdo5pmyk,z983olld,1
o1yxvv6q,jn3vno4x,yd4k72x6,vdo5pmyk,rdn7mgv9,1
o1yxvv6q,jn3vno4x,yd4k72x6,vdo5pmyk,ldyxr0z9,1
o1yxvv6q,jn3vno4x,yd4k72x6,7dgm0r7d,None,1
o1yxvv6q,jn3vno4x,m1zkmjm1,8248rrgk,None,1
o1yxvv6q,jn3vno4x,yd4k72x6,wdm5ml52,ldyxr0z9,1
o1yxvv6q,jn3vno4x,yd4k72x6,wdm5ml52,z983olld,1
o1yxvv6q,jn3vno4x,yd4k72x6,wdm5ml52,ldyxr0r9,1
o1yxvv6q,jn3vno4x,yd4k72x6,wkp50ogd,None,1
o1yxvv6q,jn3vno4x,yd4k72x6,wdm5ml52,rdn7mgv9,1
o1yxvv6q,jn3vno4x,yd4k72x6,wdm5ml52,n931x3ed,1
o1yxvv6q,jn3vno4x,y65vj8de,mkejz392,None,1
o1yxvv6q,jn3vno4x,lde3knj6,vdo8101k,None,1
o1yxvv6q,jn3vno4x,lde3knj6,mker8nnd,nwlno6pd,1
o1yxvv6q,jn3vno4x,lde3knj6,mker8nnd,5923ej6d,1
o1yxvv6q,jn3vno4x,lde3knj6,xd17x18d,5wkpe3pd,1
o1yxvv6q,jn3vno4x,lde3knj6,xd17x18d,5wkpe3pd,1
o1yxvv6q,jn3vno4x,lde3knj6,mker8nnd,owoek6od,1
o1yxvv6q,jn3vno4x,lde3knj6,xd17x18d,nwlno6pd,1
o1yxvv6q,jn3vno4x,lde3knj6,xd17x18d,owoek6od,1
o1yxvv6q,jn3vno4x,lde3knj6,xd17x18d,5wkn045w,1
o1yxvv6q,jn3vno4x,lde3knj6,xd17x18d,5923ej6d,1
o1yxvv6q,jn3vno4x,lde3knj6,xd17x18d,nwlno6pd,1
o1yxvv6q,jn3vno4x,lde3knj6,xd17x18d,5923ej6d,1
o1yxvv6q,jn3vno4x,lde3knj6,xd17x18d,owoek6od,1
o1yxvv6q,jn3vno4x,lde3knj6,xd17x18d,5wkn045w,1
o1yxvv6q,jn3vno4x,lde3knj6,xd1gl98d,None,1
o1yxvv6q,jn3vno4x,lde3knj6,vdo8101k,None,1
o1yxvv6q,jn3vno4x,nd2r5v60,wdm3x3kq,z9838pdl,1
o1yxvv6q,jn3vno4x,j1ll9g71,rkljlwwd,None,1
o1yxvv6q,jn3vno4x,lde3knj6,mker8nnd,5wkn045w,1
o1yxvv6q,jn3vno4x,kdkx9g6m,zdn4mrek,xd4jgrqd,1
o1yxvv6q,jn3vno4x,j1ll9g71,ndx19yj2,None,1
o1yxvv6q,jn3vno4x,kdkx9g6m,9d867j62,xd4jgrqd,1
o1yxvv6q,jn3vno4x,lde3knj6,xd1gl98d,None,1
o1yxvv6q,jn3vno4x,lde3knj6,mker8nnd,5wkpe3pd,1
o1yxvv6q,jn3vno4x,lde3knj6,mker8nnd,5wkn045w,1
o1yxvv6q,jn3vno4x,lde3knj6,mker8nnd,owoek6od,1
o1yxvv6q,jn3vno4x,lde3knj6,mker8nnd,5923ej6d,1
o1yxvv6q,jn3vno4x,lde3knj6,mker8nnd,nwlno6pd,1
o1yxvv6q,jn3vno4x,lde3knj6,mker8nnd,5wkpe3pd,1
o1yxvv6q,jn3vno4x,kdkx9g6m,zdn4mrek,592zen79,1
o1yxvv6q,jn3vno4x,nd2r5v60,vdol89dp,xd0174wq,1
o1yxvv6q,jn3vno4x,nd2r5v60,vdol89dp,rw61ng97,1
o1yxvv6q,jn3vno4x,nd2r5v60,vdol89dp,z9838pdl,1
o1yxvv6q,jn3vno4x,nd2r5v60,9kvpn48k,None,1
o1yxvv6q,jn3vno4x,nd2r5v60,zd30q3vd,None,1
o1yxvv6q,jn3vno4x,nd2r5v60,vdol89dp,n931gzd0,1
o1yxvv6q,61xymyxr,o1yxvv6q,xk9jn84d,None,46
o1yxvv6q,61xymyxr,29d30dlp,nxd1rk8q,None,281
o1yxvv6q,61xymyxr,yo1yv1q5,4xk906k0,None,100
o1yxvv6q,8ge21qyj,ldeq9nd3,rklg8wnd,None,9
o1yxvv6q,8ge21qyj,29d30dlp,z2771020,None,9
o1yxvv6q,8ge21qyj,268elpk6,z2719qo2,None,13
o1yxvv6q,8ge21qyj,j1l0gj1g,7dg59jg2,None,3
o1yxvv6q,8ge21qyj,4d722r67,jdr1x0l2,None,24
o1yxvv6q,8ge21qyj,4d722r67,w20y7o8k,None,1
o1yxvv6q,8ge21qyj,29d30dlp,zd30m4yd,kwjyqg1w,3
o1yxvv6q,8ge21qyj,3dx24mg1,02qv07yd,5wkq0q5w,6
o1yxvv6q,8ge21qyj,3dx24mg1,02qv07yd,5924m4gw,6
o1yxvv6q,8ge21qyj,3dx24mg1,02qv07yd,rw6m2gn9,5
o1yxvv6q,8ge21qyj,3dx24mg1,824039wd,rw6m2gn9,3
o1yxvv6q,8ge21qyj,3dx24mg1,02qv07yd,xd4kpe0w,4
o1yxvv6q,8ge21qyj,3dx24mg1,824039wd,xd4kpe0w,4
o1yxvv6q,8ge21qyj,3dx24mg1,02qv07yd,29vzg01d,4
o1yxvv6q,8ge21qyj,3dx24mg1,824039wd,29vzg01d,4
o1yxvv6q,8ge21qyj,3dx24mg1,824039wd,5wkq0q5w,4
o1yxvv6q,8ge21qyj,3dx24mg1,824039wd,5924m4gw,5
o1yxvv6q,8ge21qyj,9d3rn00d,wkp30zj2,o9xx1p69,9
o1yxvv6q,8ge21qyj,9d3rn00d,7dg60pgk,rdnqoend,14
o1yxvv6q,8ge21qyj,9d3rn00d,wkp30zj2,nwl2grpd,15
o1yxvv6q,8ge21qyj,9d3rn00d,wkp30zj2,69z8pk69,15
o1yxvv6q,8ge21qyj,9d3rn00d,wkp30zj2,gdryp58w,24
o1yxvv6q,8ge21qyj,9d3rn00d,wkp30zj2,rdnqoend,35
o1yxvv6q,8ge21qyj,o1yxvv6q,xk9jn84d,None,143
o1yxvv6q,8ge21qyj,76r9oe68,jdzl432v,nwlexpdv,7
o1yxvv6q,8ge21qyj,kdkz2edm,rklxj66k,None,135
o1yxvv6q,8ge21qyj,268p89dp,n2y1zg72,r9gy02q9,1
o1yxvv6q,dx3p4ze8,o1yxvv6q,xk9jn84d,None,198
o1yxvv6q,dx3p4ze8,n4d7r172,7wk6prd1,None,65
o1yxvv6q,dx3p4ze8,29d30dlp,nxd1rk8q,None,63
o1yxvv6q,dx3p4ze8,29d30dlp,jzd3y2nq,None,30
o1yxvv6q,dx3p4ze8,yo1yv1q5,xk9l5yk0,None,85
o1yxvv6q,dx3p4ze8,o1yxvv6q,7kjzq1nd,None,7
o1yxvv6q,dx3p4ze8,29d30dlp,z2771020,None,14
o1yxvv6q,dx3p4ze8,29d30dlp,9zdne7dq,None,13
o1yxvv6q,kjp55r0x,o1yxvv6q,ndx1oyr2,None,4
o1yxvv6q,kjp55r0x,qw6j21jm,5dwjw40k,z98jv6gw,2
o1yxvv6q,kjp55r0x,qw6j21jm,ndx8gnok,n9305779,5
o1yxvv6q,kjp55r0x,qw6j21jm,ndx8gnok,z98jv6gw,3
o1yxvv6q,kjp55r0x,qw6j21jm,ndx8gnok,rw6vp4n9,2
o1yxvv6q,kjp55r0x,o1yxvv6q,wk61oord,None,6
o1yxvv6q,kjp55r0x,o1yxvv6q,xk98gj42,None,5
o1yxvv6q,kjp55r0x,o1yxvv6q,n2yj37z2,None,14
o1yxvv6q,jpmlrw4j,kdkmy5e1,jdzno46d,None,4
o1yxvv6q,jpmlrw4j,o6gn8291,ndxnzjok,None,7
o1yxvv6q,jpmlrw4j,o6gn8291,wdmrgwek,ewp577z9,3
o1yxvv6q,jpmlrw4j,o6gn8291,wdmrgwek,y9mz551d,4
o1yxvv6q,jpmlrw4j,9d385vg1,z27v4602,None,7
o1yxvv6q,jpmlrw4j,9d385vg1,jdrnlm0k,None,21
o1yxvv6q,jpmlrw4j,9d385vg1,vdoyxmv2,None,10
o1yxvv6q,jpmlrw4j,9d385vg1,xk9xeg4k,None,9
o1yxvv6q,jpmlrw4j,9d385vg1,02qrv0zk,None,12
o1yxvv6q,jpmlrw4j,9d385vg1,q251xvwd,None,10
o1yxvv6q,jpmlrw4j,9d385vg1,9d8lo0q2,None,21
o1yxvv6q,jpmlrw4j,9d385vg1,jdznwjxd,None,15
o1yxvv6q,jpmlrw4j,9d385vg1,zd3qjvvk,None,1
o1yxvv6q,jpmlrw4j,9d385vg1,q251mvwd,None,26
o1yxvv6q,jpmlrw4j,o1yxvv6q,7kjzq1nd,None,28
o1yxvv6q,jpmlrw4j,k6q4rqzd,9kv7gzok,owo8y2od,7
o1yxvv6q,jpmlrw4j,29d30dlp,9zdne7dq,None,15
o1yxvv6q,jpmlrw4j,29d30dlp,z2771020,None,12
o1yxvv6q,jpmlrw4j,268wv7o6,824893ek,None,6
o1yxvv6q,jpmlrw4j,268wv7o6,9d8ln0w2,y9m36m1w,1
o1yxvv6q,jpmlrw4j,268wv7o6,9d8ln0w2,29vx6xnw,1
o1yxvv6q,jpmlrw4j,268wv7o6,9d8ln0w2,ldy6xxz9,2
o1yxvv6q,jpmlrw4j,w6j7y5e6,82489onk,None,1
o1yxvv6q,jpmlrw4j,3dxkzr41,zdnz0pnd,None,7
o1yxvv6q,jpmlrw4j,j1ll8jv1,xk9nzlg2,r9gx622w,13
o1yxvv6q,jpmlrw4j,j1ll8jv1,xk9nzlg2,rw632n6w,47
o1yxvv6q,jpmlrw4j,j1ll8jv1,xk9nzlg2,n93okgr9,31
o1yxvv6q,jpmlrw4j,j1ll8jv1,xk9nzlg2,z98np819,23
o1yxvv6q,jpmlrw4j,j1ll8jv1,xk9nzlg2,o9x46n7d,12
o1yxvv6q,jpmlrw4j,k6q4rqzd,9kv7gzok,o9xkpo7w,33
o1yxvv6q,jpmlrw4j,k6q4rqzd,jdz74z3k,None,407
o1yxvv6q,jpmlrw4j,k6q4rqzd,9kv7gzok,rdqro0mw,2
o1yxvv6q,jpmlrw4j,k6q4rqzd,9kv7gzok,o9xkp31w,10
o1yxvv6q,jpmlrw4j,k6q4rqzd,9kv7gzok,rdnrvr6w,40
o1yxvv6q,jpmlrw4j,k6q4rqzd,9kv7gzok,nwlnvpgd,47
o1yxvv6q,jpmlrw4j,k6q4rqzd,9kv7gzok,rdqgvoo9,23
o1yxvv6q,jpmlrw4j,w6j7yke6,n2ynmv8k,None,1
o1yxvv6q,jpmlrw4j,w6j7yke6,7kj97gx2,None,2
o1yxvv6q,jpmlrw4j,29d30dlp,zd30m4yd,ewp7oylw,13
o1yxvv6q,jpmlrw4j,29d30dlp,zd30m4yd,ldy1k6jd,11
o1yxvv6q,jpmlrw4j,29d30dlp,zd30m4yd,gdrpol8w,8
o1yxvv6q,jpmlrw4j,76r43l18,w20wryod,None,265
o1yxvv6q,v81eg7rj,o1yxvv6q,xk9jn84d,None,18
o1yxvv6q,p7j4qdx1,ok6qkz6g,z27ggz20,None,29
o1yxvv6q,p7j4qdx1,v1p92z68,w20w998d,None,4
o1yxvv6q,p7j4qdx1,v1p92z68,wkpowwg2,None,1
o1yxvv6q,p7j4qdx1,nj1n2y1p,w20p1vkn,None,17
o1yxvv6q,p7j4qdx1,nj1n2y1p,8246zl3d,None,1
o1yxvv6q,p7j4qdx1,576rvq18,mkeojxd6,None,30
o1yxvv6q,p7j4qdx1,9j1lk46g,wk6p4pd1,None,41
o1yxvv6q,p7j4qdx1,29d30dlp,nxd1rk8q,None,226
o1yxvv6q,p7j4qdx1,n4d7r172,7wk6prd1,None,40
o1yxvv6q,p7j4qdx1,29d30dlp,jzd3y2nq,None,61
o1yxvv6q,p7j4qdx1,29d30dlp,l9kvjkgq,None,47
o1yxvv6q,p7j4qdx1,n4d7r172,xn2yqmko,None,24
o1yxvv6q,p7j4qdx1,nd24x310,q254ywjd,592jglrw,3
o1yxvv6q,p7j4qdx1,nd24x310,q254ywjd,rdq02r1w,1
o1yxvv6q,p7j4qdx1,nd24x310,q254ywjd,5d77k5vd,1
o1yxvv6q,p7j4qdx1,nd24x310,q254ywjd,495jogjw,1
o1yxvv6q,p7j4qdx1,nd24x310,q254ywjd,ldye7rzw,2
o1yxvv6q,p7j4qdx1,nd24x310,q254ywjd,69zrolod,2
o1yxvv6q,p7j4qdx1,nd24x310,q254ywjd,r9gz05kd,2
o1yxvv6q,p7j4qdx1,ok6qvxdg,rklgz8dn,None,14
o1yxvv6q,p7j4qdx1,yo1yv1q5,4xk906k0,None,121
o1yxvv6q,p7j4qdx1,nd24x310,q254ywjd,gdrj40zw,3
o1yxvv6q,p7j4qdx1,nd24x310,q254ywjd,nwl6xmrw,2
o1yxvv6q,p7j4qdx1,nd24x310,q254ywjd,ywe4kvrd,2
o1yxvv6q,p7j4qdx1,nd24x310,q254ywjd,rdn5jmvd,5
o1yxvv6q,p7j4qdx1,nd24x310,q254ywjd,xd00re1d,6
o1yxvv6q,p7j4qdx1,nd24x310,q254ywjd,rw6vp779,4
o1yxvv6q,p7j4qdx1,nd24x310,q254ywjd,n9305xe9,5
o1yxvv6q,p7j4qdx1,nd24x310,q254ywjd,z98jvolw,4
o1yxvv6q,p7j4qdx1,o1yxvv6q,7kjzq1nd,None,2
o1yxvv6q,p7j4qdx1,o1yxvv6q,n2yj37z2,None,6
o1yxvv6q,p7j4qdx1,n4d7r172,p7kjv4k3,None,33
o1yxvv6q,j2y5wgn8,yo1yv1q5,wdm8v332,rw6v88p9,4
o1yxvv6q,j2y5wgn8,o1yxvv6q,xk9jn84d,None,64
o1yxvv6q,8qz3r3d8,w6j70g46,7kj7zggk,None,1
o1yxvv6q,8qz3r3d8,o1yxvv6q,xk98gj42,None,2
o1yxvv6q,8qz3r3d8,j1lqp2j6,wkpn8mvd,None,1
o1yxvv6q,8qz3r3d8,o1yxvv6q,xk98gj42,None,3
o1yxvv6q,8qz3r3d8,ok6q4mdg,7kj15n4k,None,7
o1yxvv6q,8qz3r3d8,9d39lydl,wdmqe8o2,None,1
o1yxvv6q,8qz3r3d8,ok6q4mdg,wdm83eo2,None,2
o1yxvv6q,8qz3r3d8,jy657deo,w9d8672n,None,2
o1yxvv6q,8qz3r3d8,j1lq9zv6,q25jprjd,29v6on1w,4
o1yxvv6q,8qz3r3d8,ok6q4mdg,rkl3p4nk,None,4
o1yxvv6q,8qz3r3d8,j1lq9zv6,n2yvroz2,None,3
o1yxvv6q,8qz3r3d8,j1n8p9e1,rkl5qmw2,o9xg1x7d,4
o1yxvv6q,8qz3r3d8,j1n8p9e1,rkl5qmw2,gdrnpyk9,1
o1yxvv6q,8qz3r3d8,j1n8p9e1,ndx3mljd,gdrnpyk9,2
o1yxvv6q,8qz3r3d8,j1n8p9e1,w20qwmzd,gdrnpyk9,3
o1yxvv6q,8qz3r3d8,j1n8p9e1,ndx3mljd,o9xg1x7d,3
o1yxvv6q,8qz3r3d8,j1n8p9e1,rkl5qmw2,ldyx1879,9
o1yxvv6q,8qz3r3d8,j1n8p9e1,ndx3mljd,ldyx1879,4
o1yxvv6q,8qz3r3d8,j1n8p9e1,w20qwmzd,ldyx1879,8
o1yxvv6q,8qz3r3d8,j1n8p9e1,ndx3mljd,z983rg1d,8
o1yxvv6q,8qz3r3d8,j1n8p9e1,w20qwmzd,z983rg1d,10
o1yxvv6q,8qz3r3d8,j1n8p9e1,wdm5wo42,z983rg1d,12
o1yxvv6q,8qz3r3d8,j1n8p9e1,rkl5qmw2,69z5p849,7
o1yxvv6q,8qz3r3d8,j1n8p9e1,ndx3mljd,69z5p849,7
o1yxvv6q,8qz3r3d8,j1n8p9e1,w20qwmzd,69z5p849,5
o1yxvv6q,8qz3r3d8,j1n8p9e1,wdm5wo42,69z5p849,3
o1yxvv6q,8qz3r3d8,j1n8p9e1,rkl5qmw2,z983rg1d,9
o1yxvv6q,8qz3r3d8,ok6q4mdg,jdz506dv,None,1
o1yxvv6q,8qz3r3d8,j1llvvj1,mke4o6x2,None,2
o1yxvv6q,8qz3r3d8,j1llvvj1,8240xvwd,rw6e21rd,1
o1yxvv6q,8qz3r3d8,268e7k76,wkp3x1v2,5924mq7w,2
o1yxvv6q,8qz3r3d8,268e7k76,5dwgw4gk,5924mq7w,1
o1yxvv6q,8qz3r3d8,268e7k76,vdo1l8o2,5924mq7w,2
o1yxvv6q,8qz3r3d8,268e7k76,vdo1l8o2,29vzg7qd,2
o1yxvv6q,8qz3r3d8,268e7k76,02q9xg7k,None,1
o1yxvv6q,8qz3r3d8,369pjr21,mkevern2,None,5
o1yxvv6q,8qz3r3d8,369pjr21,mkevern2,None,3
o1yxvv6q,8qz3r3d8,268e7k76,7kj6n3g2,None,3
o1yxvv6q,8qz3r3d8,268e7k76,7dg6jn4k,5924mq7w,1
o1yxvv6q,8qz3r3d8,46w3xm71,wdmx3gok,None,3
o1yxvv6q,8qz3r3d8,46w3xm71,rkll7zqk,None,2
o1yxvv6q,8qz3r3d8,369pjr21,mkevern2,None,4
o1yxvv6q,8qz3r3d8,369pe001,5dw40znk,None,1
o1yxvv6q,8qz3r3d8,w6jlw3xd,824gojw2,None,3
o1yxvv6q,8qz3r3d8,ok6q4mdg,9d86gp72,5wkklppw,2
o1yxvv6q,8qz3r3d8,ok6q4mdg,9d86gp72,xd1j1x5d,3
o1yxvv6q,8qz3r3d8,w6jlw3xd,824gojw2,None,1
o1yxvv6q,8qz3r3d8,v1po4346,z274pjz2,None,3
o1yxvv6q,8qz3r3d8,46w3xm71,zd3w13vk,None,6
o1yxvv6q,8qz3r3d8,v1po4346,xk9ey762,None,3
o1yxvv6q,8qz3r3d8,76rxqkv6,wdm6yoxk,n93mx82d,2
o1yxvv6q,8qz3r3d8,j1neo791,9kv95lj2,None,5
o1yxvv6q,8qz3r3d8,j1llvvj1,zd3x09yd,None,1
o1yxvv6q,8qz3r3d8,76rxqkv6,ndx4xl12,None,1
o1yxvv6q,8qz3r3d8,76rxqkv6,ndx4xl12,None,3
o1yxvv6q,8qz3r3d8,369pe001,5dw40znk,None,2
o1yxvv6q,8qz3r3d8,v1p5l8d8,5dwpm8lk,None,11
o1yxvv6q,8qz3r3d8,369pe001,wkpm78gk,None,5
o1yxvv6q,8qz3r3d8,369pe001,5dw40znk,None,1
o1yxvv6q,8qz3r3d8,369pe001,5dw40znk,None,2
o1yxvv6q,8qz3r3d8,46w3xm71,zd3w13vk,None,4
o1yxvv6q,8qz3r3d8,3dx8w41y,zdnw4led,owo7gqo9,12
o1yxvv6q,8qz3r3d8,3dx8w41y,wkpymewk,owo7gqo9,2
o1yxvv6q,8qz3r3d8,o1y97ok6,wkp1ozvk,None,5
o1yxvv6q,8qz3r3d8,lde3qxe6,ndx41lo2,None,6
o1yxvv6q,8qz3r3d8,268ejv76,q25gy1wd,None,12
o1yxvv6q,8qz3r3d8,4d790zr1,z27o39od,gdrx3ykd,6
o1yxvv6q,8qz3r3d8,4d790zr1,z27o39od,nwloj2gw,4
o1yxvv6q,8qz3r3d8,46w3xm71,02q305pk,None,2
o1yxvv6q,8qz3r3d8,46w3xm71,02q305pk,None,2
o1yxvv6q,8qz3r3d8,j1n29w1p,zdnr7wx2,None,24
o1yxvv6q,8qz3r3d8,yd43op1e,824g8we2,None,2
o1yxvv6q,8qz3r3d8,yd43op1e,824g8we2,None,3
o1yxvv6q,8qz3r3d8,yd43op1e,824plem2,None,4
o1yxvv6q,8qz3r3d8,yd43op1e,xk9leqgk,None,3
o1yxvv6q,8qz3r3d8,4d790zr1,xd1740zd,None,20
o1yxvv6q,8qz3r3d8,4d790zr1,z27o39od,ldygz87d,8
o1yxvv6q,8qz3r3d8,j1n29w1p,zdnr7wx2,None,8
o1yxvv6q,8qz3r3d8,j1n29w1p,5dw496ek,None,1
o1yxvv6q,8qz3r3d8,4d790zr1,7kjqz7zd,None,10
o1yxvv6q,8qz3r3d8,4d790zr1,7kjqz7zd,None,29
o1yxvv6q,8qz3r3d8,o6gloo8d,7dgnm1p2,None,2
o1yxvv6q,8qz3r3d8,j1n29w1p,n2yjm372,None,13
o1yxvv6q,8qz3r3d8,o6gloo8d,w20gqe5k,None,11
o1yxvv6q,8qz3r3d8,4d790zr1,z27o39od,rdnz126d,7
o1yxvv6q,8qz3r3d8,4d790zr1,z27o39od,z987kg1w,33
o1yxvv6q,8qz3r3d8,yd4o0v51,q257qqyd,None,4
o1yxvv6q,8qz3r3d8,m1mx4y46,wkp1m6vk,owoe83vd,5
o1yxvv6q,8qz3r3d8,m1mx4y46,wkp1m6vk,nwly02p9,5
o1yxvv6q,8qz3r3d8,j1n29w1p,5dw496ek,None,8
o1yxvv6q,8qz3r3d8,m1zrx3d0,zdnr98n2,None,30
o1yxvv6q,8qz3r3d8,m1mx4y46,wkp1m6vk,ldy5q3jw,9
o1yxvv6q,8qz3r3d8,m1mx4y46,wkp1m6vk,rdnl3qnw,7
o1yxvv6q,8qz3r3d8,m1mx4y46,wkp1m6vk,rdq3ynmw,5
o1yxvv6q,8qz3r3d8,m1mx4y46,wkp1m6vk,gdr8ry89,5
o1yxvv6q,8qz3r3d8,m1zrx3d0,z27ojezd,None,8
o1yxvv6q,8qz3r3d8,j1n29w1p,zdnr7wx2,None,62
o1yxvv6q,8qz3r3d8,y65k0e6e,rklg3rqd,None,5
o1yxvv6q,8qz3r3d8,m1mx4y46,wkp1m6vk,ywej0qqd,7
o1yxvv6q,8qz3r3d8,m1mx4y46,wkp1m6vk,69zq7869,8
o1yxvv6q,8qz3r3d8,m1mx4y46,wkp1m6vk,o9xz6x6w,8
o1yxvv6q,8qz3r3d8,m1mx4y46,wkp1m6vk,kwj80vr9,6
o1yxvv6q,8qz3r3d8,m1zj7x06,9d84oy6k,gdr8mk69,10
o1yxvv6q,8qz3r3d8,m1zj7x06,9d84oy6k,ywejrzyd,5
o1yxvv6q,8qz3r3d8,m1mx4y46,wkp1m6vk,nwly02p9,6
o1yxvv6q,8qz3r3d8,m1mx4y46,wkp1m6vk,495rpm2d,8
o1yxvv6q,8qz3r3d8,m1zj7x06,9d84oy6k,nwlyqk09,6
o1yxvv6q,8qz3r3d8,j1lmjzdg,zd367nnd,None,30
o1yxvv6q,8qz3r3d8,yd43op1e,7kjv0xnk,None,8
o1yxvv6q,8qz3r3d8,j1lmjzdg,jdz56vxd,None,184
o1yxvv6q,8qz3r3d8,j1lmjzdg,n2y11we2,None,16
o1yxvv6q,8qz3r3d8,pdvywrdw,jdzvwrvk,None,19
o1yxvv6q,8qz3r3d8,y65k0e6e,ndx8541k,None,8
o1yxvv6q,8qz3r3d8,y65k0e6e,9kvx69j2,None,6
o1yxvv6q,8qz3r3d8,j1n29w1p,zdnr7wx2,None,17
o1yxvv6q,8qz3r3d8,j1n29w1p,5dw496ek,None,56
o1yxvv6q,8qz3r3d8,yd43op1e,n2yqlwzk,None,5
o1yxvv6q,8qz3r3d8,yd43op1e,xd1g50zd,None,6
o1yxvv6q,8qz3r3d8,pdvywrdw,q257mrjd,None,281
o1yxvv6q,8qz3r3d8,j1n29w1p,5dw496ek,None,96
o1yxvv6q,8qz3r3d8,j1n29w1p,5dw496ek,None,18
o1yxvv6q,8qz3r3d8,j1n29w1p,z2739god,None,998
o1yxvv6q,j0304grj,j1llwz1g,9d86ql2n,None,14
o1yxvv6q,j0304grj,j1llwz1g,xd1eyw28,None,10
o1yxvv6q,j0304grj,369pj21l,wdmwye2q,None,58
o1yxvv6q,j0304grj,4d795gn1,rkll6l6k,None,7
o1yxvv6q,j0304grj,lde3gje6,w20v7qzk,None,16
o1yxvv6q,j0304grj,pd0wol1e,ndxmxo2q,None,35
o1yxvv6q,j0304grj,pd0wol1e,w20w6jdn,None,18
o1yxvv6q,j0304grj,4d795gn1,rkll6l6k,None,7
o1yxvv6q,j0304grj,4d795gn1,rkll6l6k,None,4
o1yxvv6q,j0304grj,4d795gn1,rkll6l6k,None,6
o1yxvv6q,j0304grj,yo1yv1q5,wdm8v332,r9gz0kqd,1
o1yxvv6q,j0304grj,yo1yv1q5,wdm8v332,y9meq5ld,6
o1yxvv6q,j0304grj,yo1yv1q5,4xk906k0,None,44
o1yxvv6q,j0304grj,o1yxvv6q,xk9jn84d,None,74
o1yxvv6q,j0304grj,o1yxvv6q,xk9jn84d,None,2
o1yxvv6q,j0304grj,yo1yv1q5,xk9l5yk0,None,40
o1yxvv6q,j0304grj,yo1yv1q5,wdm8v332,rw6v88p9,17
o1yxvv6q,j0304grj,4d795gn1,rkll6l6k,None,4
o1yxvv6q,j0304grj,om1m3625,xd1em828,None,130
o1yxvv6q,j0304grj,y658506e,z2735nod,None,76
o1yxvv6q,8enrm9p8,nd2r5v60,wdm3x3kq,xd413rdm,61
o1yxvv6q,8enrm9p8,o1yxvv6q,9d8jx46k,None,25
o1yxvv6q,8enrm9p8,pd0py36e,vdo3oqyd,None,693
o1yxvv6q,8enrm9p8,lde3knj6,mker8nnd,5wkpe3pd,11
o1yxvv6q,xkon7nm8,o1yxvv6q,n2yj37z2,None,1
o1yxvv6q,8r3407g8,o1yxvv6q,xk9jn84d,None,52
o1yxvv6q,qxkn0z6x,pd0qlow1,ndxnlxok,None,2
o1yxvv6q,qxkn0z6x,pd0qlow1,rklnm662,None,2
o1yxvv6q,qxkn0z6x,yd4jkwde,rklg5ynd,None,1
o1yxvv6q,qxkn0z6x,yd4jkwde,wdmr9n4k,None,2
o1yxvv6q,qxkn0z6x,yd4jkwde,zd3yjev2,None,1
o1yxvv6q,qxkn0z6x,yd4jkwde,jdr9e50d,None,1
o1yxvv6q,qxkn0z6x,yd4jkwde,9kvq73ed,None,1
o1yxvv6q,qxkn0z6x,kdk5medm,xd176jzd,None,4
o1yxvv6q,qxkn0z6x,w6j9wedj,ndx93qvd,69zqg6x9,1
o1yxvv6q,qxkn0z6x,w6j9wedj,ndx93qvd,yweje3ld,1
o1yxvv6q,qxkn0z6x,w6j9wedj,ndx93qvd,gdr83oe9,1
o1yxvv6q,qxkn0z6x,w6j9wedj,ndx93qvd,nwlyjzo9,2
o1yxvv6q,qxkn0z6x,yo1yv1q5,4xk906k0,None,84
o1yxvv6q,qxkn0z6x,369g821l,n2y60zdo,None,3
o1yxvv6q,qxkn0z6x,o1yxvv6q,7kjzq1nd,None,9
o1yxvv6q,qxkn0z6x,yd4jkwde,9kvx8z82,None,1
o1yxvv6q,qxkn0z6x,o1yxvv6q,xk9jn84d,None,17
o1yxvv6q,qxkn0z6x,w6jnv51j,7dg5ypp2,None,8
o1yxvv6q,qxkn0z6x,o1yxvv6q,n2yj37z2,None,22
o1yxvv6q,98rqdy6x,j1lqv5v6,z279rm4d,None,2
o1yxvv6q,98rqdy6x,n4d78z67,824xond5,None,3
o1yxvv6q,98rqdy6x,v1pokj46,n2ygyee2,None,1
o1yxvv6q,98rqdy6x,o1yxvv6q,n2yj37z2,None,5
o1yxvv6q,98rqdy6x,y655lg06,xd1jy6wd,None,4
o1yxvv6q,98rqdy6x,v1pokj46,xk9vmpxd,None,1
o1yxvv6q,98rqdy6x,kdkmv2e1,xk9w8ry2,None,1
o1yxvv6q,98rqdy6x,29d30dlp,nxd1rk8q,None,5
o1yxvv6q,98rqdy6x,w6jlwexd,wk6evpq2,None,4
o1yxvv6q,98rqdy6x,n4d7r172,q254wgdo,None,16
o1yxvv6q,98rqdy6x,yd4ojgx1,xk9r3o4k,rdq5ny2d,1
o1yxvv6q,98rqdy6x,yd4ojgx1,xk9r3o4k,5d7z216w,1
o1yxvv6q,98rqdy6x,yd4ojgx1,xk9r3o4k,kwj1vg7w,1
o1yxvv6q,98rqdy6x,yd4ojgx1,xk9r3o4k,owoq3jkd,1
o1yxvv6q,98rqdy6x,yd4ojgx1,xk9r3o4k,xd184m5w,1
o1yxvv6q,98rqdy6x,yd4ojgx1,xk9r3o4k,ewp083jd,1
o1yxvv6q,98rqdy6x,yd4ojgx1,xk9r3o4k,y9m126x9,1
o1yxvv6q,98rqdy6x,yd4ojgx1,wk6nzxq2,None,1
o1yxvv6q,98rqdy6x,lde3r7n6,w20ggg8k,None,1
o1yxvv6q,98rqdy6x,k6q49r9d,9kv7v58k,ldyj76pd,1
o1yxvv6q,98rqdy6x,k6q49r9d,9kv7v58k,gdrg4lew,1
o1yxvv6q,98rqdy6x,k6q49r9d,9kv7v58k,ywenkglw,1
o1yxvv6q,98rqdy6x,k6q49r9d,9kv7v58k,69zxojxd,1
o1yxvv6q,98rqdy6x,k6q49r9d,9kv7v58k,r9gr05jw,2
o1yxvv6q,98rqdy6x,4d79prz1,xd1g9j8d,ywemmr4d,2
o1yxvv6q,98rqdy6x,4d79prz1,xd1g9j8d,69znny49,1
o1yxvv6q,98rqdy6x,4d79prz1,xd1g9j8d,r9g11e29,1
o1yxvv6q,98rqdy6x,4d79prz1,xd1g9j8d,o9x33879,1
o1yxvv6q,98rqdy6x,4d79prz1,xd1g9j8d,ldy88m7w,1
o1yxvv6q,98rqdy6x,4d79prz1,xd1g9j8d,gdr11mkw,2
o1yxvv6q,98rqdy6x,4d79prz1,xd1g9j8d,nwlppqg9,1
o1yxvv6q,98rqdy6x,lde3r7n6,5dw4e9nk,ewp077kd,1
o1yxvv6q,98rqdy6x,lde3r7n6,5dw4e9nk,y9m15559,2
o1yxvv6q,98rqdy6x,lde3r7n6,5dw4e9nk,592n00o9,1
o1yxvv6q,98rqdy6x,lde3r7n6,5dw4e9nk,29v5mm3d,1
o1yxvv6q,98rqdy6x,lde3r7n6,5dw4e9nk,owoq7god,1
o1yxvv6q,98rqdy6x,lde3r7n6,5dw4e9nk,xd18jvew,1
o1yxvv6q,98rqdy6x,lde3r7n6,5dw4e9nk,5wk1kk2d,1
o1yxvv6q,98rqdy6x,4d79prz1,xk9ny9v2,None,1
o1yxvv6q,98rqdy6x,29d30dlp,9d8v6j7k,None,4
o1yxvv6q,98rqdy6x,k6q49r9d,wk67z8pd,None,1
o1yxvv6q,98rqdy6x,o1yxvv6q,7kjzq1nd,None,5
o1yxvv6q,98rqdy6x,29d30dlp,jzd3y2nq,None,5
o1yxvv6q,98rqdy6x,k6q49r9d,9kv7v58k,o9xk5q3w,1
o1yxvv6q,98rqdy6x,k6q49r9d,wkp1lxwk,None,1
o1yxvv6q,98rqdy6x,o1yxvv6q,7kjzq1nd,None,4
o1yxvv6q,98rqdy6x,v1po2p68,wkpv6jkr,None,18
o1yxvv6q,98rqdy6x,29d30dlp,9zdne7dq,None,4
o1yxvv6q,98rqdy6x,v1pog446,jdzvj6rk,5d7852qw,3
o1yxvv6q,98rqdy6x,v1pog446,jdzvj6rk,rdqlrnow,2
o1yxvv6q,98rqdy6x,v1pog446,jdzvj6rk,kwjpjv0w,3
o1yxvv6q,98rqdy6x,k6q49r9d,9kv7v58k,nwlnx1od,1
o1yxvv6q,98rqdy6x,29d30dlp,l9kvjkgq,None,8
o1yxvv6q,98rqdy6x,o1yxvv6q,7kjzq1nd,None,2
o1yxvv6q,98rqdy6x,o1yxvv6q,7kjzq1nd,None,2
o1yxvv6q,zx7qmq87,3697r81l,ndxl65dq,None,3
o1yxvv6q,zx7qmq87,268e556p,q2583v2o,None,12
o1yxvv6q,zx7qmq87,xlde3j63,4xk9l6k0,None,34
o1yxvv6q,zx7qmq87,n268e96p,7wkp02rm,None,40
o1yxvv6q,zx7qmq87,yo1yv1q5,vdo0nzod,None,23
o1yxvv6q,zx7qmq87,yo1yv1q5,4xk906k0,None,90
o1yxvv6q,zx7qmq87,j1nylx6p,n2yqe7ek,None,2
o1yxvv6q,zx7qmq87,4d708n17,xd1olzk8,None,66
o1yxvv6q,zx7qmq87,qw6jze1j,n2yovm8d,None,20
o1yxvv6q,zx7qmq87,9d3kqg1l,rkll88rk,None,16
o1yxvv6q,zx7qmq87,om1mx362,wkpn1jdr,None,73
o1yxvv6q,zx7qmq87,om1mx362,7kjvmgk3,None,291
o1yxvv6q,zx7qmq87,o1yxvv6q,xk9jn84d,None,60
o1yxvv6q,68wd2zxg,j1n2n91p,w20p4p5k,None,12
o1yxvv6q,68wd2zxg,nj1nee1p,ndx8jxjk,5d7zglew,1
o1yxvv6q,68wd2zxg,n268e96p,7wkp02rm,None,33
o1yxvv6q,68wd2zxg,n268e96p,7wkp02rm,None,27
o1yxvv6q,68wd2zxg,nj1nee1p,ndx8jxjk,ywe2r5yw,3
o1yxvv6q,68wd2zxg,nj1nee1p,ndx8jxjk,nwlgqo09,3
o1yxvv6q,68wd2zxg,yo1yv1q5,4xk906k0,None,91
o1yxvv6q,68wd2zxg,o1yxvv6q,xk9jn84d,None,5
o1yxvv6q,68wd2zxg,nj1nee1p,ndx8jxjk,69zpy2lw,3
o1yxvv6q,68wd2zxg,om1mx362,7kjvmgk3,None,435
o1yxvv6q,68wd2zxg,29d30dlp,rkle7mw2,None,41
o1yxvv6q,68wd2zxg,yo1yv1q5,9kvx6x02,None,7
o1yxvv6q,68wd2zxg,n4d7r172,wkpjll0k,gdrj358w,8
o1yxvv6q,68wd2zxg,n4d7r172,wkpjll0k,xd46ooq9,5
o1yxvv6q,68wd2zxg,n4d7r172,wkpjll0k,ywe4e6qd,4
o1yxvv6q,68wd2zxg,n4d7r172,wkpjll0k,69zrgk6d,6
o1yxvv6q,68wd2zxg,n4d7r172,wkpjll0k,592j777w,5
o1yxvv6q,68wd2zxg,j1n2n91p,w20p4p5k,None,1
o1yxvv6q,68wd2zxg,m1zjmz60,82466qnd,None,319
o1yxvv6q,68wd2zxg,yo1yv1q5,xk9l5yk0,None,57
o1yxvv6q,68wd2zxg,om1mx362,wkpn1jdr,None,144
o1yxvv6q,68wd2zxg,n4d7r172,xn2yqmko,None,45
o1yxvv6q,68wd2zxg,n4d7r172,xn2yqmko,None,48
o1yxvv6q,68wd2zxg,n4d7r172,w20zmodn,None,15
o1yxvv6q,68wd2zxg,yo1yv1q5,vdo46qy2,None,18
o1yxvv6q,68wd2zxg,nj1nee1p,jdz8m6dv,None,2
o1yxvv6q,68wd2zxg,w6j7exe6,9d8yq7lk,None,7
o1yxvv6q,68wd2zxg,o1yxvv6q,xk9jn84d,None,76
o1yxvv6q,68wd2zxg,j1nqoy1p,xd1memrd,5920mgod,4
o1yxvv6q,68wd2zxg,om1mx362,zd3qprkn,r9gpkq92,8
o1yxvv6q,68wd2zxg,om1mx362,xd1mrrrd,r9gpkq92,5
o1yxvv6q,68wd2zxg,om1mx362,zd3qprkn,o9xjm6dl,4
o1yxvv6q,68wd2zxg,om1mx362,xd1mrrrd,o9xjm6dl,4
o1yxvv6q,68wd2zxg,om1mx362,zd3qprkn,xd4om89m,3
o1yxvv6q,68wd2zxg,om1mx362,xd1mrrrd,xd4om89m,3
o1yxvv6q,68wd2zxg,j1nqoy1p,zd30e6vd,gdrpr46w,5
o1yxvv6q,68wd2zxg,j1nqoy1p,zd30e6vd,z98rpvgd,6
o1yxvv6q,68wd2zxg,j1nqoy1p,zd30e6vd,o9x1680d,10
o1yxvv6q,68wd2zxg,j1nqoy1p,zd30e6vd,rdqzypkd,6
o1yxvv6q,68wd2zxg,j1nqoy1p,zd30e6vd,y9m50q5d,7
o1yxvv6q,68wd2zxg,j1nqoy1p,zd30e6vd,5wkk0z2w,12
o1yxvv6q,68wd2zxg,j1nqoy1p,zd30e6vd,29vmge39,12
o1yxvv6q,68wd2zxg,j1nqoy1p,zd30e6vd,gdrprm6w,22
o1yxvv6q,68wd2zxg,j1nqoy1p,zd30e6vd,nwlg0q09,13
o1yxvv6q,68wd2zxg,j1nqoy1p,zd30e6vd,ywe20ryw,13
o1yxvv6q,68wd2zxg,j1nqoy1p,zd30e6vd,69zp7ylw,9
o1yxvv6q,68wd2zxg,j1nqoy1p,zd30e6vd,r9gy6e59,8
o1yxvv6q,68wd2zxg,j1nqoy1p,zd30e6vd,n93qk5nw,7
o1yxvv6q,68wd2zxg,j1nqoy1p,zd30e6vd,ldy1q7kd,7
o1yxvv6q,68wd2zxg,j1nqoy1p,zd30e6vd,kwj70xnw,11
o1yxvv6q,68wd2zxg,j1nqoy1p,zd30e6vd,rw6q2prd,7
o1yxvv6q,68wd2zxg,j1nqoy1p,zd30e6vd,5d7ypngd,6
o1yxvv6q,68wd2zxg,j1nqoy1p,zd30e6vd,ldy1qnkd,10
o1yxvv6q,68wd2zxg,j1nqoy1p,zd30e6vd,owo78oo9,6
o1yxvv6q,68wd2zxg,j1nqoy1p,zd30e6vd,rdno3jqw,7
o1yxvv6q,68wd2zxg,j1nqoy1p,zd30e6vd,495kp309,6
o1yxvv6q,68wd2zxg,j1nqoy1p,zd30e6vd,xd1jpked,5
o1yxvv6q,68wd2zxg,j1nqoy1p,zd30e6vd,ewp7nmkw,3
o1yxvv6q,68wd2zxg,j1nqoy1p,zd30e6vd,xd40p729,4
o1yxvv6q,68wd2zxg,j1nqoy1p,zd30e6vd,xd0kprx9,4
o1yxvv6q,68wd2zxg,m1zq9m10,7dgje4d4,None,5
o1yxvv6q,68wd2zxg,xlde3j63,4xk9l6k0,None,36
o1yxvv6q,68wd2zxg,yo1yv1q5,vdo0nzod,None,26
o1yxvv6q,68wd2zxg,om1mx362,zd3qprkn,495yymwp,18
o1yxvv6q,68wd2zxg,29d30dlp,nxd1rk8q,None,263
o1yxvv6q,68wd2zxg,ok6qvxdg,rklgz8dn,None,12
o1yxvv6q,68wd2zxg,n4d7r172,7wk6prd1,None,113
o1yxvv6q,68wd2zxg,n4d7r172,7wk6prd1,None,161
o1yxvv6q,68wd2zxg,pd0qol1e,xk9vyvd0,None,6
o1yxvv6q,e8e56v28,o1yxvv6q,xk9jn84d,None,106
o1yxvv6q,e8e56v28,yo1yv1q5,xk9g1w6d,None,67
o1yxvv6q,e8e56v28,yo1yv1q5,4xk906k0,None,99
o1yxvv6q,e8e56v28,om1mx362,7kjvmgk3,None,421
o1yxvv6q,x7mm01qx,o1yxvv6q,xk9jn84d,None,12
o1yxvv6q,18v3omnx,o1yxvv6q,xk9jn84d,None,104
o1yxvv6q,e8e6gd6j,kdkm421m,zd3y93y2,None,4
o1yxvv6q,e8e6gd6j,9dowpe1p,824ql3k5,5wkxg294,1
o1yxvv6q,e8e6gd6j,kdkm421m,rkll5rkn,69zrgy6d,3
o1yxvv6q,e8e6gd6j,kdkm421m,rkll5rkn,69zrgy6d,1
o1yxvv6q,e8e6gd6j,9dowpe1p,824m5e25,5wkxg294,1
o1yxvv6q,e8e6gd6j,9dowpe1p,824m5e25,5wkxg294,1
o1yxvv6q,e8e6gd6j,pdvzn2r6,jdrl37nd,None,2
o1yxvv6q,e8e6gd6j,pdvzn2r6,wdm8nn52,69zz0ex9,2
o1yxvv6q,e8e6gd6j,pdvzn2r6,wdm8nn52,5wkqo6xw,2
o1yxvv6q,e8e6gd6j,pdvzn2r6,9kvyvx3k,None,1
o1yxvv6q,e8e6gd6j,pdvzn2r6,rklj6g8d,None,1
o1yxvv6q,e8e6gd6j,pdvzn2r6,vdoxpr6d,None,2
o1yxvv6q,e8e6gd6j,pdvzn2r6,7kjg76nk,None,2
o1yxvv6q,e8e6gd6j,pdvzn2r6,ndx1x8v2,None,1
o1yxvv6q,e8e6gd6j,pdvzn2r6,9d8gqvlk,None,1
o1yxvv6q,e8e6gd6j,pdvzn2r6,xd17ymwd,None,2
o1yxvv6q,e8e6gd6j,pdvzn2r6,zd379yr2,None,1
o1yxvv6q,e8e6gd6j,pdvzn2r6,9kvyvx8k,None,1
o1yxvv6q,e8e6gd6j,pdvzn2r6,wdm8nn52,r9gx8qjw,2
o1yxvv6q,e8e6gd6j,pdvzn2r6,zd3790v2,None,2
o1yxvv6q,e8e6gd6j,pdvzn2r6,9kvyvp8k,None,2
o1yxvv6q,e8e6gd6j,pdvzn2r6,wdm8nn52,nwl3e4ow,2
o1yxvv6q,e8e6gd6j,pdvzn2r6,wdm8nn52,rdqlq4ow,2
o1yxvv6q,e8e6gd6j,pdvzn2r6,wdm8nn52,y9m8z4zd,2
o1yxvv6q,e8e6gd6j,pdvzn2r6,jdr75qx2,None,2
o1yxvv6q,e8e6gd6j,pdvzn2r6,wdm8nn52,4954nxmw,2
o1yxvv6q,e8e6gd6j,pdvzn2r6,wdm8nn52,kwjpr40w,2
o1yxvv6q,e8e6gd6j,pdvzn2r6,wdm8nn52,owoyx4j9,2
o1yxvv6q,e8e6gd6j,pdvzn2r6,wdm8nn52,xd1x1lz9,2
o1yxvv6q,e8e6gd6j,pdvzn2r6,wdm8nn52,ewpr54yd,2
o1yxvv6q,e8e6gd6j,pdvzn2r6,wdm8nn52,ywelpxl9,2
o1yxvv6q,e8e6gd6j,pdvzn2r6,wdm8nn52,o9x40r3d,2
o1yxvv6q,e8e6gd6j,pdvzn2r6,wdm8nn52,5d78rqqw,2
o1yxvv6q,e8e6gd6j,9dowpe1p,824ql3k5,592jngw6,2
o1yxvv6q,e8e6gd6j,9dowpe1p,824ql3k5,5wk215w4,1
o1yxvv6q,e8e6gd6j,9dowpe1p,824ql3k5,y9m6k5w5,1
o1yxvv6q,e8e6gd6j,9dowpe1p,824ql3k5,y9me1ld5,1
o1yxvv6q,e8e6gd6j,om1mx362,wkpn1jdr,None,12
o1yxvv6q,e8e6gd6j,om1mx362,7kjvmgk3,None,8
o1yxvv6q,e8e6gd6j,om1mx362,xk9436d0,None,4
o1yxvv6q,e8e6gd6j,j1nqoy1p,mke9x59d,None,2
o1yxvv6q,e8e6gd6j,j1nqoy1p,mke9x59d,None,2
o1yxvv6q,e8e6gd6j,j1nqoy1p,mke9x59d,None,2
o1yxvv6q,e8e6gd6j,j1nqoy1p,mke9x59d,None,3
o1yxvv6q,e8e6gd6j,om1mx362,wkpn1jdr,None,6
o1yxvv6q,e8e6gd6j,om1mx362,n2yp8m2o,None,7
o1yxvv6q,e8e6gd6j,9dowpe1p,824m5e25,rdnqx2qd,9
o1yxvv6q,e8e6gd6j,om1mx362,xk9436d0,None,3
o1yxvv6q,e8e6gd6j,om1mx362,9d8vge6k,None,6
o1yxvv6q,e8e6gd6j,o1yxvv6q,xk9jn84d,None,93
o1yxvv6q,e8e6gd6j,om1mx362,xk9436d0,None,4
o1yxvv6q,e8e6gd6j,om1mx362,wkpn1jdr,None,8
o1yxvv6q,e8e6gd6j,om1mx362,zd3qprkn,r9grrjw2,4
o1yxvv6q,e8e6gd6j,om1mx362,xd1mrrrd,r9grrjw2,1
o1yxvv6q,e8e6gd6j,om1mx362,zd3qprkn,5d7llq9y,2
o1yxvv6q,e8e6gd6j,om1mx362,zd3qprkn,ywennlwl,3
o1yxvv6q,e8e6gd6j,om1mx362,xd1mrrrd,ywennlwl,3
o1yxvv6q,e8e6gd6j,j1nqoy1p,mke9x59d,None,5
o1yxvv6q,e8e6gd6j,j1nqoy1p,mke9x59d,None,9
o1yxvv6q,e8e6gd6j,om1mx362,wk6jj7qd,None,4
o1yxvv6q,e8e6gd6j,om1mx362,wkpn1jdr,None,9
o1yxvv6q,e8e6gd6j,9dowpe1p,824ql3k5,5wkxg294,2
o1yxvv6q,e8e6gd6j,3695l8dl,zd3lo58d,None,11
o1yxvv6q,e8e6gd6j,kdkm421m,xd1my8rd,None,4
o1yxvv6q,e8e6gd6j,kdkm421m,9kvo8o2g,o9x2e86w,3
o1yxvv6q,e8e6gd6j,kdkm421m,9kvo8o2g,r9gzgeqd,2
o1yxvv6q,e8e6gd6j,kdkm421m,9kvvz0kg,None,6
o1yxvv6q,e8e6gd6j,kdkm421m,9kvo8o2g,69zrgy6d,2
o1yxvv6q,e8e6gd6j,kdkm421m,9kvo8o2g,ywe4erqd,3
o1yxvv6q,e8e6gd6j,kdkm421m,9kvo8o2g,gdrj3m8w,3
o1yxvv6q,e8e6gd6j,kdkm421m,9kvo8o2g,nwl6jqpw,2
o1yxvv6q,e8e6gd6j,m1mx7nx6,xd1e81z2,None,3
o1yxvv6q,e8e6gd6j,9dowpe1p,824m5e25,y9m6k5w5,3
o1yxvv6q,e8e6gd6j,9dowpe1p,5dwyr5kg,None,2
o1yxvv6q,e8e6gd6j,pdvzn2r6,824jq9g2,nwl3e4ow,4
o1yxvv6q,e8e6gd6j,pdvzn2r6,824jq9g2,ywelpxl9,4
o1yxvv6q,e8e6gd6j,pdvzn2r6,824jq9g2,r9gx8qjw,5
o1yxvv6q,e8e6gd6j,pdvzn2r6,824jq9g2,4954nxmw,5
o1yxvv6q,e8e6gd6j,pdvzn2r6,824jq9g2,rdqlq4ow,3
o1yxvv6q,e8e6gd6j,pdvzn2r6,824jq9g2,5d78rqqw,2
o1yxvv6q,e8e6gd6j,pdvzn2r6,824jq9g2,kwjpr40w,2
o1yxvv6q,e8e6gd6j,pdvzn2r6,824jq9g2,owoyx4j9,4
o1yxvv6q,e8e6gd6j,pdvzn2r6,824jq9g2,xd1x1lz9,1
o1yxvv6q,e8e6gd6j,pdvzn2r6,824jq9g2,ewpr54yd,3
o1yxvv6q,e8e6gd6j,pdvzn2r6,824jq9g2,y9m8z4zd,3
o1yxvv6q,e8e6gd6j,9dowpe1p,w20y7okn,None,4
o1yxvv6q,e8e6gd6j,om1mw4d2,l9kv40kg,None,7
o1yxvv6q,e8e6gd6j,om1mw4d2,xd1v634d,kwjv8o0w,10
o1yxvv6q,e8e6gd6j,9dowpe1p,824m5e25,5d77z5dy,5
o1yxvv6q,e8e6gd6j,9dowpe1p,824m5e25,kwjy1rwg,10
o1yxvv6q,e8e6gd6j,pdvzn2r6,zd3790v2,None,8
o1yxvv6q,e8e6gd6j,pdvzn2r6,824jq9g2,69zz0ex9,7
o1yxvv6q,e8e6gd6j,9dowpe1p,824m5e25,owokqvd6,3
o1yxvv6q,e8e6gd6j,9dowpe1p,vdo3l9dp,None,14
o1yxvv6q,e8e6gd6j,9dowpe1p,824ql3k5,ewpp0lwn,6
o1yxvv6q,e8e6gd6j,9dowpe1p,824ql3k5,owokqvd6,5
o1yxvv6q,e8e6gd6j,kdkm421m,xd1gj7d8,None,5
o1yxvv6q,e8e6gd6j,9dowpe1p,5dwyr5kg,None,8
o1yxvv6q,e8e6gd6j,kdkm421m,zd3y93y2,None,4
o1yxvv6q,e8e6gd6j,kdkm421m,rkll5rkn,r9gzgeqd,4
o1yxvv6q,e8e6gd6j,9dowpe1p,824ql3k5,592kvo96,6
o1yxvv6q,e8e6gd6j,9dowpe1p,824ql3k5,owokqvd6,11
o1yxvv6q,e8e6gd6j,9dowpe1p,vdo3l9dp,None,16
o1yxvv6q,e8e6gd6j,9dowpe1p,824ql3k5,xd108q9o,8
o1yxvv6q,e8e6gd6j,kdkm421m,rkll5rkn,gdrj3m8w,4
o1yxvv6q,e8e6gd6j,kdkm421m,rkll5rkn,r9gzgeqd,5
o1yxvv6q,e8e6gd6j,kdkm421m,rkll5rkn,69zrgy6d,4
o1yxvv6q,e8e6gd6j,kdkm421m,rkll5rkn,ywe4erqd,3
o1yxvv6q,e8e6gd6j,kdkm421m,zd3y93y2,None,6
o1yxvv6q,e8e6gd6j,9dowpe1p,824m5e25,5wk215w4,2
o1yxvv6q,e8e6gd6j,9dowpe1p,vdo3l9dp,None,17
o1yxvv6q,e8e6gd6j,9dowpe1p,824ql3k5,kwjy1rwg,10
o1yxvv6q,e8e6gd6j,pdvzn2r6,9kvyvx3k,None,1
o1yxvv6q,e8e6gd6j,9dowpe1p,824m5e25,xd1peedo,5
o1yxvv6q,e8e6gd6j,9dowpe1p,824m5e25,ewp3kkdn,7
o1yxvv6q,e8e6gd6j,9dowpe1p,824m5e25,xd108q9o,6
o1yxvv6q,e8e6gd6j,9dowpe1p,824m5e25,ewpp0lwn,7
o1yxvv6q,e8e6gd6j,pdvzn2r6,9kvyvx8k,None,1
o1yxvv6q,e8e6gd6j,pdvzn2r6,xd17ymwd,None,1
o1yxvv6q,e8e6gd6j,9dowpe1p,w20y7okn,None,4
o1yxvv6q,e8e6gd6j,k6qrq91g,zd3gnn2n,None,3
o1yxvv6q,e8e6gd6j,pdvzn2r6,02qlngpk,None,2
o1yxvv6q,e8e6gd6j,9dowpe1p,wdm8332q,None,5
o1yxvv6q,e8e6gd6j,9dowpe1p,824ql3k5,5d77z5dy,10
o1yxvv6q,e8e6gd6j,kdkm421m,9d8vq07k,o9x2e86w,1
o1yxvv6q,e8e6gd6j,pdvzn2r6,mker0jnd,xd1x1lz9,3
o1yxvv6q,e8e6gd6j,pdvzn2r6,mker0jnd,ewpr54yd,3
o1yxvv6q,e8e6gd6j,pdvzn2r6,mker0jnd,ywelpxl9,3
o1yxvv6q,e8e6gd6j,pdvzn2r6,mker0jnd,r9gx8qjw,3
o1yxvv6q,e8e6gd6j,pdvzn2r6,mker0jnd,y9m8z4zd,4
o1yxvv6q,e8e6gd6j,pdvzn2r6,mker0jnd,5d78rqqw,3
o1yxvv6q,e8e6gd6j,pdvzn2r6,mker0jnd,kwjpr40w,3
o1yxvv6q,e8e6gd6j,pdvzn2r6,mker0jnd,owoyx4j9,4
o1yxvv6q,e8e6gd6j,9dowpe1p,824ql3k5,592jngw6,4
o1yxvv6q,e8e6gd6j,9dowpe1p,824ql3k5,xd108q9o,9
o1yxvv6q,e8e6gd6j,9dowpe1p,vdo3l9dp,None,18
o1yxvv6q,e8e6gd6j,9dowpe1p,824ql3k5,owokqvd6,13
o1yxvv6q,e8e6gd6j,om1mw4d2,jzd33ndn,None,217
o1yxvv6q,e8e6gd6j,pdvzn2r6,jdzvm3vk,None,1
o1yxvv6q,e8e6gd6j,pdvzn2r6,jdzvm3vk,None,2
o1yxvv6q,e8e6gd6j,pdvzn2r6,jdr75qx2,None,4
o1yxvv6q,e8e6gd6j,9dowpe1p,824ql3k5,ewp3kkdn,2
o1yxvv6q,e8e6gd6j,9dowpe1p,824m5e25,592jngw6,3
o1yxvv6q,e8e6gd6j,9dowpe1p,824ql3k5,592jngw6,5
o1yxvv6q,e8e6gd6j,kdkm421m,rkll5rkn,gdrj3m8w,5
o1yxvv6q,e8e6gd6j,9dowpe1p,wdm8332q,None,2
o1yxvv6q,e8e6gd6j,pdvzn2r6,jdzvm3vk,None,1
o1yxvv6q,e8e6gd6j,pdvzn2r6,mker0jnd,rdqlq4ow,4
o1yxvv6q,e8e6gd6j,pdvzn2r6,mker0jnd,nwl3e4ow,3
o1yxvv6q,e8e6gd6j,pdvzn2r6,jdzvm3vk,None,2
o1yxvv6q,e8e6gd6j,pdvzn2r6,jdzvm3vk,None,4
o1yxvv6q,e8e6gd6j,9dowpe1p,wdm8332q,None,8
o1yxvv6q,e8e6gd6j,9dowpe1p,824ql3k5,xd1peedo,4
o1yxvv6q,e8e6gd6j,9dowpe1p,824ql3k5,592kvo96,7
o1yxvv6q,e8e6gd6j,9dowpe1p,824ql3k5,y9m6k5w5,5
o1yxvv6q,e8e6gd6j,9dowpe1p,824ql3k5,5wkxg294,3
o1yxvv6q,e8e6gd6j,pdvzn2r6,mker0jnd,69zz0ex9,5
o1yxvv6q,e8e6gd6j,pdvzn2r6,mker0jnd,4954nxmw,3
o1yxvv6q,e8e6gd6j,pdvzn2r6,mker0jnd,o9x40r3d,3
o1yxvv6q,e8e6gd6j,9dowpe1p,824ql3k5,5wk215w4,3
o1yxvv6q,e8e6gd6j,9dowpe1p,824ql3k5,5wk215w4,4
o1yxvv6q,e8e6gd6j,pdvzn2r6,02qlngpk,None,2
o1yxvv6q,e8e6gd6j,9dowpe1p,824m5e25,y9me1ld5,5
o1yxvv6q,e8e6gd6j,9dowpe1p,824ql3k5,y9me1ld5,5
o1yxvv6q,e8e6gd6j,pdvzn2r6,jdr75qx2,None,3
o1yxvv6q,e8e6gd6j,9dowpe1p,vdo3l9dp,None,7
o1yxvv6q,e8e6gd6j,9dowpe1p,vdo3l9dp,None,21
o1yxvv6q,e8e6gd6j,pdvzn2r6,jdr75qx2,None,2
o1yxvv6q,e8e6gd6j,pdvzn2r6,9d8gqvlk,None,1
o1yxvv6q,e8e6gd6j,9dowpe1p,824m5e25,592kvo96,4
o1yxvv6q,e8e6gd6j,9dowpe1p,824ql3k5,ewp3kkdn,4
o1yxvv6q,e8e6gd6j,9dowpe1p,824ql3k5,592kvo96,8
o1yxvv6q,e8e6gd6j,kdkm421m,9d8vq07k,o9x2e86w,3
o1yxvv6q,e8e6gd6j,kdkm421m,9d8vq07k,gdrj3m8w,2
o1yxvv6q,e8e6gd6j,kdkm421m,xd1gj7d8,None,7
o1yxvv6q,e8e6gd6j,kdkm421m,zd3y93y2,None,5
o1yxvv6q,e8e6gd6j,kdkm421m,rkll5rkn,ywe4erqd,3
o1yxvv6q,e8e6gd6j,kdkm421m,9d8vq07k,gdrj3m8w,1
o1yxvv6q,e8e6gd6j,kdkm421m,rkll5rkn,nwl6jqpw,2
o1yxvv6q,e8e6gd6j,kdkm421m,rkll5rkn,r9gzgeqd,6
o1yxvv6q,e8e6gd6j,kdkm421m,rkll5rkn,o9x2e86w,2
o1yxvv6q,e8e6gd6j,kdkm421m,rkll5rkn,69zrgy6d,7
o1yxvv6q,e8e6gd6j,pdvzn2r6,9d8gqvlk,None,2
o1yxvv6q,e8e6gd6j,kdkm421m,9d8vq07k,69zrgy6d,1
o1yxvv6q,e8e6gd6j,9dowpe1p,824ql3k5,xd1peedo,8
o1yxvv6q,e8e6gd6j,pdvzn2r6,jdzvm3vk,None,1
o1yxvv6q,e8e6gd6j,pdvzn2r6,jdzvm3vk,None,1
o1yxvv6q,e8e6gd6j,pdvzn2r6,jdzvm3vk,None,2
o1yxvv6q,e8e6gd6j,pdvzn2r6,jdzvm3vk,None,2
o1yxvv6q,e8e6gd6j,pdvzn2r6,jdzvm3vk,None,3
o1yxvv6q,e8e6gd6j,pdvzn2r6,9kvyvx3k,None,2
o1yxvv6q,e8e6gd6j,pdvzn2r6,824jq9g2,o9x40r3d,7
o1yxvv6q,e8e6gd6j,m1mm7x12,zdnw4m7d,5wk2mqxw,7
o1yxvv6q,e8e6gd6j,m1mm7x12,zdnw4m7d,5wk2mqxw,7
o1yxvv6q,e8e6gd6j,m1mm7x12,zdnw4m7d,29vyggq9,3
o1yxvv6q,e8e6gd6j,m1mm7x12,zdnw4m7d,29vyggq9,3
o1yxvv6q,e8e6gd6j,m1mm7x12,xk90gyxk,5wk2mqxw,13
o1yxvv6q,e8e6gd6j,m1mm7x12,xk90gyxk,5wk2mqxw,13
o1yxvv6q,e8e6gd6j,m1mm7x12,xk90gyxk,495knmj9,10
o1yxvv6q,e8e6gd6j,m1mm7x12,xk90gyxk,29vyggq9,6
o1yxvv6q,e8e6gd6j,m1mm7x12,xk90gyxk,29vyggq9,6
o1yxvv6q,j2yerlp8,46w382n1,xk9vw0xd,None,2
o1yxvv6q,j2yerlp8,46w3grq1,q25grmjd,o9x33rp9,4
o1yxvv6q,j2yerlp8,o1yxvv6q,9d8jx46k,None,41
o1yxvv6q,j2yerlp8,46w382n1,xk9vw0xd,None,14
o1yxvv6q,j2yerlp8,46w382n1,zdn8n9xd,None,19
o1yxvv6q,j2yerlp8,46w382n1,xd1v1yzd,None,16
o1yxvv6q,j2yerlp8,46w382n1,xd1v1xwd,None,31
o1yxvv6q,j2yerlp8,w6jlw85d,xd1gpmwd,y9m1pql9,12
o1yxvv6q,j2yerlp8,yd4o0z51,wkp3qqw2,None,5
o1yxvv6q,j2yerlp8,yd4o0z51,wkp3qqw2,None,45
o1yxvv6q,j2yerlp8,ldeprl13,824pqwg2,None,55
o1yxvv6q,vqxkmj07,nd2e7qd0,xk9l4vk0,None,5
o1yxvv6q,vqxkmj07,29d30dlp,nxd1rk8q,None,80
o1yxvv6q,vqxkmj07,29d30dlp,l9kvjkgq,None,36
o1yxvv6q,vqxkmj07,n4d7r172,7wk6prd1,None,85
o1yxvv6q,vqxkmj07,o1yxvv6q,7kjzq1nd,None,7
o1yxvv6q,e8ewggp8,o1yxvv6q,xk9jn84d,None,177
o1yxvv6q,e8ewggp8,o1yxvv6q,xk9jn84d,None,36
o1yxvv6q,o8634l38,n268e96p,7wkp02rm,None,25
o1yxvv6q,o8634l38,29d30dlp,zd30m4yd,y9meo60d,6
o1yxvv6q,o8634l38,o1yxvv6q,7kjzq1nd,None,31
o1yxvv6q,368w7lxg,m1mxzvk6,w20y778k,None,2
o1yxvv6q,368w7lxg,v1pomkm6,wkpvymwk,None,1
o1yxvv6q,368w7lxg,v1pomkm6,wkpvymwk,None,1
o1yxvv6q,368w7lxg,v1pomkm6,wkpvymwk,None,1
o1yxvv6q,368w7lxg,m1mxzvk6,wk6oz6ek,5d78gg5w,1
o1yxvv6q,368w7lxg,m1mxzvk6,w205rjod,None,2
o1yxvv6q,368w7lxg,m1melpd2,ndx8n8ok,ldyek4rw,2
o1yxvv6q,368w7lxg,m1melpd2,ndx8n8ok,nwl6zkrw,1
o1yxvv6q,368w7lxg,m1melpd2,ndx8n8ok,rdn5xkvd,1
o1yxvv6q,368w7lxg,m1melpd2,ndx8n8ok,rw6vgkg9,1
o1yxvv6q,368w7lxg,m1melpd2,n2ye7jzk,rw6vgkg9,2
o1yxvv6q,368w7lxg,8nd2qd05,n2yqe8ko,jgdrpewz,1
o1yxvv6q,368w7lxg,8nd2qd05,9kvp063k,3nwlgo9v,1
o1yxvv6q,368w7lxg,m1zmjm60,7kj1914k,rdnrxz5w,1
o1yxvv6q,368w7lxg,m1zmjm60,7kj1914k,n938l42w,2
o1yxvv6q,368w7lxg,8nd2qd05,n2yqe8ko,3nwlgo9v,1
o1yxvv6q,368w7lxg,x369m81l,vdo0v9dp,gdrpeewz,1
o1yxvv6q,368w7lxg,x369m81l,vdo0v9dp,nwlglo9v,4
o1yxvv6q,368w7lxg,x369m81l,vdo0v9dp,xd1j7zdo,4
o1yxvv6q,368w7lxg,x369m81l,vdo0v9dp,owo70j96,3
o1yxvv6q,368w7lxg,x369m81l,vdo0v9dp,r9gy2j92,1
o1yxvv6q,368w7lxg,x369m81l,vdo0v9dp,kwj750wg,3
o1yxvv6q,368w7lxg,x369m81l,vdo0v9dp,o9x1n3dl,1
o1yxvv6q,368w7lxg,x369m81l,vdo0v9dp,495k6m9p,1
o1yxvv6q,368w7lxg,x369m81l,vdo0v9dp,5d7yvqdy,2
o1yxvv6q,368w7lxg,8nd2qd05,7kjrg1g2,None,1
o1yxvv6q,368w7lxg,v1pomkm6,w20yzv5k,None,2
o1yxvv6q,368w7lxg,8nd2qd05,n2yqe8ko,8ywe2lwl,1
o1yxvv6q,368w7lxg,4pdvk6we,4xk9g4d0,jxd1jzdo,2
o1yxvv6q,368w7lxg,8nd2qd05,9kvp063k,jgdrpewz,1
o1yxvv6q,368w7lxg,8nd2qd05,9kvp063k,8ywe2lwl,1
o1yxvv6q,368w7lxg,8nd2qd05,w5dwjnkg,None,3
o1yxvv6q,368w7lxg,x36936lz,pmkez8k6,None,2
o1yxvv6q,368w7lxg,8nd2qd05,xwdmw52q,8ywe2lwl,1
o1yxvv6q,368w7lxg,8nd2qd05,xwdmw52q,jgdrpewz,3
o1yxvv6q,368w7lxg,v1pomkm6,w20yzv5k,None,2
o1yxvv6q,368w7lxg,v1pomkm6,wdm8q6o2,None,1
o1yxvv6q,368w7lxg,v1pomkm6,wdm8q6o2,None,1
o1yxvv6q,368w7lxg,v1pomkm6,wdm8q6o2,None,1
o1yxvv6q,368w7lxg,v1pomkm6,w20yzv5k,None,2
o1yxvv6q,368w7lxg,8nd2qd05,xwdmw52q,3nwlgo9v,1
o1yxvv6q,368w7lxg,k6q4p7od,q25qn082,None,1
o1yxvv6q,368w7lxg,k6q4p7od,82467pgd,None,1
o1yxvv6q,368w7lxg,m1melpd2,ndx8n8ok,n930l2z9,2
o1yxvv6q,368w7lxg,o1yxvv6q,7dg59472,None,4
o1yxvv6q,368w7lxg,m1melpd2,n2yjple2,z98j52pw,1
o1yxvv6q,368w7lxg,m1melpd2,n2yjple2,gdrej5k9,2
o1yxvv6q,368w7lxg,m1melpd2,n2yjple2,n930l2z9,3
o1yxvv6q,368w7lxg,m1melpd2,n2yjple2,rw6vgkg9,1
o1yxvv6q,368w7lxg,m1melpd2,ndx8n8ok,gdrjokzw,1
o1yxvv6q,368w7lxg,8m1z0d0p,zjdzpgkv,None,2
o1yxvv6q,368w7lxg,4pdvk6we,4xk9g4d0,q5wkkvw4,2
o1yxvv6q,368w7lxg,4pdvk6we,4xk9g4d0,lewp7ywn,2
o1yxvv6q,368w7lxg,4pdvk6we,4xk9g4d0,3y9m5zd5,2
o1yxvv6q,368w7lxg,8nd2qd05,xwdmn42q,jgdrpewz,3
o1yxvv6q,368w7lxg,x36936lz,jzd368dn,pr9gj926,2
o1yxvv6q,368w7lxg,x36936lz,jzd368dn,369zxd1e,2
o1yxvv6q,368w7lxg,x36936lz,jzd368dn,3nwlowvj,2
o1yxvv6q,368w7lxg,x36936lz,jzd368dn,jgdre9zx,2
o1yxvv6q,368w7lxg,x36936lz,jzd368dn,8ywel9lz,2
o1yxvv6q,368w7lxg,x36936lz,jzd368dn,zldypd3y,3
o1yxvv6q,y8d99dmx,n4d7r172,q254wgdo,None,23
o1yxvv6q,y8d99dmx,o1yxvv6q,xk9jn84d,None,3
o1yxvv6q,y8d99dmx,yd4okqp1,rkl0zpwk,None,9
o1yxvv6q,98ro9m38,o1yxvv6q,xk9jn84d,None,185
o1yxvv6q,8d4529m8,yo1yv1q5,4xk906k0,None,2
o1yxvv6q,8d4529m8,o1yxvv6q,xk9jn84d,None,2
o1yxvv6q,8d4529m8,yo1yv1q5,xk9g1w6d,None,16
o1yxvv6q,8d4529m8,yo1yv1q5,5dwp84ek,None,1
o1yxvv6q,8d4529m8,29d30dlp,nxd1rk8q,None,93
o1yxvv6q,y8dne0gj,o1yxvv6q,xk9jn84d,None,71
o1yxvv6q,gpj0g4xw,o6gn8r81,xd1qqxw2,None,4
o1yxvv6q,gpj0g4xw,o6gnwq51,mkexq3xd,None,23
o1yxvv6q,gpj0g4xw,v1po4z46,wk6emzq2,None,99
o1yxvv6q,gpj0g4xw,4d79lkn1,9d844o3k,None,5
o1yxvv6q,gpj0g4xw,w6jl387d,wk6vm7xd,None,8
o1yxvv6q,gpj0g4xw,o6g7yo62,02qyojdy,None,2
o1yxvv6q,gpj0g4xw,yo1yv1q5,4xk906k0,None,82
o1yxvv6q,gpj0g4xw,k6q48kmd,jdz76qxk,None,10
o1yxvv6q,gpj0g4xw,k6q48kmd,jdreog0k,None,5
o1yxvv6q,gpj0g4xw,k6q48kmd,jdreryxk,None,3
o1yxvv6q,gpj0g4xw,m9dok31p,prkleq2n,None,56
o1yxvv6q,gpj0g4xw,m9dok31p,mndxp12q,None,121
o1yxvv6q,gpj0g4xw,m9dok31p,02q3ejzk,None,54
o1yxvv6q,gpj0g4xw,j1n4jx6p,xk9prxd0,None,11
o1yxvv6q,gpj0g4xw,o6gkmn12,7kj97423,None,1
o1yxvv6q,gpj0g4xw,o6gkmn12,7kj97423,None,1
o1yxvv6q,gpj0g4xw,m1zyp360,ndxmpgj2,None,2
o1yxvv6q,gpj0g4xw,46w5v76r,jdz183kv,None,2
o1yxvv6q,gpj0g4xw,v1p3v768,jdrjxg26,None,1
o1yxvv6q,gpj0g4xw,nd29kr60,5dwy31gk,None,1
o1yxvv6q,gpj0g4xw,nd29kr60,9d8pz5qk,None,3
o1yxvv6q,gpj0g4xw,m9dor3dp,wz274g20,None,12
o1yxvv6q,gpj0g4xw,kdkq52dm,vdoz36kp,None,2
o1yxvv6q,gpj0g4xw,pd0werl1,xd14mwzd,None,1
o1yxvv6q,gpj0g4xw,j1ne7kx1,7dgrrzxk,None,3
o1yxvv6q,gpj0g4xw,268yw9dp,wk6wvjq2,None,8
o1yxvv6q,gpj0g4xw,v1p24pd8,wkpoyzj2,None,1
o1yxvv6q,gpj0g4xw,v1p24pd8,wk67mwpd,None,2
o1yxvv6q,gpj0g4xw,m9dok31p,z273lzd0,None,76
o1yxvv6q,gpj0g4xw,369l3g6l,zd3lezyd,None,156
o1yxvv6q,gpj0g4xw,9dolm3dp,z277o042,None,9
o1yxvv6q,gpj0g4xw,o1y8y4dq,xd1mpgzd,None,14
o1yxvv6q,gpj0g4xw,xv1pz8d8,9zdnpxkq,None,11
o1yxvv6q,gpj0g4xw,kdkpol1m,7dggreld,None,49
o1yxvv6q,gpj0g4xw,76r43l18,mkezgrnk,None,26
o1yxvv6q,gpj0g4xw,76r43l18,w20wryod,None,776
o1yxvv6q,gpj0g4xw,j1n4ge6p,vdo1r92p,None,8
o1yxvv6q,gpj0g4xw,jy6578de,7dgg1pd4,None,43
o1yxvv6q,gpj0g4xw,m1zw5m10,w20zy7jd,None,5
o1yxvv6q,gpj0g4xw,j1nqoy1p,mke9x59d,None,12
o1yxvv6q,gpj0g4xw,yd4onlw1,9kvoo9o2,None,3
o1yxvv6q,gpj0g4xw,n4d7r172,7wk6prd1,None,81
o1yxvv6q,gpj0g4xw,o6gym562,jdrq0zgk,nwlg4or9,1
o1yxvv6q,gpj0g4xw,o6gym562,zdnw3eed,None,1
o1yxvv6q,gpj0g4xw,o6gym562,jdrq0zgk,z98r47ld,1
o1yxvv6q,gpj0g4xw,o6gym562,jdrq0zgk,gdrp6xzw,1
o1yxvv6q,gpj0g4xw,o6gym562,jdrq0zgk,ldy1lgzd,1
o1yxvv6q,gpj0g4xw,o6gym562,jdrq0zgk,rdno4zvw,1
o1yxvv6q,gpj0g4xw,xlde3j63,4xk9l6k0,None,33
o1yxvv6q,gpj0g4xw,v1pzyzd8,7dg8gz42,None,9
o1yxvv6q,gpj0g4xw,yo1yv1q5,vdo0nzod,None,28
o1yxvv6q,gpj0g4xw,j1nqoy1p,mke9x59d,None,70
o1yxvv6q,gpj0g4xw,j1nqoy1p,mke9x59d,None,16
o1yxvv6q,gpj0g4xw,kdkemgdm,q25neg2o,None,31
o1yxvv6q,gpj0g4xw,29d30dlp,nxd1rk8q,None,232
o1yxvv6q,gpj0g4xw,n4d7r172,p7kjv4k3,None,20
o1yxvv6q,gpj0g4xw,9doyp36p,jdrqve5k,None,1
o1yxvv6q,gpj0g4xw,n4d7r172,xn2yqmko,None,30
o1yxvv6q,gpj0g4xw,om1mx362,7kjvmgk3,None,270
o1yxvv6q,gpj0g4xw,w6jne51j,rkl7grdn,None,16
o1yxvv6q,gpj0g4xw,om1mx362,wkpn1jdr,None,20
o1yxvv6q,gpj0g4xw,om1mx362,wkpn1jdr,None,80
o1yxvv6q,gpj0g4xw,o6gwo512,wkpnmjdr,None,2
o1yxvv6q,gpj0g4xw,om1mx362,wkpn1jdr,None,26
o1yxvv6q,gpj0g4xw,n268e96p,7wkp02rm,None,18
o1yxvv6q,gpj0g4xw,o6gwo512,wk63ppk1,None,6
o1yxvv6q,gpj0g4xw,m1m3xx62,zd35xekn,None,11
o1yxvv6q,gpj0g4xw,k6qp50dg,n2ynmmko,None,2
o1yxvv6q,gpj0g4xw,o1yxvv6q,n2yj37z2,None,2
o1yxvv6q,gpj0g4xw,j1n4jx6p,jdr97nd6,None,24
o1yxvv6q,gpj0g4xw,m1zyp360,zd3v0e2n,None,9
o1yxvv6q,gpj0g4xw,w6jg546j,q25x7jko,None,5
o1yxvv6q,gpj0g4xw,n4d7pgd7,9zdn1ekq,None,75
o1yxvv6q,gpj0g4xw,m9dok31p,7wk6oqk1,None,69
o1yxvv6q,gpj0g4xw,ldexxj63,rklo96kn,None,27
o1yxvv6q,gpj0g4xw,ok6qvxdg,rklgz8dn,None,25
o1yxvv6q,86nwyl3x,o1yxvv6q,xk9jn84d,None,12
o1yxvv6q,86nwyl3x,o1y9yr6q,02qgorpd,None,9
o1yxvv6q,e8eze280,qw6j21jm,9zdnw9dq,None,17
o1yxvv6q,e8eze280,n4d7r172,7wk6prd1,None,53
o1yxvv6q,e8eze280,29d30dlp,nxd1rk8q,None,127
o1yxvv6q,e8eze280,n4d7r172,xn2yqmko,None,25
o1yxvv6q,e8eze280,29d30dlp,l9kvjkgq,None,39
o1yxvv6q,e8eze280,m9do9edp,5dwjz5kg,None,12
o1yxvv6q,e8eze280,29d30dlp,jzd3y2nq,None,66
o1yxvv6q,e8eze280,nj1nee1p,gq254vdo,None,32
o1yxvv6q,e8eze280,qw6j21jm,ndx8gnok,kwj7k57w,1
o1yxvv6q,e8eze280,o1yxvv6q,7kjzq1nd,None,15
o1yxvv6q,e8eze280,n4d7r172,p7kjv4k3,None,30
o1yxvv6q,e8eze280,4d708n17,xd1olzk8,None,72
o1yxvv6q,kjp9r6y8,4pdv0o1w,mkeqr46k,29vj36n9,1
o1yxvv6q,kjp9r6y8,8nd2gv10,wkpmv3wk,ldyjyqzd,8
o1yxvv6q,kjp9r6y8,4pdv0o1w,mkeqr46k,rdqgj819,5
o1yxvv6q,kjp9r6y8,n4d74gd7,xk98ney2,ldyjy0zd,5
o1yxvv6q,kjp9r6y8,4pdv0o1w,mkeqr46k,5d7lv1v9,10
o1yxvv6q,kjp9r6y8,n4d74gd7,zdnx1lq2,29vj3vx9,1
o1yxvv6q,kjp9r6y8,8nd2gv10,wkpmv3wk,5wk8j0pw,12
o1yxvv6q,kjp9r6y8,8nd2gv10,wkpmv3wk,xd0lgp4d,7
o1yxvv6q,kjp9r6y8,4pdv0o1w,mkeqr46k,n93871ew,6
o1yxvv6q,kjp9r6y8,4pdv0o1w,mkeqr46k,5923zkrd,19
o1yxvv6q,kjp9r6y8,o6gn7o12,7dg8g3l2,r9gvg292,40
o1yxvv6q,kjp9r6y8,46wvmndr,zdnw3g9d,None,29
o1yxvv6q,kjp9r6y8,o6gn7o12,7dg8g3l2,69zkg491,68
o1yxvv6q,kjp9r6y8,o6gn7o12,7dg8g3l2,o9xpe7dl,16
o1yxvv6q,kjp9r6y8,9d3rr0dl,n2y180m2,None,473
o1yxvv6q,kjp9r6y8,j1n3redp,zd3098vd,xd1jrx5d,1
o1yxvv6q,kjp9r6y8,4pdv0o1w,7wk60xk1,None,74
o1yxvv6q,kjp9r6y8,4pdv0o1w,mkeqr46k,y9myj619,12
o1yxvv6q,kjp9r6y8,4d7vjgd7,9kv9z3o2,None,3
o1yxvv6q,kjp9r6y8,nj1ne1p4,7wk67qd1,yrdqowxl,22
o1yxvv6q,kjp9r6y8,nj1ne1p4,7wk67qd1,x5d7qwy7,26
o1yxvv6q,kjp9r6y8,nj1ne1p4,7wk67qd1,8495mwpv,30
o1yxvv6q,kjp9r6y8,nj1ne1p4,7wk67qd1,oz98rdlm,42
o1yxvv6q,kjp9r6y8,nj1ne1p4,7wk67qd1,krdn5dm2,19
o1yxvv6q,kjp9r6y8,946woq1r,9d8xxe32,None,1
o1yxvv6q,kjp9r6y8,8nd2gv10,7dg496pd,ewpejnj9,9
o1yxvv6q,kjp9r6y8,8nd2gv10,wkpmv3wk,ewpejnj9,13
o1yxvv6q,kjp9r6y8,l3dxogdy,q25oz7gk,None,158
o1yxvv6q,kjp9r6y8,4d79lz31,ndx953rd,None,1
o1yxvv6q,kjp9r6y8,4d79lz31,9kvo67o2,None,3
o1yxvv6q,kjp9r6y8,w6jln7dj,9d8pjo3k,None,3
o1yxvv6q,kjp9r6y8,om1m3625,w20p0zkn,None,504
o1yxvv6q,kjp9r6y8,j1neglw1,jdzvrprk,None,1
o1yxvv6q,kjp9r6y8,y658506e,mke5px9k,None,529
o1yxvv6q,kjp9r6y8,k6q48q9d,rklv3rrd,None,3
o1yxvv6q,kjp9r6y8,j1neglw1,jdr7w1n2,None,1
o1yxvv6q,kjp9r6y8,j1neglw1,02qle87k,None,1
o1yxvv6q,kjp9r6y8,om1m3625,xd1em828,None,147
o1yxvv6q,kjp9r6y8,yd4q256e,mkezmw9k,ldye5zrw,2
o1yxvv6q,kjp9r6y8,yd4q256e,mkezmw9k,rdn5l17d,1
o1yxvv6q,kjp9r6y8,946woq1r,xk90xyk0,None,1
o1yxvv6q,kjp9r6y8,pd0wq31e,n2y1y72o,None,607
o1yxvv6q,kjp9r6y8,m9dok31p,n2yq3ezk,4952gm9p,22
o1yxvv6q,kjp9r6y8,76r2pqd8,wdmznp42,None,18
o1yxvv6q,kjp9r6y8,pdvykrdw,n2yjmy82,None,9
o1yxvv6q,kjp9r6y8,o1yxvv6q,9d8jx46k,None,61
o1yxvv6q,kjp9r6y8,76rmo418,vdo4yw92,None,72
o1yxvv6q,kjp9r6y8,v1p9o768,9d8jyjwk,None,16
o1yxvv6q,kjp9r6y8,j1nnyw1p,7dggyppd,None,50
o1yxvv6q,kjp9r6y8,pdvykrdw,7kjz7nxd,xd15q1zw,1
o1yxvv6q,kjp9r6y8,pdvykrdw,7kjz7nxd,y9mpozz9,3
o1yxvv6q,kjp9r6y8,pdvykrdw,7kjz7nxd,5wkr7lv9,1
o1yxvv6q,kjp9r6y8,m9dok31p,zd31gy2n,4952gm9p,94
o1yxvv6q,kjp9r6y8,yd4jl5de,vdo4gwv2,None,62
o1yxvv6q,kjp9r6y8,k6qew96g,7kjzy63d,None,277
o1yxvv6q,kjp9r6y8,yd4jl5de,z27ryg4d,None,43
o1yxvv6q,kjp9r6y8,k6q44xxd,zd36vynd,kwj5qnr9,4
o1yxvv6q,kjp9r6y8,nd2e9erd,vdom79v2,None,125
o1yxvv6q,kjp9r6y8,nd2e9erd,7kj1wexk,None,18
o1yxvv6q,kjp9r6y8,kdkokl6m,n2yjry82,rw63mrpw,19
o1yxvv6q,kjp9r6y8,nd2e9erd,jdrle6nd,None,11
o1yxvv6q,kjp9r6y8,nd2e9erd,7kj1wexk,None,37
o1yxvv6q,kjp9r6y8,4d7zpl67,7kjq934d,nwl3nkgw,56
o1yxvv6q,kjp9r6y8,pdvykrdw,7kjz7nxd,ewpq65y9,3
o1yxvv6q,kjp9r6y8,kdkokl6m,n2yjry82,n93g3v7d,3
o1yxvv6q,kjp9r6y8,k6q44xxd,zd36vynd,owo0pzvw,3
o1yxvv6q,kjp9r6y8,76ry7l18,wkpy6owk,None,8
o1yxvv6q,kjp9r6y8,nd2e9erd,vdom79v2,None,75
o1yxvv6q,kjp9r6y8,nd2e9erd,z27lj0gd,None,559
o1yxvv6q,kjp9r6y8,nd2e9erd,7dg4popd,None,263
o1yxvv6q,kjp9r6y8,nd2e9erd,vdom79v2,None,80
o1yxvv6q,kjp9r6y8,nd2e9erd,vdom79v2,None,177
o1yxvv6q,kjp9r6y8,nd2e9erd,vdom79v2,None,164
o1yxvv6q,kjp9r6y8,46wv59dr,wdm4l13d,None,19
o1yxvv6q,kjp9r6y8,76r2nvd8,xk904wvk,None,236
o1yxvv6q,kjp9r6y8,46wkkl6r,9kvmwjok,ywe1nqqd,27
o1yxvv6q,kjp9r6y8,46wkkl6r,zd36pl8d,ywe1nqqd,18
o1yxvv6q,kv81k5jp,j1np4l6p,9kvx3w32,29v2g1dv,1
o1yxvv6q,kv81k5jp,j1np4l6p,9kvx3w32,29v2g1dv,2
o1yxvv6q,kv81k5jp,j1np4l6p,9kvx3w32,29v2g1dv,2
o1yxvv6q,kv81k5jp,j1np4l6p,9kvx3w32,29v2g1dv,3
o1yxvv6q,kv81k5jp,j1np4l6p,9kvx3w32,29v2g1dv,1
o1yxvv6q,kv81k5jp,j1np4l6p,9kvx3w32,29v2g1dv,1
o1yxvv6q,kv81k5jp,j1np4l6p,9kvx3w32,29v2g1dv,1
o1yxvv6q,kv81k5jp,29d30dlp,rkle7mw2,None,31
o1yxvv6q,kv81k5jp,n4d7r172,7wk6prd1,None,11
o1yxvv6q,kv81k5jp,n4d7r172,wkpjll0k,n93qljnw,1
o1yxvv6q,kv81k5jp,n4d7r172,q254wgdo,None,24
o1yxvv6q,kv81k5jp,j1np4l6p,9kvx3w32,29v2g1dv,1
o1yxvv6q,kv81k5jp,j1np4l6p,9kvx3w32,29v2g1dv,1
o1yxvv6q,kv81k5jp,j1np4l6p,9kvx3w32,29v2g1dv,1
o1yxvv6q,kv81k5jp,3dx2xov1,zd3j7xr2,None,77
o1yxvv6q,kv81k5jp,29d30dlp,nxd1rk8q,None,184
o1yxvv6q,kv81k5jp,o1yxvv6q,n2yj37z2,None,5
o1yxvv6q,o86v53qj,yo1yv1q5,wdm8v332,ywe2v47w,4
o1yxvv6q,o86v53qj,yo1yv1q5,vdo46qy2,None,6
o1yxvv6q,o86v53qj,yo1yv1q5,zdnq1pqd,None,3
o1yxvv6q,o86v53qj,yo1yv1q5,7kjr19x2,None,2
o1yxvv6q,o86v53qj,yo1yv1q5,wdm8v332,y9m5mjxd,5
o1yxvv6q,o86v53qj,yo1yv1q5,wdm8v332,29v31y1w,3
o1yxvv6q,o86v53qj,yo1yv1q5,wdm8v332,5d77nkqd,4
o1yxvv6q,o86v53qj,m1zg8z60,7kjqm93d,gdr2zv89,1
o1yxvv6q,o86v53qj,yo1yv1q5,wdm8v332,gdrj4p8w,3
o1yxvv6q,o86v53qj,o1yxvv6q,xk9jn84d,None,7
o1yxvv6q,o86v53qj,yo1yv1q5,wdm8v332,rdn02n5w,1
o1yxvv6q,o86v53qj,yo1yv1q5,wdm8v332,z98jv27w,5
o1yxvv6q,o86v53qj,yo1yv1q5,wdm8v332,ywe4rkld,3
o1yxvv6q,o86v53qj,yo1yv1q5,wdm8v332,nwl6x6pw,9
o1yxvv6q,o86v53qj,yo1yv1q5,wdm8v332,xd10evq9,3
o1yxvv6q,o86v53qj,yo1yv1q5,wdm8v332,o9x2516w,2
o1yxvv6q,o86v53qj,yo1yv1q5,wdm8v332,xd10kez9,11
o1yxvv6q,o86v53qj,yo1yv1q5,wdm8v332,495jok2w,9
o1yxvv6q,o86v53qj,yo1yv1q5,wdm8v332,z98jv2rw,7
o1yxvv6q,o86v53qj,yo1yv1q5,wdm8v332,xd4647q9,5
o1yxvv6q,o86v53qj,yo1yv1q5,wdm8v332,xd00rk0d,3
o1yxvv6q,o86v53qj,yo1yv1q5,wdm8v332,5wk2zg5w,3
o1yxvv6q,o86v53qj,yo1yv1q5,wdm8v332,xd467609,4
o1yxvv6q,o86v53qj,yo1yv1q5,wdm8v332,xd4644q9,2
o1yxvv6q,o86v53qj,yo1yv1q5,wdm8v332,y9meq5ld,13
o1yxvv6q,o86v53qj,yo1yv1q5,wdm8v332,owok17vd,9
o1yxvv6q,o86v53qj,yo1yv1q5,wdm8v332,n9305q79,2
o1yxvv6q,o86v53qj,yo1yv1q5,wdm8v332,rdq0m71w,6
o1yxvv6q,o86v53qj,yo1yv1q5,wdm8v332,r9gzm4kd,1
o1yxvv6q,o86v53qj,yo1yv1q5,wdm8v332,ewpp2xzw,3
o1yxvv6q,o86v53qj,yo1yv1q5,wdm8v332,69zrl3od,4
o1yxvv6q,o86v53qj,yo1yv1q5,wdm8v332,gdrj0ezw,1
o1yxvv6q,o86v53qj,yo1yv1q5,wdm8v332,ldyeryzw,2
o1yxvv6q,o86v53qj,yo1yv1q5,wdm8v332,ywe4v1rd,2
o1yxvv6q,o86v53qj,yo1yv1q5,wdm8v332,kwjykzzw,5
o1yxvv6q,o86v53qj,yo1yv1q5,wdm8v332,rw6q7vgd,6
o1yxvv6q,o86v53qj,yo1yv1q5,wdm8v332,xd0ke049,4
o1yxvv6q,o86v53qj,yo1yv1q5,wdm8v332,nwlgm6e9,3
o1yxvv6q,o86v53qj,yo1yv1q5,wdm8v332,69zplrgw,4
o1yxvv6q,o86v53qj,yo1yv1q5,wdm8v332,n93qx0zw,4
o1yxvv6q,o86v53qj,yo1yv1q5,wdm8v332,o9x1y2pd,5
o1yxvv6q,o86v53qj,yo1yv1q5,wdm8v332,kwj7ke7w,3
o1yxvv6q,o86v53qj,yo1yv1q5,wdm8v332,5wkkm2pw,4
o1yxvv6q,o86v53qj,yo1yv1q5,wdm8v332,rdnom57w,3
o1yxvv6q,o86v53qj,yo1yv1q5,wdm8v332,ldy1rerd,6
o1yxvv6q,o86v53qj,yo1yv1q5,wdm8v332,r9gymzp9,5
o1yxvv6q,o86v53qj,yo1yv1q5,wdm8v332,495kqj39,7
o1yxvv6q,o86v53qj,yo1yv1q5,wdm8v332,495jq5jw,4
o1yxvv6q,o86v53qj,yo1yv1q5,wdm8v332,ldy1l6jd,5
o1yxvv6q,o86v53qj,yo1yv1q5,wdm8v332,xd1jzzzd,2
o1yxvv6q,o86v53qj,yo1yv1q5,wdm8v332,z98rojpd,10
o1yxvv6q,o86v53qj,yo1yv1q5,wdm8v332,owo7mmj9,6
o1yxvv6q,o86v53qj,yo1yv1q5,wdm8v332,5d7yj36d,4
o1yxvv6q,o86v53qj,yo1yv1q5,wdm8v332,xd10z269,4
o1yxvv6q,o86v53qj,yo1yv1q5,wdm8v332,5d77j4vd,4
o1yxvv6q,o86v53qj,yo1yv1q5,wdm8v332,nwl6mlrw,2
o1yxvv6q,o86v53qj,yo1yv1q5,wdm8v332,495kqk39,2
o1yxvv6q,o86v53qj,yo1yv1q5,wdm8v332,rdqzmz2d,2
o1yxvv6q,o86v53qj,yo1yv1q5,wdm8v332,xd1jz55d,4
o1yxvv6q,o86v53qj,yo1yv1q5,wdm8v332,gdrp0jlw,4
o1yxvv6q,o86v53qj,yo1yv1q5,wdm8v332,o9x1y1pd,2
o1yxvv6q,o86v53qj,yo1yv1q5,wdm8v332,rdqzm02d,5
o1yxvv6q,o86v53qj,yo1yv1q5,wdm8v332,gdrp6l8w,4
o1yxvv6q,o86v53qj,yo1yv1q5,wdm8v332,owo7mkk9,5
o1yxvv6q,j51vgqw8,o1yxvv6q,xk98gj42,None,5
o1yxvv6q,j51vgqw8,o1yxvv6q,wk61oord,None,10
o1yxvv6q,j51vgqw8,46w35xn1,9d8x4qw2,None,5
o1yxvv6q,j51vgqw8,46w35xn1,9d8x4qw2,None,4
o1yxvv6q,j51vgqw8,9dowkk1p,ndx1yno2,None,2
o1yxvv6q,j51vgqw8,46w35xn1,7dg9eopk,None,4
o1yxvv6q,j51vgqw8,46w35xn1,9d8x4qw2,None,4
o1yxvv6q,j51vgqw8,46w35xn1,9d8x4qw2,None,6
o1yxvv6q,j51vgqw8,46w35xn1,9d8x4qw2,None,6
o1yxvv6q,j51vgqw8,46w35xn1,9d8x4qw2,None,11
o1yxvv6q,j51vgqw8,46w35xn1,9d8x4qw2,None,6
o1yxvv6q,j51vgqw8,46w35xn1,9d8x4qw2,None,5
o1yxvv6q,j51vgqw8,m1mmg412,7kjg053k,5wk117qd,2
o1yxvv6q,j51vgqw8,46w3e471,vdo8wpok,None,2
o1yxvv6q,j51vgqw8,46w3e471,mke93w9d,None,7
o1yxvv6q,j51vgqw8,m1mmg412,rklyyqdn,None,2
o1yxvv6q,j51vgqw8,m1mmg412,ndx9z3jd,y9m11o19,2
o1yxvv6q,j51vgqw8,m1mmg412,rklxr18k,None,3
o1yxvv6q,j51vgqw8,46w3e471,vdo8wpok,None,2
o1yxvv6q,j51vgqw8,m1mmg412,z27mzjg2,None,2
o1yxvv6q,8rl6mzw8,o1yxvv6q,xk9jn84d,None,6
o1yxvv6q,8r70eq3j,j1lq9376,q259vqwk,None,1
o1yxvv6q,8r70eq3j,y654xked,jdzemjvd,None,1
o1yxvv6q,8r70eq3j,pdvzpko6,7dg41wld,None,1
o1yxvv6q,8r70eq3j,369223dl,rklx5lwk,None,1
o1yxvv6q,8r70eq3j,369223dl,9kvlnr32,None,1
o1yxvv6q,8r70eq3j,369223dl,rklzn082,None,1
o1yxvv6q,8r70eq3j,369223dl,rklx5lwk,None,1
o1yxvv6q,8r70eq3j,268elq56,rklrm3qk,None,4
o1yxvv6q,8r70eq3j,268elq56,ndx4l912,None,5
o1yxvv6q,8r70eq3j,268elq56,jdzw0n3d,None,1
o1yxvv6q,8r70eq3j,268elq56,w203mgv2,None,2
o1yxvv6q,8r70eq3j,pdv2wkk6,wkprmx02,None,6
o1yxvv6q,8r70eq3j,y654xked,zd3v83y2,None,1
o1yxvv6q,8r70eq3j,lde3vel6,n2y91n7d,None,1
o1yxvv6q,8r70eq3j,lde3vel6,zd35omnk,None,1
o1yxvv6q,8r70eq3j,lde3vel6,n2y91n7d,None,1
o1yxvv6q,8r70eq3j,j1lq9376,824q8enk,None,1
o1yxvv6q,8r70eq3j,j1lq9376,9d85lmqd,None,1
o1yxvv6q,8r70eq3j,9downqe1,jdz7le3k,None,3
o1yxvv6q,8r70eq3j,j1lq9376,9d85lmqd,None,1
o1yxvv6q,8r70eq3j,lde3vel6,zd35omnk,None,1
o1yxvv6q,8r70eq3j,lde3vel6,zd3o89nd,None,1
o1yxvv6q,8r70eq3j,lde3vel6,7kj8r93d,None,1
o1yxvv6q,8r70eq3j,lde3vel6,q25e41j2,None,1
o1yxvv6q,8r70eq3j,pdvzpko6,8241j3n2,None,1
o1yxvv6q,8r70eq3j,o1yjr4r1,rkl59082,None,1
o1yxvv6q,8r70eq3j,o1yjr4r1,zdnzxynd,None,1
o1yxvv6q,8r70eq3j,o1yjr4r1,82486nek,None,1
o1yxvv6q,8r70eq3j,o1y9x8k6,wkp56wgd,None,1
o1yxvv6q,8r70eq3j,3698gq8d,xk9wonv2,None,1
o1yxvv6q,8r70eq3j,3698gq8d,7kjgjq3k,None,1
o1yxvv6q,8r70eq3j,o1yjr4r1,zdnzxynd,None,4
o1yxvv6q,8r70eq3j,lde3vel6,9d8ev5qd,None,1
o1yxvv6q,8r70eq3j,lde3vel6,9d8ev5qd,None,2
o1yxvv6q,8r70eq3j,lde3vel6,9d8ev5qd,None,1
o1yxvv6q,8r70eq3j,v1pomy86,9kvmx0jk,None,1
o1yxvv6q,8r70eq3j,yd4kgok6,7dgmv8gd,None,1
o1yxvv6q,8r70eq3j,yd4kgok6,9kvnp9ed,None,3
o1yxvv6q,8r70eq3j,k6q433md,824lyvmd,None,3
o1yxvv6q,8r70eq3j,3698gq8d,vdo5r36k,None,1
o1yxvv6q,8r70eq3j,9d3r2mwd,02qmvjyd,None,2
o1yxvv6q,8r70eq3j,o1y9x8k6,zdnz61nd,None,1
o1yxvv6q,8r70eq3j,9d3r2mwd,n2y7ep72,None,4
o1yxvv6q,8r70eq3j,m1zk5lz1,xd156042,None,1
o1yxvv6q,8r70eq3j,pd0q4lv1,mkeyen62,None,2
o1yxvv6q,8r70eq3j,9d38elg1,vdoy6jv2,None,2
o1yxvv6q,8r70eq3j,4d7n4er6,ndxny65k,None,1
o1yxvv6q,8r70eq3j,4d7n4er6,5dwn0end,None,1
o1yxvv6q,8r70eq3j,y655mne6,w208y6vd,None,1
o1yxvv6q,8r70eq3j,o1y9x8k6,jdzl1z32,None,1
o1yxvv6q,8r70eq3j,o1y9x8k6,zdnzeged,None,1
o1yxvv6q,8r70eq3j,o1y9x8k6,zdnzeged,None,1
o1yxvv6q,8r70eq3j,o1y9x8k6,zdnzeged,None,1
o1yxvv6q,8r70eq3j,o1y9x8k6,zdnzeged,None,1
o1yxvv6q,8r70eq3j,o1y9x8k6,zdnzeged,None,1
o1yxvv6q,8r70eq3j,o1y9x8k6,jdzl1z32,None,1
o1yxvv6q,8r70eq3j,o1y9x8k6,wkp56wgd,None,1
o1yxvv6q,8r70eq3j,o1y9x8k6,w203rvj2,None,2
o1yxvv6q,8r70eq3j,o6gl24xd,jdro1exd,None,2
o1yxvv6q,8r70eq3j,o1yjr4r1,9kv8qr3d,None,2
o1yxvv6q,8r70eq3j,m1zkjzx1,9d8o1n72,None,1
o1yxvv6q,8r70eq3j,9d3r0n9d,ndx4o7o2,None,1
o1yxvv6q,8r70eq3j,3698gq8d,824nv6ek,None,1
o1yxvv6q,8r70eq3j,kdkzlpld,xd1v8lzd,None,2
o1yxvv6q,8r70eq3j,w6jlrx5d,zd3x38ed,None,2
o1yxvv6q,8r70eq3j,yd4kgok6,zdnzv5xd,None,1
o1yxvv6q,8r70eq3j,yd4kgok6,zdnzv5xd,None,1
o1yxvv6q,8r70eq3j,yd4kgok6,zdnzv5xd,None,1
o1yxvv6q,8r70eq3j,yd4kgok6,zdnzv5xd,None,1
o1yxvv6q,8r70eq3j,yd4kgok6,zdnzv5xd,None,1
o1yxvv6q,8r70eq3j,yd4kgok6,rkl5ow62,None,2
o1yxvv6q,8r70eq3j,yd4kgok6,rkl5ow62,None,1
o1yxvv6q,8r70eq3j,j1n8g7l1,wk6wg9o2,None,1
o1yxvv6q,8r70eq3j,j1n8g7l1,9kv8g5ed,None,1
o1yxvv6q,8r70eq3j,j1lq9376,824q8enk,None,1
o1yxvv6q,8r70eq3j,j1ne23e1,zdn8eg9d,None,2
o1yxvv6q,8r70eq3j,o1y9xpk6,rklr7v6k,None,2
o1yxvv6q,8r70eq3j,nd28w8qd,n2yvj0m2,None,2
o1yxvv6q,8r70eq3j,nd28w8qd,5dw18egk,None,2
o1yxvv6q,8r70eq3j,nd28w8qd,wk6w15r2,None,2
o1yxvv6q,8r70eq3j,46w2j396,mkexjxjd,None,2
o1yxvv6q,8r70eq3j,46w2j396,mkexjxjd,None,3
o1yxvv6q,8r70eq3j,y654vg8d,9kv947e2,None,2
o1yxvv6q,8r70eq3j,nd28k2ed,mkevzp92,None,5
o1yxvv6q,8r70eq3j,y654xked,jdzemjvd,None,6
o1yxvv6q,8r70eq3j,y654xked,n2yewnek,None,2
o1yxvv6q,8r70eq3j,om1mx362,zd3qprkn,69zxqxd1,17
o1yxvv6q,8r70eq3j,o1yjjo21,w2089gvd,None,13
o1yxvv6q,8r70eq3j,o1yjjo21,w2089gvd,None,9
o1yxvv6q,8r70eq3j,o1yjjo21,vdoze81k,None,4
o1yxvv6q,8r70eq3j,om1mx362,7kjvmgk3,None,52
o1yxvv6q,8r70eq3j,ldej3o51,n2yev61k,None,25
o1yxvv6q,8r70eq3j,o1yjjo21,w2089gvd,None,9
o1yxvv6q,8r70eq3j,o1yjjo21,w2089gvd,None,23
o1yxvv6q,8r70eq3j,ldej3o51,824l9qgd,None,18
o1yxvv6q,8r70eq3j,ldej3o51,824l9qgd,None,4
o1yxvv6q,8r70eq3j,ldej3o51,9d8on532,None,4
o1yxvv6q,8r70eq3j,ldej3o51,824l9qgd,None,7
o1yxvv6q,8r70eq3j,ldej3o51,9d8on532,None,8
o1yxvv6q,8r70eq3j,ldej3o51,824l9qgd,None,9
o1yxvv6q,8r70eq3j,ldej3o51,9d8on532,None,12
o1yxvv6q,8r70eq3j,ldej3o51,9d8on532,None,24
o1yxvv6q,8r70eq3j,ldej3o51,9d8on532,None,7
o1yxvv6q,8r70eq3j,ldej3o51,9d8on532,None,3
o1yxvv6q,8r70eq3j,ldej3o51,824l9qgd,None,15
o1yxvv6q,8r70eq3j,ldej3o51,824l9qgd,None,10
o1yxvv6q,8r70eq3j,j1nqoy1p,zd30e6vd,ldye1n7w,4
o1yxvv6q,8r70eq3j,j1nqoy1p,zd30e6vd,rw6q2prd,4
o1yxvv6q,8r70eq3j,j1nqoy1p,mkell0jd,None,10
o1yxvv6q,8r70eq3j,j1nqoy1p,mke9x59d,None,73
o1yxvv6q,8r70eq3j,j1nqoy1p,02qmlyyd,None,140
o1yxvv6q,8r70eq3j,j1nqoy1p,zd30e6vd,592j0m3w,1
o1yxvv6q,8r70eq3j,om1mx362,zd3qprkn,592061gd,3
o1yxvv6q,8r70eq3j,om1mx362,zd3qprkn,5wkkmv5w,3
o1yxvv6q,8r70eq3j,om1mx362,zd3qprkn,29vm8r19,3
o1yxvv6q,8r70eq3j,om1mx362,zd3qprkn,gdrp0v8w,5
o1yxvv6q,8r70eq3j,om1mx362,zd3qprkn,kwj7kmrw,3
o1yxvv6q,8r70eq3j,om1mx362,zd3qprkn,xd405l09,2
o1yxvv6q,8r70eq3j,om1mx362,zd3qprkn,29vm8q19,4
o1yxvv6q,8r70eq3j,om1mx362,zd3qprkn,592067gd,5
o1yxvv6q,8r70eq3j,om1mx362,zd3qprkn,5wkkm75w,5
o1yxvv6q,8r70eq3j,om1mx362,zd3qprkn,o9xkk3wl,11
o1yxvv6q,8r70eq3j,o1yxvv6q,9d8jx46k,None,36
o1yxvv6q,8r70eq3j,o1yxvv6q,9d8jx46k,None,18
o1yxvv6q,8r70eq3j,om1mx362,zd3qprkn,o9x1ye6d,5
o1yxvv6q,8r70eq3j,om1mx362,zd3qprkn,nwlgmjp9,7
o1yxvv6q,8r70eq3j,om1mx362,zd3qprkn,o9xxq119,5
o1yxvv6q,8r70eq3j,om1mx362,zd3qprkn,495mgkjw,5
o1yxvv6q,8r70eq3j,om1mx362,zd3qprkn,rdqnrz1d,9
o1yxvv6q,8r70eq3j,om1mx362,zd3qprkn,xd0l3mdq,9
o1yxvv6q,8r70eq3j,om1mx362,zd3qprkn,29vj5q9v,7
o1yxvv6q,8r70eq3j,om1mx362,zd3qprkn,xd4nrqwm,9
o1yxvv6q,8r70eq3j,om1mx362,7kjvmgk3,None,118
o1yxvv6q,8r70eq3j,om1mx362,7kjvmgk3,None,37
o1yxvv6q,8r70eq3j,om1mx362,7kjvmgk3,None,57
o1yxvv6q,8r70eq3j,om1mx362,7kjvmgk3,None,54
o1yxvv6q,v817kvp8,o1yxvv6q,xk9jn84d,None,175
o1yxvv6q,0jmqolnx,n4d7w367,q258nly2,None,1
o1yxvv6q,0jmqolnx,9dowk8o1,02qo139k,None,4
o1yxvv6q,0jmqolnx,j1nej091,wkp3elw2,None,1
o1yxvv6q,0jmqolnx,j1nej091,ndx4lwr2,None,2
o1yxvv6q,0jmqolnx,k6qgv9dg,rklnnn82,None,5
o1yxvv6q,0jmqolnx,y657jede,7dgyz9gd,o9x7556d,9
o1yxvv6q,0jmqolnx,y657jede,7dgyz9gd,xd4xvv09,8
o1yxvv6q,0jmqolnx,y657jede,7dgyz9gd,r9g400q9,11
o1yxvv6q,0jmqolnx,y657jede,7dgyz9gd,ldy24ekw,6
o1yxvv6q,0jmqolnx,y657jede,7dgyz9gd,ywelz4y9,8
o1yxvv6q,0jmqolnx,y657jede,7dgyz9gd,nwl3k60w,7
o1yxvv6q,0jmqolnx,y657jede,7dgyz9gd,gdr2kp89,14
o1yxvv6q,0jmqolnx,y657jede,7dgyz9gd,nwl3kgpw,7
o1yxvv6q,0jmqolnx,y657jede,7dgyz9gd,z98n2jg9,5
o1yxvv6q,0jmqolnx,y657jede,7dgyz9gd,rdnnk5qd,5
o1yxvv6q,0jmqolnx,y657jede,7dgyz9gd,gdr2kj69,5
o1yxvv6q,0jmqolnx,y657jede,7dgyz9gd,n93o20n9,4
o1yxvv6q,0jmqolnx,y657jede,7dgyz9gd,rdnnk5nd,4
o1yxvv6q,0jmqolnx,y657jede,7dgyz9gd,ldy24ejw,4
o1yxvv6q,0jmqolnx,y657jede,7dgyz9gd,rw63kvnw,5
o1yxvv6q,0jmqolnx,y657jede,7dgyz9gd,n93o2079,8
o1yxvv6q,0jmqolnx,y657jede,7dgyz9gd,z98n2j79,9
o1yxvv6q,0jmqolnx,y657jede,7dgyz9gd,xd0xv00d,5
o1yxvv6q,0jmqolnx,y657jede,7dgyz9gd,5wkpgk5d,8
o1yxvv6q,0jmqolnx,y657jede,7dgyz9gd,5925v0g9,5
o1yxvv6q,0jmqolnx,y657jede,7dgyz9gd,29v21y1d,9
o1yxvv6q,0jmqolnx,y657jede,7dgyz9gd,xd4xv609,8
o1yxvv6q,0jmqolnx,y657jede,7dgyz9gd,kwjpo7rw,8
o1yxvv6q,0jmqolnx,y657jede,7dgyz9gd,owoyg7v9,10
o1yxvv6q,0jmqolnx,y657jede,7dgyz9gd,xd1xvjq9,6
o1yxvv6q,0jmqolnx,y657jede,7dgyz9gd,ewprk7ld,5
o1yxvv6q,0jmqolnx,y657jede,7dgyz9gd,y9m8k5ld,5
o1yxvv6q,0jmqolnx,y657jede,7dgyz9gd,5d786y5w,5
o1yxvv6q,0jmqolnx,y657jede,7dgyz9gd,rdql6zmw,4
o1yxvv6q,0jmqolnx,y657jede,7dgyz9gd,4954vk2w,7
o1yxvv6q,0jmqolnx,y657jede,7dgyz9gd,o9x4m16d,8
o1yxvv6q,0jmqolnx,y657jede,7dgyz9gd,r9gxkyqw,7
o1yxvv6q,0jmqolnx,y657jede,7dgyz9gd,69zzmp69,8
o1yxvv6q,0jmqolnx,y657jede,7dgyz9gd,ywelz2q9,21
o1yxvv6q,0jmqolnx,n4d7w367,q253gmyk,None,1
o1yxvv6q,0jmqolnx,j1nej091,ndx4lwr2,None,1
o1yxvv6q,0jmqolnx,n4d7w367,xd1mv17d,None,2
o1yxvv6q,0jmqolnx,8m1zzm10,5dwqy70d,None,2
o1yxvv6q,0jmqolnx,j1nej091,rklrm8nk,None,2
o1yxvv6q,0jmqolnx,8m1zzm10,w20z38dn,None,6
o1yxvv6q,0jmqolnx,29d3my6l,q25oe4jk,None,3
o1yxvv6q,0jmqolnx,8m1zzm10,rkllwr8k,None,2
o1yxvv6q,0jmqolnx,8m1zzm10,zd3yqnv2,None,2
o1yxvv6q,0jmqolnx,j1nej091,9kv93g82,None,2
o1yxvv6q,0jmqolnx,8m1zzm10,mke5l86k,None,2
o1yxvv6q,0jmqolnx,j1nej091,9kv93g82,None,2
o1yxvv6q,0jmqolnx,om1mx362,7kjvmgk3,None,55
o1yxvv6q,0jmqolnx,y657jede,7dgyz9gd,69zzmm69,9
o1yxvv6q,0jmqolnx,n4d7w367,9d8pjv7k,None,1
o1yxvv6q,0jmqolnx,y657jede,7dgyz9gd,kwjzllr9,6
o1yxvv6q,0jmqolnx,y657jede,7dgyz9gd,owo611vw,13
o1yxvv6q,0jmqolnx,j1nej091,wkp3elw2,None,3
o1yxvv6q,0jmqolnx,8nd2o560,vdo41y2p,None,9
o1yxvv6q,0jmqolnx,j1nej091,rklrm8nk,None,1
o1yxvv6q,0jmqolnx,n4d7w367,q258nzv2,None,2
o1yxvv6q,0jmqolnx,om1mx362,7kjvmgk3,None,35
o1yxvv6q,0jmqolnx,om1mx362,7kjvmgk3,None,31
o1yxvv6q,0jmqolnx,46w35xn1,9d8x4qw2,None,33
o1yxvv6q,0jmqolnx,n4d7w367,9d8pjv7k,None,2
o1yxvv6q,0jmqolnx,j1nej091,ndx4lwr2,None,2
o1yxvv6q,0jmqolnx,j1nej091,ndx4lwr2,None,1
o1yxvv6q,0jmqolnx,8nd2o560,9kvo8n82,None,2
o1yxvv6q,0jmqolnx,y657jede,7dgyz9gd,ewpxmmld,10
o1yxvv6q,0jmqolnx,y657jede,7dgyz9gd,y9mxqqlw,6
o1yxvv6q,0jmqolnx,y657jede,7dgyz9gd,n93o2279,5
o1yxvv6q,0jmqolnx,8nd2o560,vdo41y2p,None,22
o1yxvv6q,0jmqolnx,29d3my6l,jdrqopnk,None,2
o1yxvv6q,0jmqolnx,y657jede,ndxp0312,None,65
o1yxvv6q,0jmqolnx,8nd2o560,zd3wjqvk,None,2
o1yxvv6q,0jmqolnx,y657jede,7dgyz9gd,rw63kknw,9
o1yxvv6q,0jmqolnx,y657jede,7dgyz9gd,xd0xvv0d,8
o1yxvv6q,0jmqolnx,j1nej091,ndx4lwr2,None,1
o1yxvv6q,0jmqolnx,y657jede,7dgyz9gd,5wk6zz59,5
o1yxvv6q,0jmqolnx,y657jede,7dgyz9gd,29v2111d,10
o1yxvv6q,0jmqolnx,y657jede,7dgyz9gd,rdnzjjnd,12
o1yxvv6q,0jmqolnx,y657jede,7dgyz9gd,ywe5kkqw,9
o1yxvv6q,0jmqolnx,y657jede,7dgyz9gd,592qggg9,11
o1yxvv6q,0jmqolnx,8nd2o560,7kjzgxzd,None,2
o1yxvv6q,0jmqolnx,j1nej091,rklrm8nk,None,2
o1yxvv6q,0jmqolnx,8nd2o560,9d84yl3k,None,2
o1yxvv6q,0jmqolnx,om1mx362,7kjvmgk3,None,196
o1yxvv6q,0jmqolnx,n4d7w367,q258nly2,None,1
o1yxvv6q,0jmqolnx,om1mx362,wkpn1jdr,None,63
o1yxvv6q,0jmqolnx,n4d7w367,z273wnod,None,2
o1yxvv6q,0jmqolnx,o1yxvv6q,xk9jn84d,None,173
o1yxvv6q,0jmqolnx,n4d7w367,jdrevogk,None,2
o1yxvv6q,0jmqolnx,n4d7w367,xk987lg2,None,1
o1yxvv6q,qjo5nr78,o1yxvv6q,xk9jn84d,None,22
o1yxvv6q,qjo5nr78,pd0py36e,vdo3oqyd,None,428
o1yxvv6q,qjo5nr78,yo1yv1q5,wdm8v332,nwl6x6pw,3
o1yxvv6q,qjo5nr78,yo1yv1q5,4xk906k0,None,66
o1yxvv6q,qjo5nr78,9d3rn00d,wkp30zj2,rdnqoend,75
o1yxvv6q,qjo5nr78,yo1yv1q5,wdm8v332,gdrp6l8w,3
o1yxvv6q,qjo5nr78,yo1yv1q5,wdm8v332,ldy1l6jd,4
o1yxvv6q,qjo5nr78,m9dowk1p,p7kjr423,None,33
o1yxvv6q,qjo5nr78,9d3lrydl,q25o758k,None,97
o1yxvv6q,8rl634d8,o1yxvv6q,xk9jn84d,None,210
o1yxvv6q,kj97z3wx,n4d7r172,7wk6prd1,None,145
o1yxvv6q,kj97z3wx,o1yxvv6q,n2yj37z2,None,21
o1yxvv6q,v8l2ym7x,o1yxvv6q,xk9jn84d,None,157
o1yxvv6q,v8l2ym7x,yo1yv1q5,wdm8v332,xd00mrmd,5
o1yxvv6q,v8l2ym7x,kdkn7xdm,wkpq5jjd,None,123
o1yxvv6q,8ge25m2j,29d30dlp,nxd1rk8q,None,69
o1yxvv6q,8ge25m2j,76r43l18,wkpo8v82,None,61
o1yxvv6q,8ge25m2j,76r43l18,wkpo8v82,None,132
o1yxvv6q,8ge25m2j,o1yxvv6q,7kjzq1nd,None,16
o1yxvv6q,8ge25m2j,om1mx362,7kjvmgk3,None,113
o1yxvv6q,8ge25m2j,yd487k6e,9kv4m8kg,ywevpldl,33
o1yxvv6q,8ge25m2j,29d30dlp,9zdne7dq,None,23
o1yxvv6q,8ge25m2j,29d30dlp,9d8v6j7k,None,18
o1yxvv6q,8ge25m2j,29d30dlp,zd30m4yd,495j350w,4
o1yxvv6q,8ge25m2j,29d30dlp,z2771020,None,17
o1yxvv6q,e8e9wq7j,m1mx5836,z2719xo2,xd146r6d,3
o1yxvv6q,e8e9wq7j,m1mx5836,z2719xo2,xd146r6d,4
o1yxvv6q,e8e9wq7j,yo1yv1q5,4xk906k0,None,60
o1yxvv6q,e8e9wq7j,j1nqoy1p,zd30e6vd,ewpen4l9,3
o1yxvv6q,e8e9wq7j,v1pxl846,7kjgv1zk,592mx36w,3
o1yxvv6q,e8e9wq7j,v1pxl846,7kjgv1zk,592mx36w,8
o1yxvv6q,e8e9wq7j,ldegvn13,zdnw6pnd,rw6vvnp9,9
o1yxvv6q,e8e9wq7j,ldegvn13,zdnw6pnd,ldye53pw,10
o1yxvv6q,e8e9wq7j,ldegvn13,zdnw6pnd,ewppopzw,8
o1yxvv6q,e8e9wq7j,ldegvn13,zdnw6pnd,y9mege1d,15
o1yxvv6q,e8e9wq7j,ldegvn13,zdnw6pnd,owo7vlk9,18
o1yxvv6q,e8e9wq7j,ldegvn13,zdnw6pnd,ywe2rj7w,9
o1yxvv6q,e8e9wq7j,j1nqoy1p,zd30e6vd,gdrjp4kw,4
o1yxvv6q,e8e9wq7j,j1nqoy1p,zd30e6vd,69zrpo4d,5
o1yxvv6q,e8e9wq7j,j1nqoy1p,zd30e6vd,owok713d,3
o1yxvv6q,e8e9wq7j,j1nqoy1p,zd30e6vd,69zrpy4d,2
o1yxvv6q,e8e9wq7j,29d30dlp,nxd1rk8q,None,258
o1yxvv6q,e8e9wq7j,o1yxvv6q,xk9jn84d,None,66
o1yxvv6q,e8e9wq7j,j1nqoy1p,zd30e6vd,ewpp714w,2
o1yxvv6q,e8e9wq7j,j1nqoy1p,zd30e6vd,5wk2kzxw,2
o1yxvv6q,e8e9wq7j,j1nqoy1p,zd30e6vd,n930qvr9,3
o1yxvv6q,e8e9wq7j,j1nqoy1p,zd30e6vd,rdn5o77d,3
o1yxvv6q,e8e9wq7j,w6jx02dj,vdo435v2,None,29
o1yxvv6q,e8e9wq7j,j1nqoy1p,mke9x59d,None,36
o1yxvv6q,e8e9wq7j,j1nqoy1p,zd30e6vd,y9m50q5d,6
o1yxvv6q,e8e9wq7j,j1nqoy1p,zd30e6vd,ldy1qnkd,6
o1yxvv6q,e8e9wq7j,j1nqoy1p,zd30e6vd,ldy1q7kd,6
o1yxvv6q,qj2m4n78,o1yxvv6q,xk9jn84d,None,137
o1yxvv6q,18vz2wvj,m9dowk1p,p7kjr423,None,49
o1yxvv6q,18vz2wvj,yo1yv1q5,wdm8v332,xd00mmmd,4
o1yxvv6q,18vz2wvj,yo1yv1q5,wdm8v332,rdn5jknd,6
o1yxvv6q,18vz2wvj,yo1yv1q5,wdm8v332,ldye74pw,5
o1yxvv6q,18vz2wvj,o1yxvv6q,xk9jn84d,None,31
o1yxvv6q,18vz2wvj,yo1yv1q5,wdm8v332,rdq0p2ow,7
o1yxvv6q,18vz2wvj,8nd20r60,9kvpg3kg,29vmyq9v,11
o1yxvv6q,18vz2wvj,8nd20r60,zd30mrdn,xd0k0m9q,8
o1yxvv6q,18vz2wvj,8m1zg360,vdoolz6d,None,5
o1yxvv6q,18vz2wvj,8nd20r60,9kvpg3kg,xd0k0m9q,22
o1yxvv6q,18vz2wvj,8nd20r60,9kvpg3kg,5920j7d6,30
o1yxvv6q,18vz2wvj,kdkz2edm,ndxj1xo2,None,30
o1yxvv6q,18vz2wvj,8m1zg360,vdoolz6d,None,8
o1yxvv6q,18vz2wvj,3dx2lp1y,vdoqyvkp,None,20
o1yxvv6q,j9rkvkvj,o1yxvv6q,xk9jn84d,None,204
o1yxvv6q,zx7p3kqx,268p89dp,w20qr5dn,None,1
o1yxvv6q,zx7p3kqx,o1yxvv6q,xk9jn84d,None,55
o1yxvv6q,xz93npr8,o1yxvv6q,xk9jn84d,None,10
o1yxvv6q,xz93npr8,29d30dlp,nxd1rk8q,None,134
o1yxvv6q,8v5oeznj,o1yxvv6q,7kjzq1nd,None,29
o1yxvv6q,18vwdy2j,46wxe31r,vdo41792,None,4
o1yxvv6q,18vwdy2j,k6q4rqzd,xd1lxp4k,kwj3m60d,10
o1yxvv6q,18vwdy2j,n4d7r172,7wk6prd1,None,188
o1yxvv6q,18vwdy2j,o1yxvv6q,n2yj37z2,None,34
o1yxvv6q,j5v6k2n8,o1yj0pr1,jdzl1562,n93x8v79,5
o1yxvv6q,j5v6k2n8,w6j7exe6,wkp541vd,n93xgoe9,1
o1yxvv6q,j5v6k2n8,w6j7exe6,wkp541vd,n93xggz9,1
o1yxvv6q,j5v6k2n8,w6j7exe6,wkp541vd,r9gm33p9,2
o1yxvv6q,j5v6k2n8,o1yj00v1,zd3qnqyk,None,3
o1yxvv6q,j5v6k2n8,w6j7exe6,wkp541vd,nwlm7or9,1
o1yxvv6q,j5v6k2n8,w6j7exe6,wkp541vd,ewp2qxz9,1
o1yxvv6q,j5v6k2n8,w6j7exe6,wkp541vd,rdqm1029,1
o1yxvv6q,j5v6k2n8,w6j7exe6,wkp541vd,xd1z555w,1
o1yxvv6q,j5v6k2n8,w6j7exe6,wkp541vd,o9xyl2pd,1
o1yxvv6q,j5v6k2n8,y655lg06,wkpn8wwd,z98l2mrd,5
o1yxvv6q,j5v6k2n8,y655lg06,wkpn8wwd,o9x0mx39,2
o1yxvv6q,j5v6k2n8,y655lg06,wkpn8wwd,gdr7kyew,2
o1yxvv6q,j5v6k2n8,w6j7exe6,wkp541vd,rdnmpnv9,1
o1yxvv6q,j5v6k2n8,y655lg06,wkpn8wwd,n9332m29,1
o1yxvv6q,j5v6k2n8,w6j7exe6,wkp541vd,z98o86ld,1
o1yxvv6q,j5v6k2n8,o1yxvv6q,02q8l3j2,None,2
o1yxvv6q,j5v6k2n8,m9dowk1p,p7kjr423,None,3
o1yxvv6q,j5v6k2n8,o1yxvv6q,xk9jn84d,None,2
o1yxvv6q,j5v6k2n8,w6j7exe6,wkp541vd,ldyrpjz9,1
o1yxvv6q,j5v6k2n8,yo1yv1q5,wdm8v332,ywe4kzqd,4
o1yxvv6q,j5v6k2n8,w6j7exe6,wkp541vd,rdnmprv9,2
o1yxvv6q,j5v6k2n8,m9dowk1p,824x063d,z98r84gd,2
o1yxvv6q,j5v6k2n8,w6j7exe6,wkp541vd,z98o8eld,1
o1yxvv6q,j5v6k2n8,w6j7exe6,wkp541vd,o9xyl71d,2
o1yxvv6q,j5v6k2n8,m9dowk1p,824x063d,rw6qn5rd,4
o1yxvv6q,j5v6k2n8,m9dowk1p,824x063d,rdqz182d,7
o1yxvv6q,j5v6k2n8,w6j7exe6,wkp541vd,5d7j3zed,4
o1yxvv6q,j5v6k2n8,w6j7exe6,wkp541vd,29v8kkld,1
o1yxvv6q,j5v6k2n8,w6j7exe6,wkp541vd,gdr0qezd,1
o1yxvv6q,j5v6k2n8,y65y90de,9kvp1o3k,None,85
o1yxvv6q,j5v6k2n8,w6j7exe6,wkp541vd,y9mmpx19,1
o1yxvv6q,j5v6k2n8,ldemjl13,ndx8xljk,None,174
o1yxvv6q,j5v6k2n8,w6j7exe6,wkp541vd,n93xg4e9,1
o1yxvv6q,j5v6k2n8,o1yxvv6q,7kjzq1nd,None,17
o1yxvv6q,j5v6k2n8,29d30dlp,zd30m4yd,ywe4e04d,12
o1yxvv6q,j5v6k2n8,w6j7exe6,wkp541vd,5d7j3evd,1
o1yxvv6q,j5v6k2n8,29d30dlp,zd30m4yd,kwjyqg1w,7
o1yxvv6q,j5v6k2n8,w6j7exe6,wkp541vd,5wkmr6qd,2
o1yxvv6q,j5v6k2n8,w6j7exe6,wkp541vd,kwjke579,1
o1yxvv6q,j5v6k2n8,w6j7exe6,wkp541vd,xd1z575w,3
o1yxvv6q,j5v6k2n8,w6j7exe6,wkp541vd,xd0e7749,1
o1yxvv6q,j5v6k2n8,w6j7exe6,wkp541vd,ewp2qjj9,6
o1yxvv6q,j5v6k2n8,o6gxkxd2,9kvpqrjk,None,71
o1yxvv6q,j5v6k2n8,w6j7exe6,wkp541vd,nwlm7nr9,4
o1yxvv6q,j5v6k2n8,w6j7exe6,wkp541vd,kwjkepz9,2
o1yxvv6q,j5v6k2n8,w6j7exe6,wkp541vd,5926oz3d,3
o1yxvv6q,j5v6k2n8,w6j7exe6,wkp541vd,z98o88pd,2
o1yxvv6q,j5v6k2n8,29d30dlp,zd30m4yd,5920rlgd,1
o1yxvv6q,18vmo728,kdkzo5qd,w20gyjzk,None,1
o1yxvv6q,18vmo728,kdkzo5qd,wk6nogo2,o9xzoypw,1
o1yxvv6q,18vmo728,kdkzo5qd,wk6nogo2,xd1y27ed,1
o1yxvv6q,18vmo728,kdkzo5qd,wk6nogo2,xd02n1x9,2
o1yxvv6q,18vmo728,76r3g3l6,wkp5wovd,69z5kgg9,2
o1yxvv6q,18vmo728,76r3g3l6,wkp5wovd,nwl5q8ed,2
o1yxvv6q,18vmo728,76r3g3l6,wkp5wovd,yweyro7d,1
o1yxvv6q,18vmo728,76r3g3l6,wkp5wovd,ywey6e7d,2
o1yxvv6q,18vmo728,76r3g3l6,wdm5pw42,ldyxmzk9,2
o1yxvv6q,18vmo728,kdkzo5qd,wk6nogo2,kwj86gn9,1
o1yxvv6q,18vmo728,kdkzo5qd,wk6nogo2,n93l44n9,1
o1yxvv6q,18vmo728,kdkzo5qd,wk6nogo2,nwl820gd,1
o1yxvv6q,18vmo728,kdkzo5qd,wk6nogo2,owo8j6vd,1
o1yxvv6q,18vmo728,kdkzo5qd,wk6nogo2,y9mn200d,1
o1yxvv6q,18vmo728,kdkzo5qd,wk6nogo2,5wk3q0x9,1
o1yxvv6q,18vmo728,kdkzo5qd,wk6nogo2,kwj0gzrd,1
o1yxvv6q,18vmo728,kdkzo5qd,wk6nogo2,69z1874w,1
o1yxvv6q,18vmo728,kdkzo5qd,wk6nogo2,ewpl8n4d,1
o1yxvv6q,18vmo728,kdkzo5qd,wk6nogo2,yweoqy49,1
o1yxvv6q,18vmo728,kdkzo5qd,wk6nogo2,r9gp7l29,2
o1yxvv6q,18vmo728,kdkzo5qd,wk6nogo2,o9xjxg7d,1
o1yxvv6q,18vmo728,kdkzo5qd,wk6nogo2,rdn3j75w,1
o1yxvv6q,18vmo728,nj1nowdp,7dgg07d4,rw6q5rd7,1
o1yxvv6q,18vmo728,j1ll0rz1,wkp34oj2,z98m37rw,2
o1yxvv6q,18vmo728,j1ll0rz1,wkp34oj2,ldy3xgp9,1
o1yxvv6q,18vmo728,kdkzo5qd,wk6nogo2,ldyqx2jw,1
o1yxvv6q,18vmo728,kdkzo5qd,wk6nogo2,xd1pm2qd,1
o1yxvv6q,18vmo728,kdkzo5qd,wk6nogo2,z98p3n7w,1
o1yxvv6q,18vmo728,kdkzo5qd,wk6nogo2,5d7p145d,1
o1yxvv6q,18vmo728,nj1nowdp,5dwp6ekg,r9gy5p92,1
o1yxvv6q,18vmo728,nj1nowdp,5dwp6ekg,r9gymp92,1
o1yxvv6q,18vmo728,nj1nowdp,5dwp6ekg,n93qxzw0,1
o1yxvv6q,18vmo728,nj1nowdp,5dwp6ekg,z98ropdl,1
o1yxvv6q,18vmo728,nj1nowdp,5dwp6ekg,5wkkmpw4,1
o1yxvv6q,18vmo728,nj1nowdp,5dwp6ekg,ywe2v7wl,1
o1yxvv6q,18vmo728,kdkzo5qd,wk6nogo2,29vg6219,2
o1yxvv6q,18vmo728,nj1nowdp,5dwp6ekg,495kz09p,1
o1yxvv6q,18vmo728,kdkzo5qd,wk6nogo2,y9m06xlw,1
o1yxvv6q,18vmo728,kdkzo5qd,wk6nogo2,xd4p1x0d,2
o1yxvv6q,18vmo728,nj1nowdp,5dwp6ekg,o9x1ypdl,1
o1yxvv6q,18vmo728,kdkzo5qd,wk6nogo2,5wk0x659,1
o1yxvv6q,18vmo728,o6gnw851,q25j378d,None,3
o1yxvv6q,18vmo728,kdkzo5qd,wk6nogo2,ewpn3xl9,1
o1yxvv6q,18vmo728,kdkzo5qd,wk6nogo2,rdn37nnw,1
o1yxvv6q,18vmo728,kdkzo5qd,wk6nogo2,rw6213nd,2
o1yxvv6q,18vmo728,kdkzo5qd,wk6nogo2,n93k1o7w,1
o1yxvv6q,18vmo728,kdkzo5qd,wk6nogo2,z98z50p9,1
o1yxvv6q,18vmo728,kdkzo5qd,wk6nogo2,xd0p1x0w,1
o1yxvv6q,18vmo728,kdkzo5qd,wk6nogo2,592mkqgw,2
o1yxvv6q,18vmo728,vo6gmx62,z2779g20,495kg39p,1
o1yxvv6q,18vmo728,y655wl36,wdm7o73d,None,9
o1yxvv6q,18vmo728,ldeenld3,02qjo3jd,None,19
o1yxvv6q,18vmo728,4d72rl67,z273ozod,None,22
o1yxvv6q,18vmo728,369ke2dl,jdz5rx3d,None,5
o1yxvv6q,18vmo728,9d3pzg6l,5dwp405k,None,1
o1yxvv6q,18vmo728,kdkzo5qd,wk6nogo2,592rqqod,1
o1yxvv6q,18vmo728,kdkzo5qd,wk6nogo2,5wke662w,1
o1yxvv6q,18vmo728,kdkzo5qd,wk6nogo2,rdnxzzqw,1
o1yxvv6q,18vmo728,9d3pzg6l,jdr10852,y9me2y0d,1
o1yxvv6q,18vmo728,9d3pzg6l,jdr10852,5wk2q8xw,1
o1yxvv6q,18vmo728,9d3pzg6l,jdr10852,5d772led,1
o1yxvv6q,18vmo728,9d3pzg6l,jdr10852,xd1046y9,1
o1yxvv6q,18vmo728,9d3pzg6l,jdr10852,owok3l3d,1
o1yxvv6q,18vmo728,9d3pzg6l,jdr10852,592j436w,1
o1yxvv6q,18vmo728,9d3pzg6l,jdr10852,kwjyv31w,1
o1yxvv6q,18vmo728,9d3pzg6l,jdr10852,ewpp8e4w,1
o1yxvv6q,18vmo728,9d3pzg6l,jdr10852,29vyzjx9,1
o1yxvv6q,18vmo728,9d3pzg6l,jdr10852,xd004ljd,1
o1yxvv6q,18vmo728,9d3pzg6l,jdr10852,xd46kn89,1
o1yxvv6q,18vmo728,j1ll0rz1,wkp34oj2,69z85xx9,2
o1yxvv6q,18vmo728,j1ll0rz1,wkp34oj2,xd14m6zd,1
o1yxvv6q,18vmo728,j1ll0rz1,wkp34oj2,owo3jljw,1
o1yxvv6q,18vmo728,j1ll0rz1,wkp34oj2,kwjvg30w,1
o1yxvv6q,18vmo728,j1ll0rz1,wkp34oj2,5d721lqw,1
o1yxvv6q,18vmo728,j1ll0rz1,wkp34oj2,rdqn8god,1
o1yxvv6q,18vmo728,j1ll0rz1,wkp34oj2,o9xxgk39,1
o1yxvv6q,18vmo728,j1ll0rz1,wkp34oj2,495m2ymw,1
o1yxvv6q,18vmo728,j1ll0rz1,wkp34oj2,r9g7lrj9,2
o1yxvv6q,18vmo728,9d3pzg6l,jdr10852,rdq0nggw,1
o1yxvv6q,18vmo728,9d3pzg6l,jdr10852,o9x2xk7w,1
o1yxvv6q,18vmo728,kdkzo5qd,wk6nogo2,ldykggkw,1
o1yxvv6q,18vmo728,kdkzo5qd,wk6nogo2,z98577g9,1
o1yxvv6q,18vmo728,kdkzo5qd,wk6nogo2,5d7ex06w,1
o1yxvv6q,18vmo728,9d3pzg6l,jdr10852,495jmy4w,1
o1yxvv6q,18vmo728,kdkzo5qd,wk6nogo2,ldy5kzzw,1
o1yxvv6q,18vmo728,kdkzo5qd,wk6nogo2,rw6lgxgw,1
o1yxvv6q,18vmo728,9d3pzg6l,jdr10852,r9gz7r2d,1
o1yxvv6q,18vmo728,9d3pzg6l,jdr10852,ywe4qn4d,1
o1yxvv6q,18vmo728,9d3pzg6l,jdr10852,69zr8x4d,1
o1yxvv6q,18vmo728,9d3pzg6l,jdr10852,nwl62ngw,1
o1yxvv6q,18vmo728,kdkzo5qd,wk6nogo2,y9mgxx59,1
o1yxvv6q,18vmo728,kdkzo5qd,wk6nogo2,ywej30yd,1
o1yxvv6q,18vmo728,kdkzo5qd,wk6nogo2,owo566od,1
o1yxvv6q,18vmo728,nd2lzr60,xk9jjg4d,None,1
o1yxvv6q,18vmo728,9d3pzg6l,jdr10852,ewpqgjk9,1
o1yxvv6q,18vmo728,9d3pzg6l,jdr10852,gdrjygkw,1
o1yxvv6q,18vmo728,kdkzo5qd,wk6nogo2,69zq67l9,2
o1yxvv6q,18vmo728,kdkzo5qd,wk6nogo2,nwlyz009,2
o1yxvv6q,18vmo728,9d3pzg6l,jdr10852,ldye327w,1
o1yxvv6q,18vmo728,kdkzo5qd,wk6nogo2,ywe355y9,2
o1yxvv6q,18vmo728,kdkzo5qd,wk6nogo2,495z5509,1
o1yxvv6q,18vmo728,9d3pzg6l,jdr10852,xd46kx89,1
o1yxvv6q,18vmo728,9d3pzg6l,jdr10852,z98jmn1w,1
o1yxvv6q,18vmo728,9d3pzg6l,jdr10852,n930mor9,1
o1yxvv6q,18vmo728,9d3pzg6l,jdr10852,rdn5qn6d,1
o1yxvv6q,18vmo728,9d3pzg6l,jdr10852,xd004xjd,1
o1yxvv6q,18vmo728,9d3pzg6l,jdr10852,rw6vm369,1
o1yxvv6q,18vmo728,kdkzo5qd,wk6nogo2,5d7x44g9,1
o1yxvv6q,18vmo728,kdkzo5qd,wk6nogo2,rdqo77kw,1
o1yxvv6q,18vmo728,kdkzo5qd,wk6nogo2,29v0773w,2
o1yxvv6q,18vmo728,9d3pzg6l,jdr10852,29vyz2x9,1
o1yxvv6q,18vmo728,kdkzo5qd,wk6nogo2,ewpoxxkd,1
o1yxvv6q,18vmo728,o1y9e8k6,xd141wwd,None,5
o1yxvv6q,18vmo728,kdkzo5qd,wk6nogo2,kwj6zznd,1
o1yxvv6q,18vmo728,9d3pzg6l,jdr10852,592j456w,1
o1yxvv6q,18vmo728,9d3pzg6l,jdr10852,5wk2qpxw,1
o1yxvv6q,18vmo728,j1ll0rz1,wkp34oj2,rdnq7z5d,1
o1yxvv6q,18vmo728,j1ll0rz1,wkp34oj2,yweqynlw,2
o1yxvv6q,18vmo728,9d3rn00d,ndx45152,None,240
o1yxvv6q,18vmo728,268eg796,wk6e1qe2,None,1
o1yxvv6q,18vmo728,nd2v2r10,z2735qgd,None,31
o1yxvv6q,18vmo728,o1yry26q,wdmw5ee2,owo017vw,1
o1yxvv6q,18vmo728,o1yry26q,wdmw5ee2,kwj5l7r9,1
o1yxvv6q,18vmo728,o1y999v6,mkezq48k,None,6
o1yxvv6q,18vmo728,o6gmex62,5dwyxvek,None,14
o1yxvv6q,18vmo728,9d3r9p0d,xd1gy18d,None,4
o1yxvv6q,18vmo728,yd4o4qk1,wk6ejge2,None,12
o1yxvv6q,18vmo728,o6gp3562,wkpv0qvk,None,2
o1yxvv6q,18vmo728,kdkzo5qd,wk6nogo2,5wknex2w,3
o1yxvv6q,18vmo728,kdkzo5qd,wk6nogo2,y9mrg65w,1
o1yxvv6q,18vmo728,9d3pzg6l,jdr10852,y9me280d,1
o1yxvv6q,18vmo728,9d3pzg6l,jdr10852,ewpp8r4w,1
o1yxvv6q,18vmo728,9d3pzg6l,jdr10852,xd104xy9,1
o1yxvv6q,18vmo728,9d3pzg6l,jdr10852,owok3y3d,1
o1yxvv6q,18vmo728,9d3pzg6l,jdr10852,5d7728ed,1
o1yxvv6q,18vmo728,9d3pzg6l,jdr10852,kwjyvp1w,1
o1yxvv6q,18vmo728,9d3pzg6l,jdr10852,495jm44w,1
o1yxvv6q,18vmo728,9d3pzg6l,jdr10852,o9x2x47w,1
o1yxvv6q,18vmo728,9d3pzg6l,jdr10852,rdq0nlgw,1
o1yxvv6q,18vmo728,9d3pzg6l,jdr10852,69zr8z4d,1
o1yxvv6q,18vmo728,9d3pzg6l,jdr10852,r9gz7x2d,1
o1yxvv6q,18vmo728,9d3pzg6l,jdr10852,nwl623gw,1
o1yxvv6q,18vmo728,9d3pzg6l,jdr10852,ywe4ql4d,1
o1yxvv6q,18vmo728,9d3pzg6l,jdr10852,gdrjy2kw,1
o1yxvv6q,18vmo728,9d3pzg6l,jdr10852,ldye3g7w,1
o1yxvv6q,18vmo728,kdkzo5qd,wk6nogo2,xd13ype9,3
o1yxvv6q,18vmo728,9d3pzg6l,jdr10852,z98jm71w,1
o1yxvv6q,18vmo728,9d3pzg6l,jdr10852,rdn5qz6d,1
o1yxvv6q,18vmo728,76rgve18,7kjrz3n2,n9302on9,1
o1yxvv6q,18vmo728,76rgve18,7kjrz3n2,rdn5knqd,3
o1yxvv6q,18vmo728,9d3pzg6l,jdr10852,n930m4r9,1
o1yxvv6q,18vmo728,kdkzo5qd,wk6nogo2,nwlyzee9,1
o1yxvv6q,18vmo728,kdkzo5qd,wk6nogo2,n93nlxnw,1
o1yxvv6q,18vmo728,9d3pzg6l,jdr10852,xd004qjd,1
o1yxvv6q,18vmo728,9d3pzg6l,jdr10852,rw6vmo69,1
o1yxvv6q,18vmo728,9d3pzg6l,jdr10852,xd46k289,1
o1yxvv6q,18vmo728,9d3pzg6l,q258p9v2,592j4q6w,1
o1yxvv6q,18vmo728,9d3pzg6l,q258p9v2,29vyz7x9,1
o1yxvv6q,18vmo728,kdkzo5qd,wk6nogo2,z98z5kp9,1
o1yxvv6q,18vmo728,kdkzo5qd,wk6nogo2,n93nljzw,1
o1yxvv6q,18vmo728,9d3pzg6l,q258p9v2,5wk2q6xw,1
o1yxvv6q,18vmo728,kdkzo5qd,wk6nogo2,rw6lg6gw,1
o1yxvv6q,18vmo728,kdkzo5qd,wk6nogo2,rdq3oq2w,1
o1yxvv6q,18vmo728,kdkzo5qd,wk6nogo2,xd02no49,2
o1yxvv6q,18vmo728,kdkzo5qd,wk6nogo2,69zq6jg9,1
o1yxvv6q,18vmo728,kdkzo5qd,wk6nogo2,kwj86r79,1
o1yxvv6q,18vmo728,kdkzo5qd,wk6nogo2,xd4yezrd,1
o1yxvv6q,18vmo728,kdkzo5qd,wk6nogo2,xd02ny49,1
o1yxvv6q,18vmo728,kdkzo5qd,wk6nogo2,xd4yeord,2
o1yxvv6q,18vmo728,vo6gmx62,zdnq7qdq,None,1
o1yxvv6q,18vmo728,kdkzo5qd,wk6nogo2,5928r739,1
o1yxvv6q,18vmo728,kdkzo5qd,wk6nogo2,r9gjnmp9,1
o1yxvv6q,18vmo728,kdkzo5qd,wk6nogo2,ywej3v7d,1
o1yxvv6q,18vmo728,kdkzo5qd,wk6nogo2,nwlyzme9,1
o1yxvv6q,18vmo728,xldev513,zdnqledq,xd0k149q,1
o1yxvv6q,18vmo728,kdkzo5qd,wk6nogo2,r9gjnl59,2
o1yxvv6q,18vmo728,kdkzo5qd,wk6nogo2,495rz20d,1
o1yxvv6q,18vmo728,vo6gmx62,z2779g20,owo7xk96,1
o1yxvv6q,18vmo728,vo6gmx62,z2779g20,y9m5zxd5,1
o1yxvv6q,18vmo728,vo6gmx62,z2779g20,rdqzk1dx,1
o1yxvv6q,18vmo728,vo6gmx62,z2779g20,r9gygk92,1
o1yxvv6q,18vmo728,vo6gmx62,z2779g20,o9x1e1dl,1
o1yxvv6q,18vmo728,vo6gmx62,z2779g20,495k1j9p,1
o1yxvv6q,18vmo728,vo6gmx62,z2779g20,69zpvow1,1
o1yxvv6q,18vmo728,vo6gmx62,z2779g20,ywe27rwl,1
o1yxvv6q,18vmo728,vo6gmx62,z2779g20,nwlgvr9v,1
o1yxvv6q,18vmo728,vo6gmx62,z2779g20,gdrpvzwz,1
o1yxvv6q,18vmo728,vo6gmx62,z2779g20,ldy1vzd3,1
o1yxvv6q,18vmo728,vo6gmx62,z2779g20,rdnovvwm,1
o1yxvv6q,18vmo728,vo6gmx62,z2779g20,z98r0ldl,1
o1yxvv6q,18vmo728,vo6gmx62,z2779g20,xd40mp9m,1
o1yxvv6q,18vmo728,vo6gmx62,z2779g20,xd0kj19q,1
o1yxvv6q,18vmo728,vo6gmx62,z2779g20,rw6q07d7,1
o1yxvv6q,18vmo728,vo6gmx62,z2779g20,n93qpew0,1
o1yxvv6q,18vmo728,vo6gmx62,z2779g20,owo7vy96,1
o1yxvv6q,18vmo728,vo6gmx62,z2779g20,xd1jo6do,1
o1yxvv6q,18vmo728,vo6gmx62,z2779g20,ewp7vzwn,1
o1yxvv6q,18vmo728,vo6gmx62,z2779g20,y9m5v1d5,1
o1yxvv6q,18vmo728,vo6gmx62,z2779g20,5wkkvqw4,1
o1yxvv6q,18vmo728,vo6gmx62,z2779g20,59201rd6,1
o1yxvv6q,18vmo728,vo6gmx62,z2779g20,29vmvn9v,1
o1yxvv6q,18vmo728,vo6gmx62,z2779g20,ldyg0lpd,1
o1yxvv6q,18vmo728,vo6gmx62,z2779g20,r9gyok92,2
o1yxvv6q,18vmo728,vo6gmx62,z2779g20,o9x1v1dl,1
o1yxvv6q,18vmo728,vo6gmx62,z2779g20,495k0j9p,1
o1yxvv6q,18vmo728,vo6gmx62,z2779g20,rdqzv1dx,1
o1yxvv6q,18vmo728,vo6gmx62,z2779g20,5d7y0vdy,1
o1yxvv6q,18vmo728,vo6gmx62,z2779g20,kwj7mzwg,1
o1yxvv6q,18vmo728,vo6gmx62,z2779g20,ywe2prwl,1
o1yxvv6q,18vmo728,vo6gmx62,z2779g20,ldy10zd3,1
o1yxvv6q,18vmo728,vo6gmx62,z2779g20,gdrp7zwz,1
o1yxvv6q,18vmo728,vo6gmx62,z2779g20,5920p3d6,1
o1yxvv6q,18vmo728,vo6gmx62,z2779g20,nwlger9v,1
o1yxvv6q,18vmo728,vo6gmx62,z2779g20,rdnog7wm,1
o1yxvv6q,18vmo728,vo6gmx62,z2779g20,ldy10rd3,1
o1yxvv6q,18vmo728,vo6gmx62,z2779g20,n93q3ew0,1
o1yxvv6q,18vmo728,vo6gmx62,z2779g20,z98rlldl,1
o1yxvv6q,18vmo728,vo6gmx62,z2779g20,rdnogvwm,1
o1yxvv6q,18vmo728,vo6gmx62,z2779g20,29vmpl9v,1
o1yxvv6q,18vmo728,vo6gmx62,z2779g20,xd408r9m,1
o1yxvv6q,18vmo728,vo6gmx62,z2779g20,xd0ko49q,1
o1yxvv6q,18vmo728,vo6gmx62,z2779g20,rw6qygd7,1
o1yxvv6q,18vmo728,vo6gmx62,z2779g20,n93q3zw0,1
o1yxvv6q,18vmo728,vo6gmx62,z2779g20,z98rlpdl,1
o1yxvv6q,18vmo728,vo6gmx62,z2779g20,5wkklpw4,1
o1yxvv6q,18vmo728,vo6gmx62,z2779g20,xd1j15do,1
o1yxvv6q,18vmo728,vo6gmx62,z2779g20,ewp75jwn,1
o1yxvv6q,18vmo728,vo6gmx62,z2779g20,kwj7r7wg,1
o1yxvv6q,18vmo728,vo6gmx62,z2779g20,rdqzr2dx,1
o1yxvv6q,18vmo728,vo6gmx62,z2779g20,5d7yr6dy,1
o1yxvv6q,18vmo728,vo6gmx62,rkllln8k,None,1
o1yxvv6q,18vmo728,vo6gmx62,rkllln8k,None,2
o1yxvv6q,18vmo728,kdkzo5qd,wk6nogo2,n93nlezw,1
o1yxvv6q,18vmo728,76rgve18,7kjrz3n2,rdq06lkw,2
o1yxvv6q,18vmo728,j1n2k91p,z271wr02,rdqn1zkd,8
o1yxvv6q,18vmo728,o6gxyod2,rklgelrd,rw6vkon9,5
o1yxvv6q,18vmo728,3dxvly6y,q25o9xwk,gdrpojzw,1
o1yxvv6q,18vmo728,kdkzo5qd,wk6nogo2,kwj86j79,2
o1yxvv6q,18vmo728,kdkzo5qd,wk6nogo2,kwj86q79,1
o1yxvv6q,18vmo728,j1ne4vw1,9d860w72,n934nm7d,1
o1yxvv6q,18vmo728,j1ne4vw1,9d860w72,xd1238qw,1
o1yxvv6q,18vmo728,3dxvly6y,q25o9xwk,nwlgp2o9,1
o1yxvv6q,18vmo728,o6gxyod2,rklgelrd,owokg6vd,3
o1yxvv6q,18vmo728,o6gxyod2,rklgelrd,29vy1719,2
o1yxvv6q,18vmo728,3dxvly6y,jdzw5zxd,None,1
o1yxvv6q,18vmo728,kdkzo5qd,w20gyjzk,None,1
o1yxvv6q,18vmo728,kdkzo5qd,wk6nogo2,5d7expgw,2
o1yxvv6q,18vmo728,pd0wj421,7dgnqzp2,None,258
o1yxvv6q,18vmo728,kdkzo5qd,wk6nogo2,rdnlx1vw,2
o1yxvv6q,18vmo728,kdkzo5qd,wk6nogo2,gdr8o3z9,1
o1yxvv6q,18vmo728,9d3pzg6l,q258p9v2,owok363d,1
o1yxvv6q,18vmo728,9d3pzg6l,q258p9v2,xd1042y9,1
o1yxvv6q,18vmo728,9d3pzg6l,q258p9v2,ewpp8x4w,1
o1yxvv6q,18vmo728,9d3pzg6l,q258p9v2,y9me2x0d,1
o1yxvv6q,18vmo728,kdkzo5qd,5dw48e5k,5928rmo9,1
o1yxvv6q,18vmo728,kdkzo5qd,wk6nogo2,5928rmo9,1
o1yxvv6q,18vmo728,kdkzo5qd,wk6nogo2,29vl0g3w,1
o1yxvv6q,18vmo728,kdkzo5qd,w20gyjzk,None,1
o1yxvv6q,18vmo728,kdkzo5qd,wk6nogo2,n93nlknw,1
o1yxvv6q,18vmo728,kdkzo5qd,wk6nogo2,rw6lg2rw,1
o1yxvv6q,18vmo728,kdkzo5qd,wk6nogo2,y9mrgm5w,1
o1yxvv6q,18vmo728,j1ne4vw1,9d860w72,owo6e5ow,1
o1yxvv6q,18vmo728,kdkzo5qd,5dw48e5k,xd02npx9,1
o1yxvv6q,18vmo728,kdkzo5qd,wk6nogo2,z98z5pg9,1
o1yxvv6q,18vmo728,kdkzo5qd,wk6nogo2,z98g6j7w,1
o1yxvv6q,18vmo728,kdkzo5qd,wk6nogo2,rw6e4vnd,1
o1yxvv6q,18vmo728,xldev513,z2775g20,None,1
o1yxvv6q,18vmo728,xldev513,zdnqledq,5d7yqgdy,1
o1yxvv6q,18vmo728,268nwo6p,9kvpzwok,29vmgv19,1
o1yxvv6q,18vmo728,268nwo6p,9kvpzwok,5920mpgd,1
o1yxvv6q,18vmo728,xldev513,zdnqledq,5wkk02w4,1
o1yxvv6q,18vmo728,xldev513,zdnqledq,xd1jledo,1
o1yxvv6q,18vmo728,xldev513,zdnqledq,495kp39p,1
o1yxvv6q,18vmo728,kdkzo5qd,wk6nogo2,rdnlx3qw,1
o1yxvv6q,18vmo728,kdkzo5qd,wk6nogo2,29vl083w,1
o1yxvv6q,18vmo728,kdkzo5qd,wk6nogo2,gdr8or69,1
o1yxvv6q,18vmo728,xldev513,zdnqledq,r9gylp92,1
o1yxvv6q,18vmo728,y654k84d,9d8xr6l2,None,4
o1yxvv6q,18vmo728,yd487k6e,9kv4m8kg,69zl0xd1,16
o1yxvv6q,18vmo728,yd487k6e,9kv4m8kg,o9xy03dl,16
o1yxvv6q,18vmo728,kdkzo5qd,wk6nogo2,ywej3yyd,4
o1yxvv6q,18vmo728,kdkzo5qd,wk6nogo2,n93nlxzw,2
o1yxvv6q,18vmo728,yd487k6e,9kv4m8kg,r9gm5j92,19
o1yxvv6q,18vmo728,kdkzo5qd,wk6nogo2,xd02n549,1
o1yxvv6q,18vmo728,kdkzo5qd,wk6nogo2,rdnlx87w,2
o1yxvv6q,18vmo728,kdkzo5qd,wk6nogo2,ewpzo3k9,3
o1yxvv6q,18vmo728,kdkzo5qd,wk6nogo2,xd03g00d,1
o1yxvv6q,18vmo728,kdkzo5qd,wk6nogo2,n93y707d,1
o1yxvv6q,18vmo728,kdkzo5qd,wk6nogo2,z98z5kl9,5
o1yxvv6q,18vmo728,kdkzo5qd,wk6nogo2,xd02nj49,1
o1yxvv6q,18vmo728,kdkzo5qd,wk6nogo2,n93nlpzw,1
o1yxvv6q,18vmo728,kdkzo5qd,wk6nogo2,xd4yemrd,1
o1yxvv6q,18vmo728,kdkzo5qd,wk6nogo2,29vl0vlw,1
o1yxvv6q,18vmo728,kdkzo5qd,w20gyjzk,None,1
o1yxvv6q,18vmo728,j1lx5j1g,7kjre5n2,ewppv1lw,1
o1yxvv6q,18vmo728,j1lx5j1g,7kjre5n2,owokvovd,1
o1yxvv6q,18vmo728,pd0gg36e,824m6ve2,None,5
o1yxvv6q,18vmo728,j1lx5j1g,7kjre5n2,592j12gw,1
o1yxvv6q,18vmo728,j1lx5j1g,7kjre5n2,5wk2v55w,1
o1yxvv6q,18vmo728,kdkzo5qd,wk6nogo2,ldy5k6rw,1
o1yxvv6q,18vmo728,kdkzo5qd,wk6nogo2,o9xzoqpw,2
o1yxvv6q,18vmo728,kdkzo5qd,wk6nogo2,rdnlxm7w,2
o1yxvv6q,18vmo728,kdkzo5qd,5dw48e5k,xd4yep2d,1
o1yxvv6q,18vmo728,kdkzo5qd,5dw48e5k,n93nljew,1
o1yxvv6q,18vmo728,kdkzo5qd,wk6nogo2,ldy5krrw,2
o1yxvv6q,18vmo728,kdkzo5qd,5dw48e5k,29vl0g3w,1
o1yxvv6q,18vmo728,nj1nowdp,5dwp6ekg,xd1jyedo,1
o1yxvv6q,18vmo728,yd487k6e,9kv4m8kg,ywevpldl,1
o1yxvv6q,18vmo728,xldev513,824pqg25,None,1
o1yxvv6q,18vmo728,kdkzo5qd,wk6nogo2,gdr8o0l9,2
o1yxvv6q,18vmo728,kdkzo5qd,wk6nogo2,xd13yr59,2
o1yxvv6q,18vmo728,kdkzo5qd,wk6nogo2,xd13yme9,1
o1yxvv6q,18vmo728,kdkzo5qd,wk6nogo2,69zq6vg9,2
o1yxvv6q,18vmo728,kdkzo5qd,w20gyjzk,None,1
o1yxvv6q,18vmo728,kdkzo5qd,wk6nogo2,o9xzovpw,2
o1yxvv6q,18vmo728,kdkzo5qd,wk6nogo2,29vl0rlw,1
o1yxvv6q,18vmo728,kdkzo5qd,wk6nogo2,owoe5nkd,2
o1yxvv6q,18vmo728,kdkzo5qd,wk6nogo2,y9mrgoxw,2
o1yxvv6q,18vmo728,kdkzo5qd,wk6nogo2,ewpzoyj9,1
o1yxvv6q,18vmo728,kdkzo5qd,wk6nogo2,rdnlxmqw,2
o1yxvv6q,18vmo728,xldev513,zdnqledq,ywe207wl,1
o1yxvv6q,18vmo728,3dxvly6y,q25o9xwk,kwj71v0w,1
o1yxvv6q,18vmo728,3dxvly6y,q25o9xwk,5920rord,1
o1yxvv6q,18vmo728,j1lx5j1g,7kjre5n2,kwjymxrw,1
o1yxvv6q,18vmo728,3dxvly6y,q25o9xwk,nwlgz6r9,1
o1yxvv6q,18vmo728,xldev513,jdz5rvdv,None,1
o1yxvv6q,18vmo728,3dxvly6y,q25o9xwk,y9m5gp1d,1
o1yxvv6q,18vmo728,268nwo6p,9kvpzwok,z98rp07d,1
o1yxvv6q,18vmo728,kdkzo5qd,wk6nogo2,gdr8oll9,1
o1yxvv6q,18vmo728,kdkzo5qd,wk6nogo2,r9gjnop9,1
o1yxvv6q,18vmo728,kdkzo5qd,wk6nogo2,5d7ex56w,2
o1yxvv6q,18vmo728,kdkzo5qd,wk6nogo2,z98z5op9,2
o1yxvv6q,18vmo728,kdkzo5qd,wk6nogo2,5928r139,1
o1yxvv6q,18vmo728,kdkzo5qd,wk6nogo2,5wknevpw,3
o1yxvv6q,18vmo728,kdkzo5qd,wk6nogo2,owoe5vkd,1
o1yxvv6q,18vmo728,kdkzo5qd,wk6nogo2,xd13yq59,1
o1yxvv6q,18vmo728,kdkzo5qd,wk6nogo2,495rz03d,2
o1yxvv6q,18vmo728,kdkzo5qd,wk6nogo2,rdq3ov2w,2
o1yxvv6q,18vmo728,kdkzo5qd,wk6nogo2,ewpzo6j9,1
o1yxvv6q,18vmo728,kdkzo5qd,wk6nogo2,xd13yo59,2
o1yxvv6q,18vmo728,kdkzo5qd,wk6nogo2,ewpzovj9,1
o1yxvv6q,18vmo728,kdkzo5qd,wk6nogo2,rdnlx17w,2
o1yxvv6q,18vmo728,9dow9z31,9kvoev82,None,5
o1yxvv6q,18vmo728,j1npme6p,wkpn0vdr,None,25
o1yxvv6q,18vmo728,j1npme6p,wkpn0vdr,None,14
o1yxvv6q,18vmo728,yd487k6e,9kv4m8kg,495qnm9p,22
o1yxvv6q,18vmo728,yd487k6e,9kv4m8kg,z98olrdl,25
o1yxvv6q,18vmo728,yd487k6e,9kv4m8kg,69zljxd1,19
o1yxvv6q,18vmo728,yd487k6e,9kv4m8kg,r9gm8j92,16
o1yxvv6q,18vmo728,kdkzo5qd,wk6nogo2,5928rp39,2
o1yxvv6q,18vmo728,yd487k6e,9kv4m8kg,xd43nk09,16
o1yxvv6q,18vmo728,kdkzo5qd,wk6nogo2,5wknelpw,3
o1yxvv6q,18vmo728,kdkzo5qd,wk6nogo2,gdr8ovl9,2
o1yxvv6q,18vmo728,kdkzo5qd,wk6nogo2,ywej377d,1
o1yxvv6q,18vmo728,kdkzo5qd,wk6nogo2,ldy5kzrw,1
o1yxvv6q,18vmo728,kdkzo5qd,wk6nogo2,ldy5kvrw,1
o1yxvv6q,18vmo728,kdkzo5qd,wk6nogo2,nwlyzve9,1
o1yxvv6q,18vmo728,kdkzo5qd,wk6nogo2,ewpzo2k9,1
o1yxvv6q,18vmo728,kdkzo5qd,wk6nogo2,r9gjn8p9,2
o1yxvv6q,18vmo728,kdkzo5qd,wk6nogo2,ywej3p7d,1
o1yxvv6q,18vmo728,kdkzo5qd,wk6nogo2,29vl0plw,1
o1yxvv6q,18vmo728,kdkzo5qd,wk6nogo2,ewpzo5j9,2
o1yxvv6q,18vmo728,kdkzo5qd,wk6nogo2,rw6lg0gw,1
o1yxvv6q,18vmo728,kdkzo5qd,wk6nogo2,y9mrgzxw,3
o1yxvv6q,18vmo728,kdkzo5qd,wk6nogo2,gdr8o7l9,2
o1yxvv6q,18vmo728,kdkzo5qd,wk6nogo2,n93nl3zw,2
o1yxvv6q,18vmo728,kdkzo5qd,wk6nogo2,owoe5xkd,3
o1yxvv6q,18vmo728,kdkzo5qd,wk6nogo2,rw6lgygw,2
o1yxvv6q,18vmo728,kdkzo5qd,wk6nogo2,ldy5k0rw,1
o1yxvv6q,18vmo728,kdkzo5qd,wk6nogo2,69zq6lg9,1
o1yxvv6q,18vmo728,kdkzo5qd,wk6nogo2,kwj86m79,2
o1yxvv6q,18vmo728,kdkzo5qd,wk6nogo2,495rzn3d,1
o1yxvv6q,18vmo728,kdkzo5qd,wk6nogo2,o9xzo0pw,2
o1yxvv6q,18vmo728,kdkzo5qd,wk6nogo2,rdnlxv7w,2
o1yxvv6q,18vmo728,kdkzo5qd,wk6nogo2,xd13y159,2
o1yxvv6q,18vmo728,kdkzo5qd,wk6nogo2,rdq3om2w,2
o1yxvv6q,18vmo728,kdkzo5qd,wk6nogo2,69zq60g9,2
o1yxvv6q,18vmo728,kdkzo5qd,wk6nogo2,nwlyz1e9,1
o1yxvv6q,18vmo728,kdkzo5qd,wk6nogo2,r9gjn5p9,2
o1yxvv6q,18vmo728,kdkzo5qd,wk6nogo2,owoe5pkd,2
o1yxvv6q,18vmo728,kdkzo5qd,wk6nogo2,rdnlxg7w,1
o1yxvv6q,18vmo728,kdkzo5qd,wk6nogo2,kwj860n9,1
o1yxvv6q,18vmo728,kdkzo5qd,wk6nogo2,z98z5lp9,2
o1yxvv6q,18vmo728,kdkzo5qd,wk6nogo2,xd4ye8rd,1
o1yxvv6q,18vmo728,kdkzo5qd,wk6nogo2,y9mrgvxw,1
o1yxvv6q,18vmo728,kdkzo5qd,wk6nogo2,5928r6o9,1
o1yxvv6q,18vmo728,kdkzo5qd,wk6nogo2,ywej3g7d,2
o1yxvv6q,18vmo728,kdkzo5qd,wk6nogo2,5wknem2w,1
o1yxvv6q,18vmo728,kdkzo5qd,wk6nogo2,5d7exm6w,1
o1yxvv6q,18vmo728,kdkzo5qd,wk6nogo2,5d7ex1gw,2
o1yxvv6q,18vmo728,kdkzo5qd,wk6nogo2,xd4yep2d,1
o1yxvv6q,18vmo728,kdkzo5qd,wk6nn5o2,None,4
o1yxvv6q,18vmo728,kdkzo5qd,wk6nogo2,z98z5qp9,2
o1yxvv6q,18vmo728,kdkzo5qd,wk6nogo2,xd02npx9,1
o1yxvv6q,18vmo728,kdkzo5qd,wk6nogo2,o9xzo60w,2
o1yxvv6q,18vmo728,kdkzo5qd,wk6nogo2,rdq3oykw,1
o1yxvv6q,18vmo728,kdkzo5qd,wk6nogo2,495rzp0d,1
o1yxvv6q,18vmo728,kdkzo5qd,wk6nogo2,rdq3or2w,2
o1yxvv6q,18vmo728,kdkzo5qd,wk6nogo2,5wkne7pw,2
o1yxvv6q,18vmo728,kdkzo5qd,wk6nogo2,495rzg3d,2
o1yxvv6q,18vmo728,kdkzo5qd,wk6nogo2,z98z5og9,2
o1yxvv6q,18vmo728,kdkzo5qd,wk6nogo2,o9xzog0w,3
o1yxvv6q,18vmo728,kdkzo5qd,wk6nogo2,rw6lg7rw,1
o1yxvv6q,18vmo728,kdkzo5qd,wk6nogo2,xd4ye52d,2
o1yxvv6q,18vmo728,kdkzo5qd,wk6nogo2,xd02nex9,1
o1yxvv6q,18vmo728,j1ne4vw1,9d860w72,gdrx8y8d,1
o1yxvv6q,18vmo728,kdkzo5qd,wk6nogo2,owoe5jod,1
o1yxvv6q,18vmo728,kdkzo5qd,wk6nogo2,nwlyz509,2
o1yxvv6q,18vmo728,kdkzo5qd,wk6nogo2,ldy5krkw,1
o1yxvv6q,18vmo728,kdkzo5qd,wk6nogo2,69zq65l9,2
o1yxvv6q,18vmo728,kdkzo5qd,wk6nogo2,rdq3o8kw,2
o1yxvv6q,18vmo728,kdkzo5qd,wk6nogo2,gdr8on69,4
o1yxvv6q,18vmo728,nj1nowdp,5dwp6ekg,gdrp0lwz,1
o1yxvv6q,18vmo728,nj1nowdp,5dwp6ekg,ywe2xywl,1
o1yxvv6q,18vmo728,nj1nowdp,5dwp6ekg,29vmn39v,1
o1yxvv6q,18vmo728,nj1nowdp,5dwp6ekg,ywe23ywl,1
o1yxvv6q,18vmo728,nj1nowdp,5dwp6ekg,69zp6lw1,1
o1yxvv6q,18vmo728,nj1nowdp,5dwp6ekg,rw6q7gd7,1
o1yxvv6q,18vmo728,kdkzo5qd,wk6nogo2,rdnlx7qw,4
o1yxvv6q,18vmo728,kdkzo5qd,wk6nogo2,495rzq3d,2
o1yxvv6q,18vmo728,kdkzo5qd,wk6nogo2,n93nl1nw,3
o1yxvv6q,18vmo728,kdkzo5qd,wk6nogo2,z98z53g9,3
o1yxvv6q,18vmo728,kdkzo5qd,wk6nogo2,5928rko9,4
o1yxvv6q,18vmo728,kdkzo5qd,wk6nogo2,ldy5kqkw,1
o1yxvv6q,18vmo728,kdkzo5qd,wk6nogo2,r9gjn659,4
o1yxvv6q,18vmo728,268ewl76,wk6743rd,None,14
o1yxvv6q,18vmo728,76rgve18,7kjrz3n2,29vy1j39,2
o1yxvv6q,18vmo728,kdkzo5qd,wk6nogo2,owoe58od,2
o1yxvv6q,18vmo728,kdkzo5qd,wk6nogo2,ldy5kxkw,4
o1yxvv6q,18vmo728,kdkzo5qd,wk6nogo2,rw6lg1rw,1
o1yxvv6q,18vmo728,o6gxyod2,rklgelrd,r9gzk4qd,3
o1yxvv6q,18vmo728,76rgve18,7kjrz3n2,ywe4zlyd,4
o1yxvv6q,18vmo728,o6gxyod2,rklgelrd,rdq067mw,3
o1yxvv6q,18vmo728,76rgve18,7kjrz3n2,ldye42jw,2
o1yxvv6q,18vmo728,o6gxyod2,rklgelrd,n9302479,2
o1yxvv6q,18vmo728,o6gxyod2,rklgelrd,29vy1219,3
o1yxvv6q,18vmo728,o6gxyod2,rklgelrd,o9x2m76w,3
o1yxvv6q,18vmo728,o6gxyod2,rklgelrd,ldye4gjw,3
o1yxvv6q,18vmo728,76r2pqd8,wdmznp42,None,48
o1yxvv6q,18vmo728,y65ex46e,7kjrv032,None,384
o1yxvv6q,18vmo728,v1poop76,w20wv7jd,None,2
o1yxvv6q,18vmo728,4d7ng367,vdo1512p,None,7
o1yxvv6q,18vmo728,yd4vpwde,jdrqlgnk,None,7
o1yxvv6q,18vmo728,k6q44wmd,xk9g8v4d,None,3
o1yxvv6q,18vmo728,pd0gg36e,824m6ve2,None,5
o1yxvv6q,18vmo728,kdkmoe1m,9d8xw32n,None,42
o1yxvv6q,18vmo728,46wx9q1r,rklgl68d,None,9
o1yxvv6q,18vmo728,kdkzo5qd,wk6nogo2,n93nljew,1
o1yxvv6q,18vmo728,kdkzo5qd,wk6nogo2,xd4ye12d,3
o1yxvv6q,18vmo728,kdkzo5qd,wk6nogo2,29vl063w,3
o1yxvv6q,18vmo728,j1ne4vw1,82463ewd,4955rl29,1
o1yxvv6q,18vmo728,9d3mqy6l,ndx394vd,None,15
o1yxvv6q,18vmo728,o6gnw051,wk6wv6o2,None,3
o1yxvv6q,18vmo728,yd487k6e,02qjevzd,None,35
o1yxvv6q,18vmo728,yd487k6e,9kv4m8kg,rw67xp97,9
o1yxvv6q,18vmo728,3dxvly6y,q25o9xwk,r9gy17j9,1
o1yxvv6q,18vmo728,3dxvly6y,q25o9xwk,r9gyn3k9,1
o1yxvv6q,18vmo728,xldev513,zdnqledq,ldy1xrd3,1
o1yxvv6q,18vmo728,3dxvly6y,q25o9xwk,gdrp1gkw,1
o1yxvv6q,18vmo728,3dxvly6y,q25o9xwk,ldy1827d,1
o1yxvv6q,18vmo728,4d722r67,jdr1x0l2,None,127
o1yxvv6q,18vmo728,46w3v591,02qpe19d,None,10
o1yxvv6q,18vmo728,w6jy5e6j,824xgvnd,None,4
o1yxvv6q,18vmo728,kdkevldm,824rm9nd,None,2
o1yxvv6q,18vmo728,k6qr9x1g,vdo991dp,None,7
o1yxvv6q,18vmo728,k6qr9x1g,z27gvz02,None,2
o1yxvv6q,18vmo728,k6qokx1g,xk9wpwy2,None,6
o1yxvv6q,18vmo728,ldelo563,zdnrvwq2,None,6
o1yxvv6q,18vmo728,j1l7w7dg,n2yrzzdo,None,3
o1yxvv6q,18vmo728,9do4jo6p,xd1y8rd8,None,26
o1yxvv6q,18vmo728,pd0ww4v1,zdn40r9k,None,7
o1yxvv6q,18vmo728,lde3grj6,zdnxe0x2,None,3
o1yxvv6q,18vmo728,y654kj4d,rklv46rd,None,1
o1yxvv6q,18vmo728,k6qjy9dg,q25oryvk,None,148
o1yxvv6q,18vmo728,pdv7z9dw,5dwjr90k,None,30
o1yxvv6q,18vmo728,nd2enjed,9d8ejold,None,2
o1yxvv6q,18vmo728,o1yxvv6q,7kjzq1nd,None,26
o1yxvv6q,18vmo728,nd2e9erd,z27lj0gd,None,477
o1yxvv6q,18vmo728,nd2e9erd,vdom79v2,None,174
o1yxvv6q,18vmo728,nd2e9erd,vdom79v2,None,92
o1yxvv6q,18vmo728,nd2e9erd,vdom79v2,None,149
o1yxvv6q,18vmo728,ldemjl13,ndx8xljk,None,227
o1yxvv6q,18vmo728,ldemjl13,ndx8xljk,None,522
o1yxvv6q,18vmo728,y654k84d,wdmlew3k,5wkn262w,9
o1yxvv6q,18vmo728,yd487k6e,9kv4m8kg,ldyr0p93,23
o1yxvv6q,18vmo728,y654k84d,wdmlew3k,xd1307e9,4
o1yxvv6q,18vmo728,yd487k6e,9kv4m8kg,nwlmeo9v,19
o1yxvv6q,18vmo728,yd487k6e,9kv4m8kg,n93x3290,33
o1yxvv6q,18vmo728,yd487k6e,9kv4m8kg,xd45zqwm,25
o1yxvv6q,18vmo728,xldev513,zdnqledq,5920k3d6,1
o1yxvv6q,18vmo728,xldev513,zdnqledq,z98rpgdl,1
o1yxvv6q,18vmo728,j1lx5j1g,7kjre5n2,owokrgvd,1
o1yxvv6q,18vmo728,j1lx5j1g,7kjre5n2,xd10okq9,1
o1yxvv6q,18vmo728,o6gxyod2,rklgelrd,5wk2g65w,3
o1yxvv6q,18vmo728,yd487k6e,w20ry52n,None,34
o1yxvv6q,18vmo728,yd487k6e,9kv4m8kg,gdr07edz,42
o1yxvv6q,18vmo728,yd487k6e,9kv4m8kg,rdqmqo9x,30
o1yxvv6q,18vmo728,yd487k6e,9kv4m8kg,5926l7d6,44
o1yxvv6q,18vmo728,yd487k6e,9kv4m8kg,xd0eym9q,15
o1yxvv6q,18vmo728,yd487k6e,jdzv6e3k,None,6
o1yxvv6q,18vmo728,xldev513,zdnqledq,rdno77wm,1
o1yxvv6q,18vmo728,j1lx5j1g,7kjre5n2,5d77g65d,1
o1yxvv6q,18vmo728,j1lx5j1g,7kjre5n2,rdq0e6mw,1
o1yxvv6q,18vmo728,j1lx5j1g,7kjre5n2,xd10nvq9,1
o1yxvv6q,18vmo728,268nwo6p,9kvpzwok,r9gy6oq9,1
o1yxvv6q,18vmo728,268nwo6p,9kvpzwok,rw6q20nd,1
o1yxvv6q,18vmo728,268nwo6p,9kvpzwok,xd0kpj09,1
o1yxvv6q,18vmo728,nj1nowdp,q2540lwd,None,2
o1yxvv6q,18vmo728,nj1nowdp,q2540lwd,None,2
o1yxvv6q,18vmo728,j1lx5j1g,7kjre5n2,5d770n5d,1
o1yxvv6q,18vmo728,268nwo6p,9kvpzwok,xd40pm09,1
o1yxvv6q,18vmo728,268nwo6p,9kvpzwok,ewp7n5lw,1
o1yxvv6q,18vmo728,268nwo6p,9kvpzwok,rdno3vnw,1
o1yxvv6q,18vmo728,xldev513,zdnqledq,5d7yj6dy,1
o1yxvv6q,18vmo728,xldev513,zdnqledq,rw6q1gd7,1
o1yxvv6q,18vmo728,3dxvly6y,q25o9xwk,rdqz5nod,1
o1yxvv6q,18vmo728,xldev513,zdnqledq,kwj7g7wg,1
o1yxvv6q,18vmo728,xldev513,w20vx4ok,None,4
o1yxvv6q,18vmo728,3dxvly6y,q25o9xwk,kwj76ezw,1
o1yxvv6q,18vmo728,3dxvly6y,q25o9xwk,ewp708yw,1
o1yxvv6q,18vmo728,3dxvly6y,q25o9xwk,ywe2mqlw,1
o1yxvv6q,18vmo728,3dxvly6y,q25o9xwk,gdrp1yew,1
o1yxvv6q,18vmo728,3dxvly6y,q25o9xwk,rdno2n6w,1
o1yxvv6q,18vmo728,3dxvly6y,q25o9xwk,495kz8j9,1
o1yxvv6q,18vmo728,xldev513,xd1rg6zk,None,2
o1yxvv6q,18vmo728,3dxvly6y,q25o9xwk,o9x1ol1d,1
o1yxvv6q,18vmo728,j1lx5j1g,7kjre5n2,rdq0vpmw,1
o1yxvv6q,18vmo728,3dxvly6y,q25o9xwk,5d7yz2qd,1
o1yxvv6q,18vmo728,nj1nowdp,q2540lwd,None,2
o1yxvv6q,18vmo728,3dxvly6y,q25o9xwk,xd1jy56d,1
o1yxvv6q,18vmo728,3dxvly6y,q25o9xwk,owo7q3j9,1
o1yxvv6q,18vmo728,j1lx5j1g,7kjre5n2,kwjy24zw,1
o1yxvv6q,18vmo728,3dxvly6y,q25o9xwk,5wkkerqw,1
o1yxvv6q,18vmo728,268nwo6p,9kvpzwok,69zp7v6w,1
o1yxvv6q,18vmo728,xldev513,zdnqledq,kwj74nwg,1
o1yxvv6q,18vmo728,3dxvly6y,q25o9xwk,owo752y9,1
o1yxvv6q,18vmo728,3dxvly6y,q25o9xwk,495klmm9,1
o1yxvv6q,18vmo728,xldev513,zdnqledq,y9m505d5,1
o1yxvv6q,18vmo728,xldev513,zdnqledq,xd40p29m,1
o1yxvv6q,18vmo728,xldev513,zdnqledq,5wkkxpw4,1
o1yxvv6q,18vmo728,yd487k6e,9kv4m8kg,29v8xqdv,22
o1yxvv6q,18vmo728,xldev513,zdnqledq,owo74o96,1
o1yxvv6q,18vmo728,xldev513,zdnqledq,xd0kpx9q,1
o1yxvv6q,18vmo728,xldev513,zdnqoqdq,None,1
o1yxvv6q,18vmo728,xldev513,zdnqledq,nwlg0e9v,1
o1yxvv6q,18vmo728,xldev513,zdnqledq,rw6q2rd7,1
o1yxvv6q,18vmo728,xldev513,zdnqledq,xd401r9m,1
o1yxvv6q,18vmo728,xldev513,zdnqledq,rdqz4kdx,1
o1yxvv6q,18vmo728,xldev513,zdnqledq,n93q1zw0,1
o1yxvv6q,18vmo728,xldev513,zdnqledq,69zp5gw1,1
o1yxvv6q,18vmo728,3dxvly6y,q25o9xwk,xd1j84zd,1
o1yxvv6q,18vmo728,o6gk0512,w20zy55d,4955p09p,3
o1yxvv6q,18vmo728,xldev513,zdnqledq,5d7y16dy,1
o1yxvv6q,18vmo728,xldev513,zdnqledq,kwj7k7wg,1
o1yxvv6q,18vmo728,3dxvly6y,q25o9xwk,z98rgn1d,1
o1yxvv6q,18vmo728,xldev513,zdnqledq,ywe2y7wl,1
o1yxvv6q,18vmo728,j1lx5j1g,7kjre5n2,o9x2jr1w,1
o1yxvv6q,18vmo728,j1lx5j1g,7kjre5n2,ywe4o3rd,1
o1yxvv6q,18vmo728,nj1nowdp,5dwp6ekg,5920eod6,1
o1yxvv6q,18vmo728,xldev513,zdnqledq,ldy1qrd3,1
o1yxvv6q,18vmo728,xldev513,zdnqledq,o9x1gpdl,1
o1yxvv6q,18vmo728,j1lx5j1g,7kjre5n2,nwl68zrw,1
o1yxvv6q,18vmo728,3dxvly6y,q25o9xwk,rdqzo11d,1
o1yxvv6q,18vmo728,268nwo6p,9kvpzwok,ywe207qw,1
o1yxvv6q,18vmo728,268nwo6p,9kvpzwok,n93qkp7w,1
o1yxvv6q,18vmo728,3dxvly6y,q25o9xwk,69zp6row,1
o1yxvv6q,18vmo728,3dxvly6y,q25o9xwk,o9x13x3d,1
o1yxvv6q,18vmo728,xldev513,zdnqledq,nwlg5e9v,1
o1yxvv6q,18vmo728,3dxvly6y,q25o9xwk,69zpn8xw,1
o1yxvv6q,18vmo728,3dxvly6y,q25o9xwk,5d7yx3vd,1
o1yxvv6q,18vmo728,xldev513,zdnqledq,69zp7gw1,1
o1yxvv6q,18vmo728,yd487k6e,9kv4m8kg,xd07l40w,20
o1yxvv6q,18vmo728,268nwo6p,9kvpzwok,495kp029,1
o1yxvv6q,18vmo728,268nwo6p,9kvpzwok,o9x16v6d,1
o1yxvv6q,18vmo728,268nwo6p,9kvpzwok,nwlg0vp9,1
o1yxvv6q,18vmo728,268nwo6p,9kvpzwok,5wkk0l5w,1
o1yxvv6q,18vmo728,j1lx5j1g,7kjre5n2,29vyve19,1
o1yxvv6q,18vmo728,j1lx5j1g,7kjre5n2,kwjy2orw,1
o1yxvv6q,18vmo728,j1lx5j1g,7kjre5n2,y9mev7ld,1
o1yxvv6q,18vmo728,268nwo6p,9kvpzwok,rdqzyvmd,1
o1yxvv6q,18vmo728,xldev513,zdnqledq,y9m56xd5,1
o1yxvv6q,18vmo728,xldev513,zdnqledq,gdrprlwz,1
o1yxvv6q,18vmo728,268nwo6p,9kvpzwok,y9m50zld,1
o1yxvv6q,18vmo728,xldev513,zdnqledq,29vmg39v,1
o1yxvv6q,18vmo728,xldev513,zdnqledq,xd1jm5do,1
o1yxvv6q,18vmo728,xldev513,zdnqledq,gdrpnlwz,1
o1yxvv6q,18vmo728,268nwo6p,9kvpzwok,ldy1qvjd,1
o1yxvv6q,18vmo728,xldev513,zdnqledq,n93qkzw0,1
o1yxvv6q,18vmo728,268nwo6p,9kvpzwok,gdrprv8w,1
o1yxvv6q,18vmo728,j1lx5j1g,7kjre5n2,69zr16od,1
o1yxvv6q,18vmo728,xldev513,zdnqledq,z98rppdl,1
o1yxvv6q,18vmo728,xldev513,zdnqledq,z98r3pdl,1
o1yxvv6q,18vmo728,xldev513,zdnqledq,ewp73jwn,1
o1yxvv6q,18vmo728,xldev513,zdnqledq,rdno37wm,1
o1yxvv6q,18vmo728,xldev513,zdnqledq,5920mod6,1
o1yxvv6q,18vmo728,3dxvly6y,q25o9xwk,ewp7oqzw,1
o1yxvv6q,18vmo728,3dxvly6y,q25o9xwk,ywe234rw,1
o1yxvv6q,18vmo728,j1lx5j1g,7kjre5n2,y9melx5d,1
o1yxvv6q,18vmo728,j1ne4vw1,9d860w72,xd0q2n09,1
o1yxvv6q,18vmo728,yd4kqyk6,7kjlxl42,None,3
o1yxvv6q,18vmo728,j1ne4vw1,9d860w72,xd42ye0w,1
o1yxvv6q,18vmo728,nj1nowdp,5dwp6ekg,y9m545d5,1
o1yxvv6q,18vmo728,m1mxeoj6,9d86zw72,None,29
o1yxvv6q,18vmo728,w6j78e6j,jdz74vkv,None,54
o1yxvv6q,18vmo728,o6gxyod2,rklgelrd,xd00vq0d,3
o1yxvv6q,18vmo728,xldev513,zdnqledq,owo7jk96,1
o1yxvv6q,18vmo728,xldev513,q25458do,None,1
o1yxvv6q,18vmo728,xldev513,zdnqledq,rdqz82dx,1
o1yxvv6q,18vmo728,xldev513,zdnqledq,owo7mk96,1
o1yxvv6q,18vmo728,xldev513,zdnqledq,xd1jz5do,1
o1yxvv6q,18vmo728,xldev513,zdnqledq,ewp7nkwn,1
o1yxvv6q,18vmo728,xldev513,zdnqledq,r9gy6p92,1
o1yxvv6q,18vmo728,xldev513,zdnqledq,495k239p,1
o1yxvv6q,18vmo728,xldev513,zdnqledq,rdqzy2dx,1
o1yxvv6q,18vmo728,xldev513,zdnqledq,rdno3qwm,1
o1yxvv6q,18vmo728,nd2r9v60,8249vmd5,None,8
o1yxvv6q,18vmo728,xldev513,zdnqledq,n93qknw0,1
o1yxvv6q,18vmo728,4d70qg17,9kvl4o2g,None,13
o1yxvv6q,18vmo728,xldev513,zdnqledq,29vm6l9v,1
o1yxvv6q,18vmo728,xldev513,zdnqledq,ldy1qkd3,1
o1yxvv6q,18vmo728,xldev513,zdnqledq,o9x16pdl,1
o1yxvv6q,18vmo728,nj1nowdp,5dwp6ekg,nwlgz09v,1
o1yxvv6q,18vmo728,nj1nowdp,5dwp6ekg,gdrp66wz,1
o1yxvv6q,18vmo728,nj1nowdp,5dwp6ekg,69zplgw1,1
o1yxvv6q,18vmo728,j1ne4vw1,9d860w72,gdrx8o6d,1
o1yxvv6q,18vmo728,nj1nowdp,5dwp6ekg,rw6q5rd7,1
o1yxvv6q,18vmo728,j1ne4vw1,9d860w72,r9g4j7q9,1
o1yxvv6q,18vmo728,j1ne4vw1,9d860w72,ywe5j3yw,1
o1yxvv6q,18vmo728,j1ne4vw1,9d860w72,5wk6n159,1
o1yxvv6q,18vmo728,j1ne4vw1,9d860w72,4955rl29,1
o1yxvv6q,18vmo728,j1ne4vw1,9d860w72,o9x7zx6d,1
o1yxvv6q,18vmo728,j1ne4vw1,9d860w72,n934nlnd,1
o1yxvv6q,18vmo728,j1ne4vw1,9d860w72,xd42yk0w,1
o1yxvv6q,18vmo728,j1ne4vw1,9d860w72,kwjz8vr9,1
o1yxvv6q,18vmo728,j1ne4vw1,9d860w72,z987zm7w,1
o1yxvv6q,18vmo728,j1ne4vw1,9d860w72,ewpxz0ld,1
o1yxvv6q,18vmo728,j1ne4vw1,9d860w72,owo6eqvw,1
o1yxvv6q,18vmo728,j1ne4vw1,9d860w72,nwloyz0w,1
o1yxvv6q,18vmo728,nj1nowdp,5dwp6ekg,z98rqpdl,1
o1yxvv6q,18vmo728,nj1nowdp,5dwp6ekg,r9gyn592,1
o1yxvv6q,18vmo728,j1ne4vw1,9d860w72,kwjz81r9,1
o1yxvv6q,18vmo728,j1ne4vw1,9d860w72,ywe5jqqw,1
o1yxvv6q,18vmo728,j1ne4vw1,9d860w72,29v7l019,1
o1yxvv6q,18vmo728,j1ne4vw1,9d860w72,4955rz09,1
o1yxvv6q,18vmo728,j1ne4vw1,9d860w72,rdnzlxqd,1
o1yxvv6q,18vmo728,j1ne4vw1,9d860w72,rdnzlxnd,1
o1yxvv6q,18vmo728,nj1nowdp,5dwp6ekg,ldy1rrd3,2
o1yxvv6q,18vmo728,nj1nowdp,7dgg07d4,kwj76nwg,1
o1yxvv6q,18vmo728,nj1nowdp,q2540lwd,None,2
o1yxvv6q,18vmo728,nj1nowdp,5dwp6ekg,z98r4gdl,1
o1yxvv6q,18vmo728,nj1nowdp,q2540lwd,None,2
o1yxvv6q,18vmo728,j1ne4vw1,9d860w72,rdq735m9,1
o1yxvv6q,18vmo728,j1ne4vw1,9d860w72,5wk6n429,1
o1yxvv6q,18vmo728,j1ne4vw1,9d860w72,ldyg53jd,1
o1yxvv6q,18vmo728,j1ne4vw1,9d860w72,z987z5gw,1
o1yxvv6q,18vmo728,nj1nowdp,5dwp6ekg,495kq39p,1
o1yxvv6q,18vmo728,j1ne4vw1,zd361myd,None,1
o1yxvv6q,18vmo728,nj1nowdp,7dgg07d4,rw6q7gd7,1
o1yxvv6q,18vmo728,nj1nowdp,5dwp6ekg,y9m5mxd5,1
o1yxvv6q,18vmo728,nj1nowdp,5dwp6ekg,rdqzokdx,1
o1yxvv6q,18vmo728,nj1nowdp,q2540lwd,None,1
o1yxvv6q,18vmo728,nj1nowdp,7dgg07d4,5wkk42w4,1
o1yxvv6q,18vmo728,nj1nowdp,7dgg07d4,69zpelw1,1
o1yxvv6q,18vmo728,nj1nowdp,5dwp6ekg,69zpelw1,1
o1yxvv6q,18vmo728,nj1nowdp,7dgg07d4,nwlgz09v,1
o1yxvv6q,18vmo728,nj1nowdp,7dgg07d4,xd0k6x9q,1
o1yxvv6q,18vmo728,nj1nowdp,7dgg07d4,n93qezw0,1
o1yxvv6q,18vmo728,nj1nowdp,5dwp6ekg,xd40g29m,1
o1yxvv6q,18vmo728,nj1nowdp,7dgg07d4,ywe23ywl,2
o1yxvv6q,18vmo728,nj1nowdp,7dgg07d4,r9gyn592,1
o1yxvv6q,18vmo728,nj1nowdp,7dgg07d4,ewp74kwn,1
o1yxvv6q,18vmo728,nj1nowdp,q2540lwd,None,1
o1yxvv6q,18vmo728,nj1nowdp,q2540lwd,None,1
o1yxvv6q,18vmo728,nj1nowdp,5dwp6ekg,592063d6,1
o1yxvv6q,18vmo728,nj1nowdp,5dwp6ekg,29vm8l9v,1
o1yxvv6q,18vmo728,nj1nowdp,5dwp6ekg,rdno87wm,1
o1yxvv6q,18vmo728,j1ne4vw1,9kvmegjk,None,1
o1yxvv6q,18vmo728,nj1nowdp,5dwp6ekg,5d7yxgdy,1
o1yxvv6q,18vmo728,nj1nowdp,5dwp6ekg,nwlg409v,1
o1yxvv6q,18vmo728,j1ne4vw1,9d860w72,rdq73ok9,1
o1yxvv6q,18vmo728,j1ne4vw1,9kvmegjk,None,1
o1yxvv6q,18vmo728,j1ne4vw1,9d860w72,69z2q869,1
o1yxvv6q,18vmo728,nj1nowdp,5dwp6ekg,ewp72jwn,1
o1yxvv6q,18vmo728,nj1nowdp,5dwp6ekg,kwj76nwg,1
o1yxvv6q,18vmo728,j1ne4vw1,9d860w72,xd1234qw,1
o1yxvv6q,18vmo728,nj1nowdp,5dwp6ekg,o9x1o0dl,1
o1yxvv6q,18vmo728,j1ne4vw1,9d860w72,r9g4jn59,1
o1yxvv6q,18vmo728,j1ne4vw1,9d860w72,5wk6nq59,1
o1yxvv6q,18vmo728,j1ne4vw1,9d860w72,rw6olmnw,1
o1yxvv6q,18vmo728,nj1nowdp,5dwp6ekg,r9gyq592,1
o1yxvv6q,18vmo728,j1ne4vw1,9kvmegjk,None,1
o1yxvv6q,18vmo728,nj1nowdp,5dwp6ekg,o9x1r0dl,2
o1yxvv6q,18vmo728,j1ne4vw1,9d860w72,592q8eo9,1
o1yxvv6q,18vmo728,j1ne4vw1,9d860w72,y9mxr45w,1
o1yxvv6q,18vmo728,j1ne4vw1,9d860w72,nwloy2pw,1
o1yxvv6q,18vmo728,nj1nowdp,5dwp6ekg,ldy1kkd3,1
o1yxvv6q,18vmo728,j1ne4vw1,9d860w72,5d74e25d,1
o1yxvv6q,18vmo728,j1ne4vw1,9d860w72,ewpxz8ld,1
o1yxvv6q,18vmo728,j1ne4vw1,9d860w72,owo6e3vw,1
o1yxvv6q,18vmo728,j1ne4vw1,82463ewd,rdnzlqnd,2
o1yxvv6q,18vmo728,nj1nowdp,5dwp6ekg,xd0ke49q,2
o1yxvv6q,18vmo728,j1ne4vw1,9d860w72,n934nl7d,1
o1yxvv6q,18vmo728,j1ne4vw1,9d860w72,5d74ez5d,1
o1yxvv6q,18vmo728,j1ne4vw1,9d860w72,rdq73nm9,1
o1yxvv6q,18vmo728,j1ne4vw1,9d860w72,5d74exgd,1
o1yxvv6q,18vmo728,j1ne4vw1,9d860w72,592q8ng9,1
o1yxvv6q,18vmo728,j1ne4vw1,9d860w72,29v7lz19,1
o1yxvv6q,18vmo728,j1ne4vw1,9d860w72,4955rm29,1
o1yxvv6q,18vmo728,j1ne4vw1,9d860w72,y9mxr2lw,1
o1yxvv6q,18vmo728,j1ne4vw1,9d860w72,rdnzlqnd,1
o1yxvv6q,18vmo728,nj1nowdp,5dwp6ekg,xd0k6x9q,1
o1yxvv6q,18vmo728,nj1nowdp,5dwp6ekg,rw6qgrd7,1
o1yxvv6q,18vmo728,j1ne4vw1,9kvmegjk,None,1
o1yxvv6q,18vmo728,j1ne4vw1,9d860w72,y9mxr1lw,1
o1yxvv6q,18vmo728,nj1nowdp,5dwp6ekg,rdnom7wm,1
o1yxvv6q,18vmo728,nj1nowdp,7dgg07d4,rdno4qwm,1
o1yxvv6q,18vmo728,nj1nowdp,7dgg07d4,495kz09p,1
o1yxvv6q,18vmo728,nj1nowdp,7dgg07d4,xd1jyedo,1
o1yxvv6q,18vmo728,nj1nowdp,7dgg07d4,rdnom7wm,1
o1yxvv6q,18vmo728,nj1nowdp,5dwp6ekg,n93qezw0,1
o1yxvv6q,18vmo728,nj1nowdp,5dwp6ekg,ldy16rd3,1
o1yxvv6q,18vmo728,nj1nowdp,5dwp6ekg,ewp74kwn,1
o1yxvv6q,18vmo728,nj1nowdp,5dwp6ekg,gdrpo6wz,1
o1yxvv6q,18vmo728,nj1nowdp,5dwp6ekg,n93qznw0,1
o1yxvv6q,18vmo728,nj1nowdp,5dwp6ekg,gdrpllwz,1
o1yxvv6q,18vmo728,nj1nowdp,5dwp6ekg,z98r5gdl,1
o1yxvv6q,18vmo728,nj1nowdp,5dwp6ekg,5wkk42w4,1
o1yxvv6q,18vmo728,j1ne4vw1,9d860w72,xd123yew,1
o1yxvv6q,18vmo728,nj1nowdp,5dwp6ekg,nwlgme9v,1
o1yxvv6q,18vmo728,nj1nowdp,5dwp6ekg,n93qlnw0,1
o1yxvv6q,18vmo728,nj1nowdp,5dwp6ekg,495kx09p,1
o1yxvv6q,18vmo728,nj1nowdp,5dwp6ekg,owo75o96,2
o1yxvv6q,18vmo728,nj1nowdp,5dwp6ekg,69zpjgw1,1
o1yxvv6q,18vmo728,nj1nowdp,5dwp6ekg,xd405r9m,1
o1yxvv6q,18vmo728,j1ne4vw1,9d860w72,29v7ln39,1
o1yxvv6q,18vmo728,j1ne4vw1,9d860w72,o9x7zo0d,1
o1yxvv6q,18vmo728,j1ne4vw1,9d860w72,kwjz86n9,1
o1yxvv6q,18vmo728,j1ne4vw1,9d860w72,z987z57w,1
o1yxvv6q,18vmo728,j1ne4vw1,9kvmegjk,None,1
o1yxvv6q,18vmo728,j1ne4vw1,9d860w72,ewpxz4kd,1
o1yxvv6q,18vmo728,j1ne4vw1,9d860w72,69z2q6l9,1
o1yxvv6q,18vmo728,j1ne4vw1,9d860w72,592q84g9,1
o1yxvv6q,18vmo728,j1ne4vw1,9d860w72,ldyg5kjd,1
o1yxvv6q,18vmo728,nj1nowdp,5dwp6ekg,nwlg1e9v,1
o1yxvv6q,18vmo728,nj1nowdp,5dwp6ekg,rdnoxqwm,1
o1yxvv6q,18vmo728,j1ne4vw1,9d860w72,ldyg5kkd,1
o1yxvv6q,18vmo728,nj1nowdp,5dwp6ekg,ywe2g7wl,1
o1yxvv6q,18vmo728,nj1nowdp,5dwp6ekg,rdno4qwm,1
o1yxvv6q,18vmo728,nj1nowdp,5dwp6ekg,ldy1lkd3,1
o1yxvv6q,18vmo728,y654kj4d,w20vj68k,None,2
o1yxvv6q,18vmo728,v1plr468,7dg0wlk4,None,39
o1yxvv6q,18vmo728,w6j7px6j,7kj3ez23,None,6
o1yxvv6q,18vmo728,76r39oq6,02q4plpd,None,5
o1yxvv6q,18vmo728,yd4ox0w1,wkp0gw82,None,2
o1yxvv6q,18vmo728,m1zjrx36,9d8e80ld,None,2
o1yxvv6q,18vmo728,y654kj4d,mkeqnxjk,None,3
o1yxvv6q,18vmo728,y654kj4d,wdmle9ek,None,2
o1yxvv6q,18vmo728,y654kj4d,wkpm75jk,None,2
o1yxvv6q,18vmo728,y654kj4d,vdomj562,None,2
o1yxvv6q,18vmo728,y654kj4d,7dg4qmgd,None,3
o1yxvv6q,zxzgmk9j,369p7el1,zd3wng8k,None,4
o1yxvv6q,zxzgmk9j,o1yxvv6q,n2yj37z2,None,36
o1yxvv6q,j2yk4n78,o1yxvv6q,xk9jn84d,None,150
o1yxvv6q,jn3r5e4x,29d30dlp,nxd1rk8q,None,12
o1yxvv6q,jn3r5e4x,k6qko96g,xk906lyk,None,2
o1yxvv6q,jn3r5e4x,n4d7r172,wkpjll0k,ewpp66yw,1
o1yxvv6q,jn3r5e4x,yo1yv1q5,wdm8v332,rdn5m0vd,1
o1yxvv6q,jn3r5e4x,29d30dlp,zd30m4yd,owokpm3d,1
o1yxvv6q,jn3r5e4x,yo1yv1q5,wdm8v332,n93qx0zw,3
o1yxvv6q,jn3r5e4x,o1yxvv6q,7kjzq1nd,None,2
o1yxvv6q,jn3r5e4x,29d30dlp,jzd3y2nq,None,8
o1yxvv6q,jn3r5e4x,o1yxvv6q,7kjzq1nd,None,2
o1yxvv6q,jn3r5e4x,m1zjx4z6,7dgxzw7k,None,2
o1yxvv6q,jn3r5e4x,m1zjx4z6,q253yzvk,None,2
o1yxvv6q,jn3r5e4x,m1zjx4z6,jdrezy5k,None,2
o1yxvv6q,jn3r5e4x,m1zjx4z6,zdnx6g92,None,2
o1yxvv6q,jn3r5e4x,m1zjx4z6,z27lnzzd,None,3
o1yxvv6q,jn3r5e4x,ldeo2l63,zdnrx3x2,None,2
o1yxvv6q,jn3r5e4x,o1yxvv6q,n2yj37z2,None,1
o1yxvv6q,jn3r5e4x,29d30dlp,z2771020,None,6
o1yxvv6q,jn3r5e4x,o1yxvv6q,7kjzq1nd,None,3
o1yxvv6q,jn3r5e4x,yo1yv1q5,xk9l5yk0,None,5
o1yxvv6q,jn3r5e4x,o1yxvv6q,7kjzq1nd,None,1
o1yxvv6q,jn3r5e4x,m1zjx4z6,wkp97l02,5d7pm8qd,2
o1yxvv6q,jn3r5e4x,k6qko96g,zd3ozgrd,None,2
o1yxvv6q,8qzlroq8,o1yxvv6q,xk9jn84d,None,25
o1yxvv6q,j4rg4ww8,o1yxvv6q,xk9jn84d,None,11
o1yxvv6q,jprkkm08,n4d7r172,wkpjll0k,xd10qqz9,1
o1yxvv6q,jprkkm08,n4d7r172,wkpjll0k,kwjyqq0w,1
o1yxvv6q,jprkkm08,n4d7r172,wkpjll0k,592j777w,1
o1yxvv6q,jprkkm08,n4d7r172,7wk6prd1,None,5
o1yxvv6q,jprkkm08,n4d7r172,z27g8520,None,1
o1yxvv6q,jprkkm08,n4d7r172,w20zmodn,None,3
o1yxvv6q,jprkkm08,n4d7r172,p7kjv4k3,None,6
o1yxvv6q,jprkkm08,n4d7r172,q254wgdo,None,3
o1yxvv6q,jprkkm08,n4d7r172,xn2yqmko,None,4
o1yxvv6q,jprkkm08,o1yxvv6q,7kjzq1nd,None,13
o1yxvv6q,jprkkm08,29d30dlp,nxd1rk8q,None,161
o1yxvv6q,jprkkm08,29d30dlp,z2771020,None,23
o1yxvv6q,e8e6132j,v1porvm6,wkp3m8v2,None,4
o1yxvv6q,e8e6132j,ldeyrj13,n2yqo3ek,None,148
o1yxvv6q,e8e6132j,9d3z401l,xd13xlzk,None,1
o1yxvv6q,e8e6132j,4d7ygrd7,02q8wnj2,None,1
o1yxvv6q,e8e6132j,4d7ygrd7,jdrxl9gd,None,1
o1yxvv6q,e8e6132j,4d7ygrd7,jdrxl9gd,None,1
o1yxvv6q,e8e6132j,4d7ygrd7,xk9j1m4d,None,4
o1yxvv6q,e8e6132j,4d7ygrd7,xk9j1m4d,None,4
o1yxvv6q,e8e6132j,o1yxvv6q,xk9jn84d,None,9
o1yxvv6q,e8e6132j,o1yxvv6q,xk9jn84d,None,127
o1yxvv6q,8en71968,o1yxvv6q,xk9jn84d,None,168
o1yxvv6q,68wz3v48,369po01l,wkpyjp0k,None,5
o1yxvv6q,68wz3v48,o1yxvv6q,xk9jn84d,None,107
o1yxvv6q,y8d0y0ox,o1yxvv6q,xk9jn84d,None,193
o1yxvv6q,y8d0y0ox,o1yxvv6q,xk9jn84d,None,34
o1yxvv6q,5j53kzqx,o1yxvv6q,xk98gj42,None,10
o1yxvv6q,5j53kzqx,o1yxvv6q,xk9jn84d,None,14
o1yxvv6q,5j53kzqx,o1yxvv6q,9d8jx46k,None,51
o1yxvv6q,5j5pp9g8,yo1yv1q5,7kjr19x2,None,3
o1yxvv6q,5j5pp9g8,yo1yv1q5,4xk906k0,None,15
o1yxvv6q,5j5pp9g8,o1yxvv6q,xk9jn84d,None,13
o1yxvv6q,5j5pp9g8,o1yxvv6q,xk9jn84d,None,2
o1yxvv6q,5j5pp9g8,yo1yv1q5,wdm8v332,o9x2853w,3
o1yxvv6q,5j5pp9g8,nd2ggq10,z27gj7g2,None,3
o1yxvv6q,5j5pp9g8,nd2ggq10,z27gj7g2,None,1
o1yxvv6q,5j5pp9g8,nd2ggq10,z27gj7g2,None,2
o1yxvv6q,5j5pp9g8,nd2ggq10,z27gj7g2,None,2
o1yxvv6q,5j5pp9g8,nd2ggq10,z27gj7g2,None,3
o1yxvv6q,5j5pp9g8,nd2ggq10,z27gj7g2,None,17
o1yxvv6q,5j5pp9g8,yo1yv1q5,wdm8v332,rw6v88p9,17
o1yxvv6q,v81k79qj,o1yxvv6q,xk9jn84d,None,199
o1yxvv6q,98r3y6w8,nj1nee1p,jdz8m6dv,None,14
o1yxvv6q,98r3y6w8,9dowkk1p,n2y8m7ko,None,1
o1yxvv6q,98r3y6w8,9dowkk1p,7kjrj323,None,2
o1yxvv6q,98r3y6w8,9dowkk1p,7kjrj323,None,1
o1yxvv6q,98r3y6w8,9dowkk1p,n2y8m7ko,None,1
o1yxvv6q,98r3y6w8,9dowkk1p,wk6z4o21,None,1
o1yxvv6q,98r3y6w8,nj1nee1p,gq254vdo,None,11
o1yxvv6q,98r3y6w8,9dowkk1p,5dwrx52g,None,2
o1yxvv6q,98r3y6w8,9dowkk1p,mke37jd6,None,2
o1yxvv6q,98r3y6w8,xlde3j63,4xk9l6k0,None,22
o1yxvv6q,98r3y6w8,o1yxvv6q,jdr17vg2,None,7
o1yxvv6q,xy579kz8,29d30dlp,nxd1rk8q,None,58
o1yxvv6q,xy579kz8,29d30dlp,l9kvjkgq,None,18
o1yxvv6q,xy579kz8,29d30dlp,jzd3y2nq,None,24
o1yxvv6q,xy579kz8,y655lg06,zd3j9pr2,None,1
o1yxvv6q,xy579kz8,y655lg06,xd1jy6wd,None,2
o1yxvv6q,xy579kz8,o1yxvv6q,7kjzq1nd,None,14
o1yxvv6q,xy579kz8,29d30dlp,zd30m4yd,ewp7oylw,20
o1yxvv6q,xy579kz8,y655lg06,wkpn8wwd,xd48vrqw,1
o1yxvv6q,pj03l5rj,o1yxvv6q,xk9jn84d,None,118
o1yxvv6q,0jmrk1n8,pdvyqvdw,7kjpqxgk,z986o7ld,3
o1yxvv6q,0jmrk1n8,yd432w1e,9kvp4z0k,None,6
o1yxvv6q,0jmrk1n8,o6glz75d,zdn4qgnk,None,1
o1yxvv6q,0jmrk1n8,pdvyqvdw,7kjpqxgk,gdre0xz9,3
o1yxvv6q,0jmrk1n8,pdvyqvdw,7kjpqxgk,ywe1v5rd,5
o1yxvv6q,0jmrk1n8,pdvyqvdw,7kjpqxgk,n937x4ed,5
o1yxvv6q,0jmrk1n8,pdvyqvdw,7kjpqxgk,nwllmorw,3
o1yxvv6q,0jmrk1n8,pdvyqvdw,7kjpqxgk,rdn0mzvw,3
o1yxvv6q,0jmrk1n8,pdvyqvdw,7kjpqxgk,ldyyrgzd,3
o1yxvv6q,0jmrk1n8,nd2jy510,9kvxr602,None,16
o1yxvv6q,0jmrk1n8,j1llqv41,zd36r0ed,None,1
o1yxvv6q,0jmrk1n8,lde308e6,q2530yyk,None,1
o1yxvv6q,0jmrk1n8,lde308e6,q2530yyk,None,1
o1yxvv6q,0jmrk1n8,yd432w1e,ndxjo6j2,None,1
o1yxvv6q,0jmrk1n8,pd0w2kw1,zd37gje2,None,3
o1yxvv6q,0jmrk1n8,9doww371,9d86y7w2,None,1
o1yxvv6q,0jmrk1n8,v1pog886,jdr7ryx2,None,4
o1yxvv6q,0jmrk1n8,j1negwy1,vdo3y66d,None,1
o1yxvv6q,0jmrk1n8,v1pop376,02qoy97k,None,2
o1yxvv6q,0jmrk1n8,pdvz05o6,wkpv9v0k,None,1
o1yxvv6q,0jmrk1n8,m1z7ex60,5dwjolgk,None,2
o1yxvv6q,0jmrk1n8,k6qw9n06,w20qgy5d,None,2
o1yxvv6q,0jmrk1n8,j1ll9ke1,9kvyymok,None,2
o1yxvv6q,0jmrk1n8,4d7n2367,n2yo01do,None,4
o1yxvv6q,0jmrk1n8,pd0w2kw1,xd17l3rd,None,1
o1yxvv6q,0jmrk1n8,lde3moe6,z27o6pzd,None,1
o1yxvv6q,0jmrk1n8,lde3moe6,zdn14m9k,None,1
o1yxvv6q,0jmrk1n8,lde3moe6,q257q0vd,None,1
o1yxvv6q,0jmrk1n8,lde3moe6,jdr7xg52,None,1
o1yxvv6q,0jmrk1n8,lde3moe6,jdzv8qgk,None,1
o1yxvv6q,0jmrk1n8,lde3moe6,zd37p082,None,2
o1yxvv6q,0jmrk1n8,v1pop376,z27olq4d,29v7e339,1
o1yxvv6q,0jmrk1n8,yd4oog1e,zd3y46r2,None,3
o1yxvv6q,0jmrk1n8,o1yxvv6q,9d8jx46k,None,39
o1yxvv6q,0jmrk1n8,4d7omg17,rklqj162,None,1
o1yxvv6q,0jmrk1n8,m1zjnjx6,vdo34g6d,None,73
o1yxvv6q,0jmrk1n8,kdkzzxld,7dgrxy7k,None,8
o1yxvv6q,0jmrk1n8,369p8x81,z27l91zd,None,6
o1yxvv6q,dx3ll47x,o1yxvv6q,xk9jn84d,None,8
o1yxvv6q,dx3ll47x,yo1yv1q5,xk9l5yk0,None,49
o1yxvv6q,dx3ll47x,l3dxqp1y,jdzv01vk,None,10
o1yxvv6q,dx3ll47x,76r4wl18,rklxxeqk,None,3
o1yxvv6q,dx3ll47x,yo1yv1q5,xk9g1w6d,None,39
o1yxvv6q,dx3ll47x,76r4wl18,mke45j26,None,5
o1yxvv6q,dx3ll47x,l3dxqp1y,4xk93xk0,None,20
o1yxvv6q,dx3ll47x,o1yxvv6q,xk9jn84d,None,111
o1yxvv6q,8qz5row8,o1yxvv6q,xk9jn84d,None,207
o1yxvv6q,1xyvq2wx,lde3eme6,ndx940vd,None,163
o1yxvv6q,1xyvq2wx,ok6q991g,9d8x7el2,None,72
o1yxvv6q,1xyvq2wx,nd22xvd0,w20pq58k,None,694
o1yxvv6q,1xyvq2wx,4pd0n31e,n2yq98ko,None,310
o1yxvv6q,1xyvq2wx,om1mw4d2,jzd33ndn,None,334
o1yxvv6q,1xyvq2wx,o1yxvv6q,9d8jx46k,None,36
o1yxvv6q,o8650d3x,n268nk6p,ndxj4qr2,5d7y85dy,2
o1yxvv6q,o8650d3x,yo1yv1q5,wdm8v332,ewp72pjw,5
o1yxvv6q,o8650d3x,lde3rpj6,wkp1v3wk,None,7
o1yxvv6q,o8650d3x,lde3rpj6,vdo831vk,None,10
o1yxvv6q,o8650d3x,o1yxvv6q,9d8jx46k,None,27
o1yxvv6q,o8650d3x,ok6q5o6g,9d8v67kn,None,28
o1yxvv6q,kjpp322j,o1yxvv6q,xk9jn84d,None,140
o1yxvv6q,kjpndk4x,y65420de,zd3079ed,None,7
o1yxvv6q,kjpndk4x,3dxkx0g1,zd35epnk,None,16
o1yxvv6q,kjpndk4x,y65420de,wk6pmoqd,n93jyzd0,28
o1yxvv6q,kjpndk4x,3dxkx0g1,zd35epnk,None,3
o1yxvv6q,kjpndk4x,k6q4ggmd,02q3lr9k,None,2
o1yxvv6q,kjpndk4x,o6glek9d,wk6w8ox2,None,2
o1yxvv6q,kjpndk4x,om1mx362,wkpn1jdr,None,45
o1yxvv6q,kjpndk4x,om1mx362,7kjvmgk3,None,74
o1yxvv6q,kjpndk4x,om1mx362,7kjvmgk3,None,36
o1yxvv6q,kjpndk4x,nd284rd0,n2yoomdo,None,3
o1yxvv6q,kjpndk4x,9d38lyg1,zdnyp3xk,None,3
o1yxvv6q,kjpndk4x,9d38lyg1,xk9x16gk,None,10
o1yxvv6q,kjpndk4x,yo1yyr1q,mkeoe9d6,None,133
o1yxvv6q,kjpndk4x,76r3jjv6,mkexwjxd,None,23
o1yxvv6q,kjpndk4x,lde3vxn6,7kj85w4d,None,9
o1yxvv6q,kjpndk4x,o6glek9d,xk9wv8y2,None,2
o1yxvv6q,kjpndk4x,v1px2p68,7dggwz7d,None,22
o1yxvv6q,kjpndk4x,nd284rd0,z27lw84d,None,5
o1yxvv6q,kjpndk4x,m1zk4310,rklx90rk,None,10
o1yxvv6q,kjpndk4x,4d7nrz67,w20p8e8k,None,7
o1yxvv6q,kjpndk4x,v1po0yp6,7dgxrp4k,None,3
o1yxvv6q,kjpndk4x,v1pxo4p6,wkp9nl82,None,43
o1yxvv6q,kjpndk4x,j1ne9vx1,zd3www8k,495rp3jd,2
o1yxvv6q,kjpndk4x,268er5k6,xk9e94g2,None,3
o1yxvv6q,kjpndk4x,268er5k6,z2749qo2,None,8
o1yxvv6q,kjpndk4x,46w8jn6r,zd3y3qe2,None,1
o1yxvv6q,kjpndk4x,v1po0yp6,7dgxrp4k,None,1
o1yxvv6q,kjpndk4x,j1ne9vx1,wk6ov4pk,None,7
o1yxvv6q,kjpndk4x,46w3qm91,wkp9jv82,None,6
o1yxvv6q,kjpndk4x,v1po0yp6,w208wozd,None,3
o1yxvv6q,kjpndk4x,v1po0yp6,wdm50go2,None,2
o1yxvv6q,kjpndk4x,y655w36e,jdrv4l02,None,4
o1yxvv6q,kjpndk4x,v1po0yp6,w208wozd,None,2
o1yxvv6q,kjpndk4x,v1po0yp6,vdozo7ok,None,3
o1yxvv6q,kjpndk4x,v1po0yp6,w20q0j5d,None,2
o1yxvv6q,kjpndk4x,v1px2p68,9kvpe0ok,None,16
o1yxvv6q,kjpndk4x,v1po0yp6,wk6n07r2,None,11
o1yxvv6q,kjpndk4x,nd284rd0,zd3v91v2,None,7
o1yxvv6q,kjpndk4x,4d7nrz67,9kvqv03d,None,9
o1yxvv6q,kjpndk4x,46w8jn6r,zd3y3qe2,None,4
o1yxvv6q,kjpndk4x,om1mx362,zd3qprkn,29vj5q9v,2
o1yxvv6q,kjpndk4x,yd4oj3k1,zdnnqv9d,None,8
o1yxvv6q,kjpndk4x,3dx2ory1,n2y94o1d,5wkq36qw,3
o1yxvv6q,kjpndk4x,3dx2ory1,n2y94o1d,rw6mzo79,3
o1yxvv6q,kjpndk4x,3dx2ory1,n2y94o1d,n93mr4ed,3
o1yxvv6q,kjpndk4x,3dx2ory1,n2y94o1d,z98mx7lw,2
o1yxvv6q,kjpndk4x,3dx2ory1,7dg61jlk,None,3
o1yxvv6q,kjpndk4x,4d7nrz67,xd1ezor2,None,4
o1yxvv6q,kjpndk4x,m1zk4310,wk6pxyed,None,2
o1yxvv6q,kjpndk4x,m1m99362,xk9j8r4d,None,11
o1yxvv6q,kjpndk4x,yd4oj3k1,xk9vwlxd,None,1
o1yxvv6q,kjpndk4x,m1mxo5p6,xd17pvzd,None,4
o1yxvv6q,kjpndk4x,nd284rd0,ndxjer52,None,9
o1yxvv6q,kjpndk4x,yd4oj3k1,xk9vwlxd,None,3
o1yxvv6q,kjpndk4x,y658ke6e,wkp3y5j2,None,5
o1yxvv6q,kjpndk4x,v1px2p68,9kvpe0ok,None,15
o1yxvv6q,kjpndk4x,k6qgv9dg,ndx8jvok,None,9
o1yxvv6q,kjpndk4x,y658ke6e,z277jy52,None,10
o1yxvv6q,kjpndk4x,v1po0yp6,5dw495nk,None,4
o1yxvv6q,kjpndk4x,v1po0yp6,5dw495nk,None,3
o1yxvv6q,kjpndk4x,om1mx362,zd3qprkn,r9grrjw2,14
o1yxvv6q,kjpndk4x,j1ne9vx1,zd3www8k,rdq3yp1w,2
o1yxvv6q,kjpndk4x,j1ne9vx1,zd3www8k,5d7epnvw,6
o1yxvv6q,kjpndk4x,k6qgv9dg,8241n5e2,None,4
o1yxvv6q,kjpndk4x,j1ne9vx1,xd1ggg7d,rdq3yp1w,3
o1yxvv6q,kjpndk4x,j1ne9vx1,xd1ggg7d,5d7epnvw,3
o1yxvv6q,kjpndk4x,m1zvk360,zdnwv59d,None,6
o1yxvv6q,kjpndk4x,k6qw506g,jdz53o6d,None,19
o1yxvv6q,kjpndk4x,ldenm5d3,ndxjxj52,None,27
o1yxvv6q,kjpndk4x,946wk96r,ndx8lvkq,None,3
o1yxvv6q,kjpndk4x,946wk96r,ndx8lvkq,None,13
o1yxvv6q,kjpndk4x,m1zk4310,z27rrzd0,None,7
o1yxvv6q,kjpndk4x,ldenm5d3,w20pxrok,None,36
o1yxvv6q,kjpndk4x,om1mx362,zd3qprkn,ywennlwl,29
o1yxvv6q,kjpndk4x,om1mx362,zd3qprkn,69zxxxd1,27
o1yxvv6q,kjpndk4x,o1yxvv6q,9d8jx46k,None,12
o1yxvv6q,kjpndk4x,om1mx362,9d8vge6k,None,34
o1yxvv6q,kjpndk4x,m1zjlkm6,7dg49w4d,None,45
o1yxvv6q,kjpndk4x,m1zjlkm6,7dg49w4d,None,51
o1yxvv6q,r5j5z6jv,nj1nee1p,ndx8jxjk,owo3413w,1
o1yxvv6q,r5j5z6jv,nj1nee1p,gq254vdo,None,1
o1yxvv6q,r5j5z6jv,nj1nee1p,ndx8jxjk,69z7yexw,1
o1yxvv6q,r5j5z6jv,nj1nee1p,ndx8jxjk,r9g6eqjw,1
o1yxvv6q,r5j5z6jv,nj1nee1p,ndx8jxjk,ywe0rxl9,1
o1yxvv6q,r5j5z6jv,nj1nee1p,jdz8m6dv,None,2
o1yxvv6q,r5j5z6jv,om1mx362,zd3qprkn,o9xkk3wl,14
o1yxvv6q,r5j5z6jv,m1m9qx62,9kvjm68k,ywe8m67w,1
o1yxvv6q,r5j5z6jv,nj1nee1p,824ppyw2,None,6
o1yxvv6q,r5j5z6jv,o1yxvv6q,jdr17vg2,None,1
o1yxvv6q,r5j5z6jv,nj1nee1p,wdmzvvx2,None,8
o1yxvv6q,r5j5z6jv,nj1nee1p,wk6jmoqd,None,3
o1yxvv6q,r5j5z6jv,xlde3j63,4xk9l6k0,None,29
o1yxvv6q,r5j5z6jv,n268e96p,7wkp02rm,None,35
o1yxvv6q,r5j5z6jv,ok6qvxdg,824x1rwd,None,4
o1yxvv6q,r5j5z6jv,om1mx362,n2yp8m2o,None,27
o1yxvv6q,r5j5z6jv,nj1nee1p,9zdnq9dq,None,3
o1yxvv6q,7j43o458,o1yxvv6q,xk9jn84d,None,6
o1yxvv6q,7j43o458,o1yxvv6q,xk9jn84d,None,116
o1yxvv6q,8dwdnpgj,ok6q4mdg,9d86gp72,z98rlepd,1
o1yxvv6q,8dwdnpgj,ok6q4mdg,9d86gp72,rdnogr7w,1
o1yxvv6q,8dwdnpgj,ok6q4mdg,9d86gp72,ldy10jrd,1
o1yxvv6q,8dwdnpgj,ok6q4mdg,9d86gp72,n93q38ew,1
o1yxvv6q,8dwdnpgj,ok6q4mdg,9d86gp72,ywe2pl7w,1
o1yxvv6q,8dwdnpgj,ok6q4mdg,9d86gp72,nwlge3e9,1
o1yxvv6q,8dwdnpgj,ok6q4mdg,9d86gp72,69zp0zgw,1
o1yxvv6q,8dwdnpgj,ok6q4mdg,9d86gp72,r9gy8xp9,1
o1yxvv6q,8dwdnpgj,ok6q4mdg,9d86gp72,o9x104pd,1
o1yxvv6q,8dwdnpgj,ok6q4mdg,9d86gp72,495kn439,1
o1yxvv6q,8dwdnpgj,ok6q4mdg,9d86gp72,rdqzql2d,1
o1yxvv6q,8dwdnpgj,ok6q4mdg,9d86gp72,5d7yrl6d,1
o1yxvv6q,8dwdnpgj,ok6q4mdg,9d86gp72,kwj7r37w,1
o1yxvv6q,8dwdnpgj,ok6q4mdg,9d86gp72,xd1j165d,1
o1yxvv6q,8dwdnpgj,ok6q4mdg,9d86gp72,ewp75ejw,1
o1yxvv6q,8dwdnpgj,ok6q4mdg,9d86gp72,owo7xlk9,1
o1yxvv6q,8dwdnpgj,ok6q4mdg,9d86gp72,n93q38zw,1
o1yxvv6q,8dwdnpgj,ok6q4mdg,9d86gp72,y9m5zyxd,1
o1yxvv6q,8dwdnpgj,ok6q4mdg,9d86gp72,5wkkl8pw,1
o1yxvv6q,8dwdnpgj,ok6q4mdg,9d86gp72,5920p33d,1
o1yxvv6q,8dwdnpgj,ok6q4mdg,9d86gp72,xd408nr9,1
o1yxvv6q,8dwdnpgj,ok6q4mdg,9d86gp72,29vmpjl9,1
o1yxvv6q,8dwdnpgj,ok6q4mdg,9d86gp72,xd0kol49,1
o1yxvv6q,8dwdnpgj,ok6q4mdg,9d86gp72,rw6qyrgd,1
o1yxvv6q,8dwdnpgj,k6qw8g96,9d8l0pw2,None,1
o1yxvv6q,8dwdnpgj,ok6q4mdg,9d86gp72,kwj7kpzw,1
o1yxvv6q,8dwdnpgj,ok6q4mdg,9d86gp72,495kq4j9,1
o1yxvv6q,8dwdnpgj,o1yxvv6q,wk61oord,None,1
o1yxvv6q,8dwdnpgj,o6glpp8d,wk68x8o2,None,1
o1yxvv6q,8dwdnpgj,o1y9pyk6,5dw410gk,rdqn141d,7
o1yxvv6q,8dwdnpgj,o6glpp8d,wk68x8o2,None,1
o1yxvv6q,8dwdnpgj,ok6q4mdg,9d86gp72,5920p53d,1
o1yxvv6q,8dwdnpgj,ok6q4mdg,9d86gp72,5wkklppw,1
o1yxvv6q,8dwdnpgj,ok6q4mdg,9d86gp72,r9gymxk9,1
o1yxvv6q,8dwdnpgj,ok6q4mdg,9d86gp72,5d7yr86d,1
o1yxvv6q,8dwdnpgj,ok6q4mdg,9d86gp72,owo7xyk9,1
o1yxvv6q,8dwdnpgj,ok6q4mdg,9d86gp72,xd1j1x5d,1
o1yxvv6q,8dwdnpgj,ok6q4mdg,9d86gp72,ewp75rjw,1
o1yxvv6q,8dwdnpgj,ok6q4mdg,9d86gp72,kwj7rp7w,1
o1yxvv6q,8dwdnpgj,ok6q4mdg,9d86gp72,29vmp2l9,1
o1yxvv6q,8dwdnpgj,ok6q4mdg,9d86gp72,y9m5z8xd,1
o1yxvv6q,8dwdnpgj,o6glpp8d,jdrl3xld,None,1
o1yxvv6q,8dwdnpgj,o1yxvv6q,xk98gj42,None,1
o1yxvv6q,8dwdnpgj,ok6q4mdg,9d86gp72,ewp72rzw,1
o1yxvv6q,8dwdnpgj,o1y9pyk6,mke9xe9d,kwjve4zw,1
o1yxvv6q,8dwdnpgj,o1y9pyk6,5dw410gk,kwjve4zw,2
o1yxvv6q,8dwdnpgj,o6glpp8d,jdrl3xld,None,1
o1yxvv6q,8dwdnpgj,o1y9pyk6,mke9xe9d,5d7e0vvw,3
o1yxvv6q,8dwdnpgj,pd0w7lv1,zd37v7y2,5wkpj65d,1
o1yxvv6q,8dwdnpgj,pd0w7lv1,zd37v7y2,xd0xgx0d,1
o1yxvv6q,8dwdnpgj,pd0w7lv1,zd37v7y2,rdqlj7mw,1
o1yxvv6q,8dwdnpgj,pd0w7lv1,zd37v7y2,xd1x72q9,1
o1yxvv6q,8dwdnpgj,pd0w7lv1,zd37v7y2,5925zqg9,1
o1yxvv6q,8dwdnpgj,pd0w7lv1,zd37v7y2,ewprjxld,1
o1yxvv6q,8dwdnpgj,pd0w7lv1,zd37v7y2,4954652w,1
o1yxvv6q,8dwdnpgj,pd0w7lv1,zd37v7y2,5d78v45w,1
o1yxvv6q,8dwdnpgj,pd0w7lv1,zd37v7y2,owoy06v9,1
o1yxvv6q,8dwdnpgj,pd0w7lv1,zd37v7y2,xd4xjx09,1
o1yxvv6q,8dwdnpgj,ok6q4mdg,9d86gp72,z98rlnpd,1
o1yxvv6q,8dwdnpgj,ok6q4mdg,9d86gp72,ldy102rd,1
o1yxvv6q,8dwdnpgj,ok6q4mdg,9d86gp72,rdnogn7w,1
o1yxvv6q,8dwdnpgj,ok6q4mdg,9d86gp72,gdrp72lw,1
o1yxvv6q,8dwdnpgj,o1y9pyk6,mke9xe9d,rdqn141d,5
o1yxvv6q,8dwdnpgj,ok6q4mdg,9d86gp72,n93q3yew,1
o1yxvv6q,8dwdnpgj,ok6q4mdg,9d86gp72,n93q3ozw,1
o1yxvv6q,8dwdnpgj,ok6q4mdg,9d86gp72,xd0kox49,1
o1yxvv6q,8dwdnpgj,ok6q4mdg,9d86gp72,xd408xr9,1
o1yxvv6q,8dwdnpgj,ok6q4mdg,9d86gp72,rw6qy3gd,1
o1yxvv6q,8dwdnpgj,ok6q4mdg,9d86gp72,nwlgmor9,1
o1yxvv6q,8dwdnpgj,ok6q4mdg,9d86gp72,69zpl2ow,1
o1yxvv6q,8dwdnpgj,ok6q4mdg,9d86gp72,ywe2v5rw,1
o1yxvv6q,8dwdnpgj,ok6q4mdg,9d86gp72,owo7myy9,1
o1yxvv6q,8dwdnpgj,m1zkqz10,zdn19xkq,None,1
o1yxvv6q,y8dzn5j6,o1yxvv6q,wk61oord,None,8
o1yxvv6q,8e9mpz2j,o1yxvv6q,xk9jn84d,None,28
o1yxvv6q,8e9mpz2j,yo1yv1q5,xk9g1w6d,None,23
o1yxvv6q,8e9mpz2j,yo1yv1q5,wdm8v332,29vn3xxd,2
o1yxvv6q,8e9mpz2j,yo1yv1q5,wdm8v332,5d7zx4qw,2
o1yxvv6q,8e9mpz2j,pdv220o6,rkl9mjqk,None,1
o1yxvv6q,8e9mpz2j,pdv220o6,wkp9ev02,rdqyg2m9,1
o1yxvv6q,8e9mpz2j,pdv220o6,wkp9ev02,o9x6k569,1
o1yxvv6q,8e9mpz2j,268yw9dp,9kv8ml0d,ldyx1379,3
o1yxvv6q,8e9mpz2j,y655lg06,xd1jy6wd,None,24
o1yxvv6q,8e9mpz2j,yo1yv1q5,vdo0nzod,None,21
o1yxvv6q,8e9mpz2j,m9dowk1p,p7kjr423,None,45
o1yxvv6q,8e9mpz2j,o1yxvv6q,7kjzq1nd,None,12
o1yxvv6q,8e9mpz2j,o1yxvv6q,n2yj37z2,None,11
o1yxvv6q,8e9mpz2j,o1yxvv6q,824gzem2,None,3
o1yxvv6q,8e9mpz2j,o1yxvv6q,xk9jn84d,None,10
o1yxvv6q,8e9mpz2j,yo1yv1q5,wdm8v332,rdq026mw,1
o1yxvv6q,8e9mpz2j,yo1yv1q5,wdm8v332,owok17vd,6
o1yxvv6q,8e9mpz2j,om1mx362,zd3qprkn,o9x1ye6d,4
o1yxvv6q,8e9mpz2j,o1yxvv6q,xk98gj42,None,6
o1yxvv6q,8e9mpz2j,o1yxvv6q,jdr17vg2,None,6
o1yxvv6q,8e9mpz2j,yo1yv1q5,wdm8v332,z98jv27w,5
o1yxvv6q,8e9mpz2j,yo1yv1q5,wdm8v332,xd10kez9,16
o1yxvv6q,8e9mpz2j,o1y9pyk6,mke9xe9d,5d7e0vvw,35
o1yxvv6q,8e9mpz2j,o1yxvv6q,xk9jn84d,None,3
o1yxvv6q,pj05d6r8,om1mx362,wkpn1jdr,None,13
o1yxvv6q,pj05d6r8,om1mx362,7kjvmgk3,None,10
o1yxvv6q,pj05d6r8,om1mx362,7kjvmgk3,None,6
o1yxvv6q,pj05d6r8,om1mx362,7kjvmgk3,None,7
o1yxvv6q,pj05d6r8,om1mx362,7kjvmgk3,None,12
o1yxvv6q,pj05d6r8,om1mx362,7kjvmgk3,None,10
o1yxvv6q,pj05d6r8,om1mx362,7kjvmgk3,None,7
o1yxvv6q,pj05d6r8,om1mx362,7kjvmgk3,None,9
o1yxvv6q,pj05d6r8,om1mx362,7kjvmgk3,None,8
o1yxvv6q,pj05d6r8,om1mx362,wkpn1jdr,None,7
o1yxvv6q,pj05d6r8,w6j7y76j,n2y7q72o,None,13
o1yxvv6q,pj05d6r8,pdvzq5r6,w20339j2,None,6
o1yxvv6q,pj05d6r8,v1pokj46,n2ygyee2,None,25
o1yxvv6q,pj05d6r8,v1po2p68,wkpv6jkr,None,7
o1yxvv6q,pj05d6r8,pdvzq5r6,w20339j2,None,8
o1yxvv6q,pj05d6r8,w6j7y76j,w20yo98k,None,4
o1yxvv6q,pj05d6r8,pdvzq5r6,wdm6l6ok,None,11
o1yxvv6q,pj05d6r8,o1yxvv6q,xk9jn84d,None,70
o1yxvv6q,pj05d6r8,yo1yv1q5,xk9g1w6d,None,68
o1yxvv6q,pj05d6r8,o1yxvv6q,n2yj37z2,None,10
o1yxvv6q,pj05d6r8,o1yxvv6q,n2yj37z2,None,7
o1yxvv6q,pj05d6r8,o1yxvv6q,n2yj37z2,None,8
o1yxvv6q,pj05d6r8,n4d7r172,7wk6prd1,None,71
o1yxvv6q,jpr7p528,o1yxvv6q,02q8l3j2,None,3
o1yxvv6q,xzl2g548,29d30dlp,jzd3y2nq,None,80
o1yxvv6q,xzl2g548,n4d7r172,xn2yqmko,None,40
o1yxvv6q,xzl2g548,yo1yv1q5,vdo0nzod,None,30
o1yxvv6q,xzl2g548,m1zyp360,zd3v0e2n,None,6
o1yxvv6q,xzl2g548,o1yxvv6q,xk9jn84d,None,174
o1yxvv6q,xzl2g548,y655lg06,zd3j9pr2,None,3
o1yxvv6q,xzl2g548,o1yj0pr1,7kjgmrzk,None,5
o1yxvv6q,xzl2g548,w6j7exe6,n2yv0q72,None,2
o1yxvv6q,e8edl22x,o1yxvv6q,xk9jn84d,None,121
o1yxvv6q,kv8163xp,3dx2lp1y,jdrq4rnk,None,2
o1yxvv6q,kv8163xp,ldegej13,zdnwj0xd,None,2
o1yxvv6q,kv8163xp,9j1lk46g,wk6p4pd1,None,12
o1yxvv6q,kv8163xp,lde0gx63,n2yq1x1k,None,6
o1yxvv6q,kv8163xp,l3dx746y,7dg81l24,None,4
o1yxvv6q,kv8163xp,o1yxvv6q,n2yj37z2,None,7
o1yxvv6q,kv8163xp,n4d7r172,p7kjv4k3,None,32
o1yxvv6q,kv8163xp,ok6q4mdg,rkl3p4nk,None,8
o1yxvv6q,kv8163xp,n4d7r172,7wk6prd1,None,107
o1yxvv6q,kv8163xp,29d30dlp,nxd1rk8q,None,362
o1yxvv6q,kv8163xp,ok6qvxdg,rklgz8dn,None,26
o1yxvv6q,kv8163xp,kdkm421m,rkll5rkn,gdrj3m8w,6
o1yxvv6q,kv8163xp,kdkm421m,rkll5rkn,o9x2e86w,4
o1yxvv6q,kv8163xp,kdkm421m,rkll5rkn,nwl6jqpw,6
o1yxvv6q,1xyrywzj,o1yj0pr1,z27w87ok,None,4
o1yxvv6q,1xyrywzj,o1yxvv6q,n2yj37z2,None,44
o1yxvv6q,1xyrywzj,n4d7r172,7wk6prd1,None,226
o1yxvv6q,1xyrywzj,yo1yv1q5,9kvx6x02,None,6
o1yxvv6q,1xyrywzj,26843kdp,xd170e4d,None,103
o1yxvv6q,1xyrywzj,j1n3mwdp,wk6plmqd,None,34
o1yxvv6q,1xyrywzj,k6qx5x1g,wk610erd,None,7
o1yxvv6q,1xyrywzj,o1yxvv6q,xk9jn84d,None,183
o1yxvv6q,1xyrywzj,yo1yv1q5,xk9g1w6d,None,95
o1yxvv6q,1xyrywzj,yo1yv1q5,xk9l5yk0,None,73
o1yxvv6q,dx33e3ex,369p98g1,jdreyv0k,None,2
o1yxvv6q,dx33e3ex,w6jnv51j,9kvpqo0k,None,3
o1yxvv6q,dx33e3ex,369p98g1,9d8x5vq2,5923mrgd,3
o1yxvv6q,dx33e3ex,k6qrq91g,9d819qkn,None,27
o1yxvv6q,dx33e3ex,o1yxvv6q,7kjzq1nd,None,4
o1yxvv6q,dx33e3ex,w6jnv51j,9kvpqo0k,None,1
o1yxvv6q,dx33e3ex,w6jnv51j,7dg5ypp2,None,3
o1yxvv6q,dx33e3ex,369p98g1,ndx7n712,None,6
o1yxvv6q,dx33e3ex,o1yxvv6q,xk9jn84d,None,2
o1yxvv6q,dx33e3ex,369p98g1,9d8x5vq2,5d7lpq59,2
o1yxvv6q,dx33e3ex,o1yxvv6q,n2yj37z2,None,21
o1yxvv6q,dx33e3ex,w6jnv51j,9kvpqo0k,None,4
o1yxvv6q,dx33e3ex,o1yxvv6q,xk9jn84d,None,51
o1yxvv6q,dx33e3ex,w6jnv51j,7dg5ypp2,None,4
o1yxvv6q,r5j5rnxv,29d30dlp,nxd1rk8q,None,270
o1yxvv6q,r5j5rnxv,w6jp3e6j,9d8j5w6k,None,114
o1yxvv6q,r5j5rnxv,o1yxvv6q,7kjzq1nd,None,1
o1yxvv6q,r5j5rnxv,29d30dlp,zd30m4yd,ywe4e04d,8
o1yxvv6q,r5j5rnxv,n4d7r172,wkpjll0k,495j1emw,3
o1yxvv6q,r5j5rnxv,ok6q4mdg,ndx1elr2,None,2
o1yxvv6q,r5j5rnxv,qw6j21jm,9zdnw9dq,None,9
o1yxvv6q,r5j5rnxv,ok6q4mdg,gq25ovko,None,9
o1yxvv6q,r5j5rnxv,29d30dlp,zd30m4yd,5920rlgd,23
o1yxvv6q,r5j5rnxv,m9dowk1p,824x063d,rdqz182d,6
o1yxvv6q,r5j5rnxv,9j1lk46g,wk6p4pd1,None,64
o1yxvv6q,r5j5rnxv,yo1yv1q5,4xk906k0,None,133
o1yxvv6q,r5j5rnxv,9d3r70ed,02qlqnyk,None,23
o1yxvv6q,r5j5rnxv,kdke0qdm,5dwr8l2g,None,15
o1yxvv6q,r5j5rnxv,ok6qvxdg,rklgz8dn,None,23
o1yxvv6q,r5j5rnxv,n4d7r172,7wk6prd1,None,221
o1yxvv6q,r5j5rnxv,29d30dlp,l9kvjkgq,None,46
o1yxvv6q,r5j5rnxv,ok6q4mdg,ndx1elr2,None,10
o1yxvv6q,r5j5rnxv,o1yxvv6q,n2yj37z2,None,8
o1yxvv6q,r5j5rnxv,o1yxvv6q,7kjzq1nd,None,4
o1yxvv6q,r5j5rnxv,o1yxvv6q,n2yj37z2,None,12
o1yxvv6q,r5j5rnxv,29d30dlp,z2771020,None,57
o1yxvv6q,r5j5rnxv,29d30dlp,9zdne7dq,None,30
o1yxvv6q,r5j5rnxv,n4d7r172,q254wgdo,None,47
o1yxvv6q,ge8ekp80,9j1lk46g,wk6p4pd1,None,28
o1yxvv6q,ge8ekp80,nj1nxxdp,02qgepdy,None,23
o1yxvv6q,ge8ekp80,nj1nxxdp,02qgepdy,None,15
o1yxvv6q,ge8ekp80,nj1nxxdp,jdz3rv2v,None,62
o1yxvv6q,ge8ekp80,nj1nxxdp,jdz3rv2v,None,51
o1yxvv6q,ge8ekp80,o1yxvv6q,n2yj37z2,None,10
o1yxvv6q,ge8ekp80,n4d7r172,7wk6prd1,None,107
o1yxvv6q,ge8ekp80,qw6j841j,7kjv9xk3,None,14
o1yxvv6q,v8lwwo2x,ldemjl13,ndx8xljk,None,21
o1yxvv6q,v8lwwo2x,o6glzr5d,9d8gzq3k,None,1
o1yxvv6q,v8lwwo2x,o6glzr5d,rkljo6nd,None,1
o1yxvv6q,v8lwwo2x,o6glzr5d,w20wzlvd,None,1
o1yxvv6q,v8lwwo2x,o6glzr5d,zd36yeed,None,1
o1yxvv6q,v8lwwo2x,o6glzr5d,vdoo4j1d,None,1
o1yxvv6q,v8lwwo2x,o6glzr5d,wdmwqex2,None,1
o1yxvv6q,v8lwwo2x,o6glzr5d,n2y51wmk,69z36lld,1
o1yxvv6q,v8lwwo2x,o6glzr5d,n2y51wmk,rw64g0r9,1
o1yxvv6q,v8lwwo2x,om1mx362,7kjvmgk3,None,17
o1yxvv6q,v8lwwo2x,om1mx362,wkpn1jdr,None,16
o1yxvv6q,v8lwwo2x,om1mx362,7kjvmgk3,None,7
o1yxvv6q,v8lwwo2x,om1mx362,9d8vge6k,None,4
o1yxvv6q,v8lwwo2x,om1mx362,wkpn1jdr,None,9
o1yxvv6q,v8lwwo2x,om1mx362,zd3qprkn,29vjjq9v,1
o1yxvv6q,v8lwwo2x,om1mx362,zd3qprkn,n938y2w0,3
o1yxvv6q,v8lwwo2x,om1mx362,7kjvmgk3,None,20
o1yxvv6q,v8lwwo2x,om1mx362,vdoplzy2,29vjjq9v,1
o1yxvv6q,v8lwwo2x,o1yxvv6q,9d8jx46k,None,3
o1yxvv6q,v8lwwo2x,om1mx362,7kjvmgk3,None,11
o1yxvv6q,v8lwwo2x,om1mx362,wkpn1jdr,None,5
o1yxvv6q,v8lwwo2x,om1mx362,zd3qprkn,z98x7gdl,1
o1yxvv6q,v8lwwo2x,om1mx362,xd1mrrrd,z98x7gdl,1
o1yxvv6q,v8lwwo2x,om1mx362,zd3qprkn,rdqe6mdx,1
o1yxvv6q,v8lwwo2x,om1mx362,xd1mrrrd,rdqe6mdx,1
o1yxvv6q,v8lwwo2x,om1mx362,zd3qprkn,rdnyzq9m,1
o1yxvv6q,v8lwwo2x,om1mx362,xd1mrrrd,rdnyzq9m,1
o1yxvv6q,v8lwwo2x,om1mx362,zd3qprkn,ldyogk93,1
o1yxvv6q,v8lwwo2x,om1mx362,xd1mrrrd,ldyogk93,1
o1yxvv6q,v8lwwo2x,om1mx362,7kjvmgk3,None,4
o1yxvv6q,v8lwwo2x,o1yxvv6q,9d8jx46k,None,2
o1yxvv6q,v8lwwo2x,om1mx362,q25g0wwd,None,1
o1yxvv6q,v8lwwo2x,om1mx362,xd1mrrrd,ywennlwl,2
o1yxvv6q,v8lwwo2x,om1mx362,zd3qprkn,ywennlwl,2
o1yxvv6q,v8lwwo2x,om1mx362,vdoplzy2,ywennlwl,1
o1yxvv6q,v8lwwo2x,om1mx362,wkpgx9gk,ywennlwl,1
o1yxvv6q,v8lwwo2x,om1mx362,wk6jj7qd,None,1
o1yxvv6q,v8lwwo2x,om1mx362,zd3qprkn,rw6q76nd,2
o1yxvv6q,v8lwwo2x,om1mx362,xd1mrrrd,r9gymgq9,2
o1yxvv6q,v8lwwo2x,om1mx362,zd3qprkn,r9gymgq9,2
o1yxvv6q,v8lwwo2x,om1mx362,xd1mrrrd,rdqnrz1d,2
o1yxvv6q,v8lwwo2x,om1mx362,xd1mrrrd,495mgkjw,1
o1yxvv6q,v8lwwo2x,om1mx362,zd3qprkn,495mgkjw,2
o1yxvv6q,v8lwwo2x,om1mx362,7kjvmgk3,None,6
o1yxvv6q,v8lwwo2x,om1mx362,zdn0mp72,None,1
o1yxvv6q,v8lwwo2x,om1mx362,xd1mrrrd,kwj7kmrw,1
o1yxvv6q,v8lwwo2x,om1mx362,zd3qprkn,kwj7kmrw,1
o1yxvv6q,v8lwwo2x,om1mx362,zd3qprkn,owolljw6,1
o1yxvv6q,v8lwwo2x,om1mx362,xd1mrrrd,owolljw6,1
o1yxvv6q,v8lwwo2x,om1mx362,zd3qprkn,29vmx3l9,2
o1yxvv6q,v8lwwo2x,om1mx362,xd1mrrrd,29vmx3l9,2
o1yxvv6q,v8lwwo2x,om1mx362,xd1mrrrd,kwj330dg,1
o1yxvv6q,v8lwwo2x,om1mx362,zd3qprkn,o9x1ye6d,1
o1yxvv6q,v8lwwo2x,om1mx362,zd3qprkn,gdrp0v8w,1
o1yxvv6q,v8lwwo2x,om1mx362,xd1mrrrd,gdrp0v8w,1
o1yxvv6q,v8lwwo2x,om1mx362,zd3qprkn,69zxqxd1,4
o1yxvv6q,v8lwwo2x,om1mx362,zd3qprkn,n93qxj7w,1
o1yxvv6q,v8lwwo2x,om1mx362,zd3qprkn,ldy1rvjd,1
o1yxvv6q,v8lwwo2x,om1mx362,xd1mrrrd,n93qxj7w,1
o1yxvv6q,v8lwwo2x,om1mx362,zd3qprkn,5wk81vw4,1
o1yxvv6q,v8lwwo2x,om1mx362,xd1mrrrd,z98ro0rd,1
o1yxvv6q,v8lwwo2x,om1mx362,xd1mrrrd,5wk81vw4,1
o1yxvv6q,v8lwwo2x,om1mx362,zd3qprkn,y9m5mvld,1
o1yxvv6q,v8lwwo2x,om1mx362,xd1mrrrd,y9m5mvld,1
o1yxvv6q,v8lwwo2x,om1mx362,zd3qprkn,z98ro0rd,3
o1yxvv6q,v8lwwo2x,om1mx362,vdoplzy2,69zxqxd1,1
o1yxvv6q,v8lwwo2x,om1mx362,wkpgx9gk,kwj330dg,1
o1yxvv6q,v8lwwo2x,om1mx362,zd3qprkn,gdrp038w,1
o1yxvv6q,v8lwwo2x,om1mx362,zd3qprkn,5wkkojpw,2
o1yxvv6q,v8lwwo2x,om1mx362,xd1mrrrd,5wkkojpw,2
o1yxvv6q,v8lwwo2x,om1mx362,zd3qprkn,ywenjlwl,1
o1yxvv6q,v8lwwo2x,om1mx362,xd1mrrrd,ywenjlwl,1
o1yxvv6q,v8lwwo2x,om1mx362,xd1mrrrd,69zxxxd1,1
o1yxvv6q,v8lwwo2x,om1mx362,wkpgx9gk,69zxxxd1,1
o1yxvv6q,v8lwwo2x,om1mx362,xd1mrrrd,xd1jzqqd,1
o1yxvv6q,v8lwwo2x,om1mx362,zd3qprkn,xd1jzqqd,1
o1yxvv6q,v8lwwo2x,om1mx362,zd3qprkn,ewp726lw,1
o1yxvv6q,v8lwwo2x,om1mx362,xd1mrrrd,ewp726lw,1
o1yxvv6q,v8lwwo2x,om1mx362,xd1mrrrd,owo7mpv9,1
o1yxvv6q,v8lwwo2x,om1mx362,zd3qprkn,owo7mpv9,1
o1yxvv6q,v8lwwo2x,om1mx362,xd1mrrrd,5d7yjm5d,1
o1yxvv6q,v8lwwo2x,om1mx362,zd3qprkn,5d7yjm5d,1
o1yxvv6q,v8lwwo2x,om1mx362,zd3qprkn,kwj7kqrw,1
o1yxvv6q,v8lwwo2x,om1mx362,xd1mrrrd,kwj7kqrw,1
o1yxvv6q,v8lwwo2x,om1mx362,zd3qprkn,owolqjw6,1
o1yxvv6q,v8lwwo2x,om1mx362,xd1mrrrd,owolqjw6,1
o1yxvv6q,v8lwwo2x,om1mx362,rklzx7n2,None,7
o1yxvv6q,v8lwwo2x,om1mx362,xd1mrrrd,xd0ke509,2
o1yxvv6q,v8lwwo2x,om1mx362,zd3qprkn,xd0ke509,2
o1yxvv6q,v8lwwo2x,om1mx362,xd1mrrrd,rdnomv5w,2
o1yxvv6q,v8lwwo2x,om1mx362,zd3qprkn,rdnomv5w,2
o1yxvv6q,v8lwwo2x,om1mx362,zd3qprkn,kwj330dg,3
o1yxvv6q,v8lwwo2x,om1mx362,vdoplzy2,kwj330dg,1
o1yxvv6q,v8lwwo2x,om1mx362,zd3qprkn,r9grrjw2,2
o1yxvv6q,v8lwwo2x,om1mx362,vdoplzy2,r9grrjw2,1
o1yxvv6q,v8lwwo2x,om1mx362,zd3qprkn,o9xkk3wl,3
o1yxvv6q,v8lwwo2x,om1mx362,zd3qprkn,rdqnrz1d,1
o1yxvv6q,v8lwwo2x,om1mx362,zd3qprkn,o9xxq119,1
o1yxvv6q,v8lwwo2x,om1mx362,xd1mrrrd,o9xxq119,1
o1yxvv6q,v8lwwo2x,om1mx362,xd1mrrrd,r9grjjw2,6
o1yxvv6q,v8lwwo2x,om1mx362,xd1mrrrd,69zxqxd1,3
o1yxvv6q,v8lwwo2x,om1mx362,wkpgx9gk,r9grjjw2,2
o1yxvv6q,v8lwwo2x,om1mx362,wkpgx9gk,69zxqxd1,1
o1yxvv6q,v8lwwo2x,om1mx362,xd1mrrrd,5920lz3d,3
o1yxvv6q,v8lwwo2x,om1mx362,zd3qprkn,5wkk562w,1
o1yxvv6q,v8lwwo2x,om1mx362,zd3qprkn,5920lz3d,4
o1yxvv6q,v8lwwo2x,om1mx362,vdoplzy2,29vmx3l9,1
o1yxvv6q,v8lwwo2x,om1mx362,wkpgx9gk,29vmx3l9,1
o1yxvv6q,v8lwwo2x,9dowkk1p,7dgl7gk4,None,1
o1yxvv6q,v8lwwo2x,9dowkk1p,7dgl7gk4,None,1
o1yxvv6q,v8lwwo2x,om1mx362,zd3qprkn,69zxxxd1,4
o1yxvv6q,v8lwwo2x,om1mx362,vdoplzy2,69zxxxd1,1
o1yxvv6q,v8lwwo2x,j1nqoy1p,xd1memrd,29vmge39,1
o1yxvv6q,v8lwwo2x,om1mx362,zd3qprkn,rdqggo9x,5
o1yxvv6q,v8lwwo2x,om1mx362,xd1mrrrd,rdqggo9x,2
o1yxvv6q,v8lwwo2x,om1mx362,vdoplzy2,rdqggo9x,3
o1yxvv6q,v8lwwo2x,om1mx362,wkpgx9gk,rdqggo9x,1
o1yxvv6q,v8lwwo2x,om1mx362,zd3qprkn,r9grjjw2,6
o1yxvv6q,v8lwwo2x,om1mx362,vdoplzy2,r9grjjw2,1
o1yxvv6q,v8lwwo2x,om1mx362,zd3qprkn,xd168z9o,2
o1yxvv6q,v8lwwo2x,om1mx362,zd3qprkn,5d7llq9y,5
o1yxvv6q,v8lwwo2x,om1mx362,vdoplzy2,5d7llq9y,1
o1yxvv6q,v8lwwo2x,om1mx362,zd3qprkn,ldyj8pd3,7
o1yxvv6q,v8lwwo2x,om1mx362,zd3qprkn,ywenmlwl,6
o1yxvv6q,7j4g4edj,m1mnvkxd,02q7n09d,None,1
o1yxvv6q,7j4g4edj,m1mnvkxd,5dw94v52,None,1
o1yxvv6q,7j4g4edj,pd0q9vv1,q255gq82,None,2
o1yxvv6q,7j4g4edj,yd4kpow6,02q77yzd,None,1
o1yxvv6q,7j4g4edj,46w2y4n6,vdo5wp1k,None,2
o1yxvv6q,7j4g4edj,4pdver6w,jdrpq026,None,64
o1yxvv6q,7j4g4edj,46w2y4n6,wkp56g0d,None,1
o1yxvv6q,7j4g4edj,46w2y4n6,vdo5wp1k,None,1
o1yxvv6q,7j4g4edj,46w2y4n6,xd1j9n4d,None,1
o1yxvv6q,7j4g4edj,yd4kq0x6,n2yr8q7d,None,1
o1yxvv6q,7j4g4edj,9d3l7ydl,wdmq7152,None,4
o1yxvv6q,7j4g4edj,xlde55d3,zd394edn,None,13
o1yxvv6q,7j4g4edj,o1y0946q,9d8w07dn,None,2
o1yxvv6q,7j4g4edj,o1y9ew46,ndx5515k,None,3
o1yxvv6q,7j4g4edj,o1yxvv6q,xk9jn84d,None,205
o1yxvv6q,7j4g4edj,o1y0946q,mke4ly62,None,1
o1yxvv6q,7j4g4edj,j1ljzzdg,wdmz34o2,None,6
o1yxvv6q,7j4g4edj,369p3r01,mke9w59d,None,3
o1yxvv6q,7j4g4edj,46w3vzq1,zdnxzvx2,None,107
o1yxvv6q,7j4g4edj,o1y0946q,zdn8r7nd,None,1
o1yxvv6q,7j4g4edj,nd2gor10,rkljwn6d,None,6
o1yxvv6q,7j4g4edj,9do5ym1p,7dggqz7d,None,9
o1yxvv6q,7j4g4edj,4d79o2g1,wkp1my0k,None,37
o1yxvv6q,7j4g4edj,9domw36p,5dwy7m5k,None,8
o1yxvv6q,7j4g4edj,m1zej310,vdo4zmo2,69zrq66d,2
o1yxvv6q,7j4g4edj,m1zej310,w20pxxvk,None,3
o1yxvv6q,7j4g4edj,m1zej310,vdo4zmo2,r9gzjnqd,1
o1yxvv6q,7j4g4edj,m1zej310,vdo4zmo2,gdrj8o8w,2
o1yxvv6q,xk46lm2j,v1pyjp18,wk6em6e2,None,9
o1yxvv6q,xk46lm2j,om1mx362,7kjvmgk3,None,620
o1yxvv6q,xk46lm2j,9d35xw1l,7dggqegd,None,100
o1yxvv6q,xk46lm2j,v1pyjp18,xd14x0zd,None,3
o1yxvv6q,xk46lm2j,v1pyjp18,xd14x0zd,None,12
o1yxvv6q,xk46lm2j,o1yxvv6q,9d8jx46k,None,21
o1yxvv6q,xk46lm2j,v1pyjp18,xd14x0zd,None,3
o1yxvv6q,xk46lm2j,v1pyjp18,wk6em6e2,None,20
o1yxvv6q,xk46lm2j,o1yxvv6q,9d8jx46k,None,39
o1yxvv6q,xk46lm2j,om1mx362,zd3qprkn,ywennlwl,166
o1yxvv6q,xk46lm2j,v1pyjp18,n2y94xed,None,13
o1yxvv6q,xk46lm2j,v1pyjp18,wk6em6e2,None,47
o1yxvv6q,xk46lm2j,j1nqoy1p,xd1memrd,xd0qz7x9,3
o1yxvv6q,xk46lm2j,j1nqoy1p,xd1memrd,y9mxljxw,3
o1yxvv6q,8d39r4mx,j1neozx1,wkp05xj2,None,27
o1yxvv6q,8d39r4mx,o1yxvv6q,9d8jx46k,None,34
o1yxvv6q,8d39r4mx,om1mx362,zd3qprkn,r9grjjw2,47
o1yxvv6q,8d39r4mx,j1nqoy1p,zd30e6vd,gdrprm6w,13
o1yxvv6q,7j4qo5x1,jy65j3de,7dg8og24,None,21
o1yxvv6q,7j4qo5x1,o1yxvv6q,xk9jn84d,None,103
o1yxvv6q,qj242768,om1mx362,zd3qprkn,ywennlwl,1
o1yxvv6q,qj242768,om1mx362,xd1mrrrd,ywennlwl,1
o1yxvv6q,qj242768,om1mx362,zd3qprkn,rdqggo9x,1
o1yxvv6q,qj242768,om1mx362,zd3qprkn,ywe2veqw,2
o1yxvv6q,qj242768,om1mx362,zd3qprkn,nwl61jpw,2
o1yxvv6q,qj242768,om1mx362,zd3qprkn,o9xkz3wl,1
o1yxvv6q,qj242768,om1mx362,rklzx7n2,None,2
o1yxvv6q,qj242768,om1mx362,zd3qprkn,29vmx3l9,1
o1yxvv6q,qj242768,om1mx362,xd1mrrrd,29vmx3l9,1
o1yxvv6q,qj242768,om1mx362,zd3qprkn,5wkkojpw,1
o1yxvv6q,qj242768,om1mx362,xd1mrrrd,5wkkojpw,1
o1yxvv6q,qj242768,om1mx362,zd3qprkn,5920lz3d,1
o1yxvv6q,qj242768,om1mx362,xd1mrrrd,5920lz3d,1
o1yxvv6q,qj242768,om1mx362,vdoplzy2,xd1jzoqd,1
o1yxvv6q,qj242768,om1mx362,wkpgx9gk,xd1jzoqd,1
o1yxvv6q,qj242768,om1mx362,zd3qprkn,xd1jzoqd,1
o1yxvv6q,qj242768,om1mx362,xd1mrrrd,xd1jzoqd,1
o1yxvv6q,qj242768,om1mx362,xd1mrrrd,29vm8q19,1
o1yxvv6q,qj242768,om1mx362,zd3qprkn,29vm8q19,1
o1yxvv6q,qj242768,om1mx362,zd3qprkn,r9grjjw2,1
o1yxvv6q,qj242768,om1mx362,zd3qprkn,69zxqxd1,1
o1yxvv6q,qj242768,om1mx362,zd3qprkn,z98ro0rd,1
o1yxvv6q,qj242768,om1mx362,zd3qprkn,ldyj8pd3,2
o1yxvv6q,qj242768,om1mx362,zd3qprkn,xd0llmdq,1
o1yxvv6q,qj242768,om1mx362,zd3qprkn,rw6z347d,1
o1yxvv6q,qj242768,om1mx362,wkpgx9gk,n93ro7e9,1
o1yxvv6q,qj242768,om1mx362,zd3qprkn,n93ro7e9,1
o1yxvv6q,qj242768,om1mx362,xd1mrrrd,n93ro7e9,1
o1yxvv6q,qj242768,om1mx362,vdoplzy2,n93ro7e9,1
o1yxvv6q,qj242768,om1mx362,n2yrzm8d,None,1
o1yxvv6q,qj242768,om1mx362,xk9436d0,None,1
o1yxvv6q,qj242768,om1mx362,wkpn1jdr,None,2
o1yxvv6q,qj242768,om1mx362,zd3qprkn,r9gpkq92,2
o1yxvv6q,qj242768,om1mx362,xd1mrrrd,r9gpkq92,2
o1yxvv6q,qj242768,om1mx362,7kjvmgk3,None,2
o1yxvv6q,qj242768,om1mx362,wkpn1jdr,None,2
o1yxvv6q,qj242768,om1mx362,wkpn1jdr,None,10
o1yxvv6q,qj242768,om1mx362,xd1mrrrd,r9gr1jw2,1
o1yxvv6q,qj242768,o1yxvv6q,9d8jx46k,None,65
o1yxvv6q,qj242768,om1mx362,ndx0jord,None,1
o1yxvv6q,qj242768,om1mx362,7kjvmgk3,None,9
o1yxvv6q,qj242768,om1mx362,7kjvmgk3,None,8
o1yxvv6q,qj242768,om1mx362,zd3qprkn,r9gr1jw2,1
o1yxvv6q,qj242768,om1mx362,zd3qprkn,kwj310dg,1
o1yxvv6q,qj242768,om1mx362,zd3qprkn,29vmopx9,2
o1yxvv6q,qj242768,om1mx362,xd1mrrrd,rdqg5o9x,1
o1yxvv6q,qj242768,om1mx362,zd3qprkn,rdqg5o9x,2
o1yxvv6q,qj242768,om1mx362,zd3qprkn,y9myrz95,2
o1yxvv6q,qj242768,om1mx362,xd1mrrrd,y9myrz95,1
o1yxvv6q,qj242768,om1mx362,zd3qprkn,5wkkmv5w,1
o1yxvv6q,qj242768,om1mx362,vdoplzy2,5wkkmv5w,1
o1yxvv6q,qj242768,om1mx362,zd3qprkn,rw6rrpw7,1
o1yxvv6q,qj242768,om1mx362,zd3qprkn,n938n2w0,1
o1yxvv6q,qj242768,om1mx362,zd3qprkn,5d7yjjqd,2
o1yxvv6q,qj242768,om1mx362,xd1mrrrd,5d7yjjqd,2
o1yxvv6q,qj242768,om1mx362,zd3qprkn,ewp7yjjw,3
o1yxvv6q,qj242768,om1mx362,xd1mrrrd,ewp7yjjw,2
o1yxvv6q,qj242768,om1mx362,zd3qprkn,gdrp0v8w,1
o1yxvv6q,qj242768,om1mx362,xd1mrrrd,gdrp0v8w,1
o1yxvv6q,qj242768,om1mx362,vdoplzy2,gdrp0v8w,1
o1yxvv6q,qj242768,om1mx362,wkpgx9gk,gdrp0v8w,1
o1yxvv6q,qj242768,om1mx362,vdoplzy2,y9myrz95,1
o1yxvv6q,qj242768,om1mx362,vdoplzy2,rdqggo9x,1
o1yxvv6q,qj242768,om1mx362,vdoplzy2,69zxqxd1,1
o1yxvv6q,qj242768,om1mx362,zd3qprkn,o9x1ye6d,1
o1yxvv6q,qj242768,om1mx362,vdoplzy2,o9x1ye6d,1
o1yxvv6q,qj242768,om1mx362,xd1mrrrd,rw6rrpw7,1
o1yxvv6q,qj242768,om1mx362,xd1mrrrd,xd1jz1zd,1
o1yxvv6q,qj242768,om1mx362,zd3qprkn,xd1jz1zd,3
o1yxvv6q,qj242768,om1mx362,wkpgx9gk,xd1jz1zd,1
o1yxvv6q,qj242768,om1mx362,wkpgx9gk,rw6rrpw7,1
o1yxvv6q,qj242768,om1mx362,vdoplzy2,rw6rrpw7,1
o1yxvv6q,qj242768,om1mx362,vdoplzy2,ewp7yjjw,2
o1yxvv6q,qj242768,om1mx362,wkpgx9gk,ewp7yjjw,2
o1yxvv6q,qj242768,om1mx362,xd1mrrrd,o9xkz3wl,1
o1yxvv6q,qj242768,om1mx362,zd3qprkn,n93qxj7w,2
o1yxvv6q,qj242768,om1mx362,vdoplzy2,o9xkz3wl,1
o1yxvv6q,qj242768,om1mx362,wkpgx9gk,o9xkz3wl,1
o1yxvv6q,qj242768,om1mx362,zd3qprkn,xd166z9o,1
o1yxvv6q,qj242768,om1mx362,xd1mrrrd,xd166z9o,1
o1yxvv6q,qj242768,om1mx362,vdoplzy2,xd166z9o,1
o1yxvv6q,qj242768,om1mx362,wkpgx9gk,xd166z9o,1
o1yxvv6q,qj242768,om1mx362,zd3qprkn,owo7n0k9,5
o1yxvv6q,qj242768,om1mx362,vdoplzy2,owo7n0k9,1
o1yxvv6q,qj242768,om1mx362,xd1mrrrd,z98xn6ld,1
o1yxvv6q,qj242768,om1mx362,wkpgx9gk,z98xn6ld,1
o1yxvv6q,qj242768,om1mx362,vdoplzy2,z98ro0rd,1
o1yxvv6q,qj242768,om1mx362,zd3qprkn,xd4nnqwm,2
o1yxvv6q,qj242768,om1mx362,xd1mrrrd,xd4nnqwm,1
o1yxvv6q,qj242768,om1mx362,vdoplzy2,xd4nnqwm,1
o1yxvv6q,qj242768,om1mx362,wkpgx9gk,xd4nnqwm,1
o1yxvv6q,qj242768,j1nqoy1p,zd30e6vd,kwj70xnw,5
o1yxvv6q,qj242768,j1nqoy1p,zd30e6vd,495jko4w,3
o1yxvv6q,qj242768,j1nqoy1p,zd30e6vd,xd460789,1
o1yxvv6q,qj242768,j1nqoy1p,zd30e6vd,nwl6gxgw,1
o1yxvv6q,qj242768,j1nqoy1p,zd30e6vd,rdqzypkd,1
o1yxvv6q,qj242768,j1nqoy1p,zd30e6vd,rdn5oe6d,1
o1yxvv6q,qj242768,j1nqoy1p,zd30e6vd,69znq7g9,1
o1yxvv6q,qj242768,j1nqoy1p,zd30e6vd,xd460pr9,1
o1yxvv6q,qj242768,j1nqoy1p,zd30e6vd,5d7ypngd,2
o1yxvv6q,qj242768,j1nqoy1p,zd30e6vd,29vkq5nd,1
o1yxvv6q,qj242768,j1nqoy1p,zd30e6vd,n930qvr9,1
o1yxvv6q,qj242768,om1mx362,wkpn1jdr,None,18
o1yxvv6q,qj242768,om1mx362,zd3qprkn,5923n7d6,2
o1yxvv6q,qj242768,om1mx362,vdoplzy2,5923n7d6,2
o1yxvv6q,qj242768,om1mx362,xk9436d0,None,7
o1yxvv6q,qj242768,om1mx362,9kvlp482,None,1
o1yxvv6q,qj242768,om1mx362,7kjvmgk3,None,45
o1yxvv6q,qj242768,om1mx362,wk6jj7qd,None,3
o1yxvv6q,kj95kl78,x36936lz,jzd368dn,pr9gj926,1
o1yxvv6q,kj95kl78,vo6g4962,jdzpzqvk,None,1
o1yxvv6q,kj95kl78,vo6g4962,xk90mvk0,None,1
o1yxvv6q,kj95kl78,vo6g4962,jdzpzqvk,None,1
o1yxvv6q,kj95kl78,vo6g4962,jdzpzqvk,None,1
o1yxvv6q,kj95kl78,o1yxvv6q,824gzem2,None,1
o1yxvv6q,kj95kl78,x36936lz,jzd368dn,zldypd3y,1
o1yxvv6q,kj95kl78,x36936lz,jzd368dn,3nwlowvj,1
o1yxvv6q,kj95kl78,m1m32j62,w20wz9jd,None,2
o1yxvv6q,kj95kl78,nd289ed0,wdm6gz3k,None,2
o1yxvv6q,kj95kl78,nd289ed0,wdm6gz3k,None,2
o1yxvv6q,kj95kl78,x36936lz,jzd368dn,jgdre9zx,1
o1yxvv6q,kj95kl78,nd289ed0,wdm6gz3k,None,1
o1yxvv6q,kj95kl78,nd289ed0,wdm6gz3k,None,1
o1yxvv6q,kj95kl78,nd289ed0,wdm6nr4k,None,4
o1yxvv6q,kj95kl78,nd289ed0,wdm6nr4k,None,1
o1yxvv6q,kj95kl78,nd289ed0,wdm6gz3k,None,2
o1yxvv6q,kj95kl78,nd289ed0,wdm6gz3k,None,4
o1yxvv6q,kj95kl78,4d7gngd7,jdrnnwlk,None,1
o1yxvv6q,kj95kl78,4d7gngd7,02qrre9k,5d7520ew,1
o1yxvv6q,kj95kl78,4d7gngd7,02qrre9k,kwjjvm1w,1
o1yxvv6q,kj95kl78,4d7gngd7,02qrre9k,owon3v3d,1
o1yxvv6q,kj95kl78,4d7gngd7,02qrre9k,xd1r4oy9,1
o1yxvv6q,kj95kl78,4d7gngd7,02qrre9k,ewpy8v4w,1
o1yxvv6q,kj95kl78,4d7gngd7,02qrre9k,y9m32v0w,1
o1yxvv6q,kj95kl78,4d7gngd7,jdzp4z3k,None,1
o1yxvv6q,kj95kl78,4d7gngd7,jdznnr6d,5d7520ew,1
o1yxvv6q,kj95kl78,4d7gngd7,jdznnr6d,kwjjvm1w,1
o1yxvv6q,kj95kl78,4d7gngd7,jdznnr6d,owon3v3d,1
o1yxvv6q,kj95kl78,4d7gngd7,jdznnr6d,xd1r4oy9,1
o1yxvv6q,kj95kl78,4d7gngd7,jdznnr6d,ewpy8v4w,1
o1yxvv6q,kj95kl78,4d7gngd7,jdznnr6d,y9m32v0w,1
o1yxvv6q,kj95kl78,m1zzz010,zdnrn7e2,None,1
o1yxvv6q,kj95kl78,8m1z0d0p,wkp76vkr,None,1
o1yxvv6q,kj95kl78,8m1z0d0p,7dgy0g7d,None,1
o1yxvv6q,kj95kl78,8m1z0d0p,zjdzpgkv,None,1
o1yxvv6q,kj95kl78,4pdvk6we,vdojwo2p,lewp7ywn,1
o1yxvv6q,kj95kl78,4pdvk6we,mke9znxd,None,1
o1yxvv6q,kj95kl78,4pdvk6we,vdojwo2p,q5wkkvw4,1
o1yxvv6q,kj95kl78,4pdvk6we,vdojwo2p,3y9m5zd5,1
o1yxvv6q,kj95kl78,4pdvk6we,zd3q6jek,jxd1jzdo,1
o1yxvv6q,kj95kl78,4pdvk6we,zd3q6jek,lewp7ywn,1
o1yxvv6q,kj95kl78,4pdvk6we,zd3q6jek,3y9m5zd5,1
o1yxvv6q,kj95kl78,4pdvk6we,zd3q6jek,q5wkkvw4,1
o1yxvv6q,kj95kl78,4pdvk6we,xd15ejz2,None,1
o1yxvv6q,kj95kl78,4pdvk6we,02q451pd,None,1
o1yxvv6q,kj95kl78,4pdvk6we,824nwvgk,q5wkkvw4,1
o1yxvv6q,kj95kl78,4pdvk6we,824nwvgk,3y9m5zd5,1
o1yxvv6q,kj95kl78,4pdvk6we,824nwvgk,lewp7ywn,1
o1yxvv6q,kj95kl78,4pdvk6we,7wkpq0dr,None,1
o1yxvv6q,kj95kl78,4pdvk6we,4xk9g4d0,lewp7ywn,1
o1yxvv6q,kj95kl78,4pdvk6we,4xk9g4d0,q5wkkvw4,1
o1yxvv6q,kj95kl78,4pdvk6we,4xk9g4d0,3y9m5zd5,1
o1yxvv6q,kj95kl78,4pdvk6we,4xk9g4d0,jxd1jzdo,1
o1yxvv6q,kj95kl78,kdkm421m,rkll5rkn,69zrgy6d,8
o1yxvv6q,kj95kl78,kdkm421m,rkll5rkn,gdrj3m8w,7
o1yxvv6q,kj95kl78,x36936lz,jzd368dn,8ywel9lz,1
o1yxvv6q,kj95kl78,x36936lz,xk985420,None,1
o1yxvv6q,kj95kl78,x36936lz,l9kvmokg,pr9gj926,1
o1yxvv6q,kj95kl78,o1yxvv6q,824gzem2,None,1
o1yxvv6q,kj95kl78,o1yxvv6q,824gzem2,None,1
o1yxvv6q,kj95kl78,o1yxvv6q,824gzem2,None,2
o1yxvv6q,kj95kl78,x36936lz,l9kvmokg,zldypd3y,1
o1yxvv6q,kj95kl78,x36936lz,l9kvmokg,369zxd1e,1
o1yxvv6q,kj95kl78,x36936lz,l9kvmokg,8ywel9lz,1
o1yxvv6q,kj95kl78,m1zzz010,zdnrn7e2,None,1
o1yxvv6q,kj95kl78,m1zzz010,zdnrn7e2,None,1
o1yxvv6q,kj95kl78,x36936lz,l9kvmokg,3nwlowvj,1
o1yxvv6q,kj95kl78,m1zzz010,zdnrn7e2,None,1
o1yxvv6q,kj95kl78,x36936lz,mke4qvn2,zldypd3y,1
o1yxvv6q,kj95kl78,x36936lz,7dg64xlk,None,1
o1yxvv6q,kj95kl78,x36936lz,mke4qvn2,pr9gj926,1
o1yxvv6q,kj95kl78,x36936lz,mke4qvn2,jgdre9zx,1
o1yxvv6q,kj95kl78,x36936lz,mke4qvn2,8ywel9lz,1
o1yxvv6q,kj95kl78,x36936lz,mke4qvn2,369zxd1e,1
o1yxvv6q,kj95kl78,x36936lz,mke4qvn2,3nwlowvj,1
o1yxvv6q,kj95kl78,x36936lz,pmkez8k6,None,1
o1yxvv6q,kj95kl78,x36936lz,jdzw81gd,None,1
o1yxvv6q,kj95kl78,x36936lz,02qvoyyd,zldypd3y,1
o1yxvv6q,kj95kl78,x36936lz,02qvoyyd,369zxd1e,1
o1yxvv6q,kj95kl78,x36936lz,02qvoyyd,pr9gj926,1
o1yxvv6q,kj95kl78,x36936lz,02qvoyyd,jgdre9zx,1
o1yxvv6q,kj95kl78,x36936lz,02qvoyyd,3nwlowvj,1
o1yxvv6q,kj95kl78,x36936lz,02qvoyyd,8ywel9lz,1
o1yxvv6q,kj95kl78,x36936lz,wk6n3nr2,pr9gj926,1
o1yxvv6q,kj95kl78,x36936lz,wk6n3nr2,zldypd3y,1
o1yxvv6q,kj95kl78,x36936lz,wk6n3nr2,3nwlowvj,1
o1yxvv6q,kj95kl78,x36936lz,wk6n3nr2,369zxd1e,1
o1yxvv6q,kj95kl78,x36936lz,jdz9mqv2,None,1
o1yxvv6q,kj95kl78,x36936lz,wk6n3nr2,8ywel9lz,1
o1yxvv6q,kj95kl78,o1yxvv6q,7dg59472,None,8
o1yxvv6q,kj95kl78,x36936lz,l9kvmokg,jgdre9zx,1
o1yxvv6q,kj95kl78,kdkm421m,xd1my8rd,None,10
o1yxvv6q,kj95kl78,x36936lz,wk6n3nr2,jgdre9zx,1
o1yxvv6q,kj95kl78,8nd2qd05,xwdmw52q,jgdrpewz,11
o1yxvv6q,kj95kl78,m1m32j62,02ql4wpk,None,6
o1yxvv6q,kj95kl78,x36936lz,jzd368dn,369zxd1e,1
o1yxvv6q,kj95kl78,m1m32j62,mke7px26,None,66
o1yxvv6q,j0nq1448,29d30dlp,nxd1rk8q,None,6
o1yxvv6q,j0nq1448,o1yxvv6q,xk9jn84d,None,4
o1yxvv6q,j0nq1448,o1yxvv6q,7kjzq1nd,None,3
o1yxvv6q,j0nq1448,o1yxvv6q,n2yj37z2,None,5
o1yxvv6q,j0nq1448,29d30dlp,rkle7mw2,None,23
o1yxvv6q,j0nq1448,29d30dlp,zd30m4yd,5920rlgd,1
o1yxvv6q,j0nq1448,29d30dlp,zd30m4yd,5920rlgd,1
o1yxvv6q,j0nq1448,9d3rr0dl,n2y180m2,None,92
o1yxvv6q,7j4rkv81,268w7496,rklmwrwd,oworq53w,1
o1yxvv6q,7j4rkv81,8nd2qd05,w5dwjnkg,None,1
o1yxvv6q,7j4rkv81,8nd2qd05,wk6o6eek,jgdrpewz,1
o1yxvv6q,7j4rkv81,j1n4lw6p,jdrvyql2,None,1
o1yxvv6q,7j4rkv81,8nd2qd05,9kvp063k,3nwlgo9v,1
o1yxvv6q,7j4rkv81,j1n4lw6p,vdoq5j9k,None,2
o1yxvv6q,7j4rkv81,j1n4lw6p,vdoq5j9k,None,2
o1yxvv6q,7j4rkv81,j1n4lw6p,vdoq5j9k,None,1
o1yxvv6q,7j4rkv81,j1n4lw6p,vdoq5j9k,None,1
o1yxvv6q,7j4rkv81,j1n4lw6p,vdoq5j9k,None,1
o1yxvv6q,7j4rkv81,j1n4lw6p,zdn0gwx2,None,1
o1yxvv6q,7j4rkv81,j1n4lw6p,jdrvyql2,None,1
o1yxvv6q,7j4rkv81,j1n4lw6p,vdoq5j9k,None,3
o1yxvv6q,7j4rkv81,8nd2qd05,jdrvnv52,3nwlgo9v,1
o1yxvv6q,7j4rkv81,8nd2qd05,jdrvnv52,jgdrpewz,4
o1yxvv6q,7j4rkv81,j1n4lw6p,vdoq5j9k,None,1
o1yxvv6q,7j4rkv81,o1yxvv6q,7dg59472,None,2
o1yxvv6q,7j4rkv81,o1yxvv6q,7dg59472,None,2
o1yxvv6q,7j4rkv81,pd0w3yl1,02q38zzk,None,3
o1yxvv6q,7j4rkv81,8nd2qd05,9kvp063k,jgdrpewz,2
o1yxvv6q,7j4rkv81,8nd2qd05,9kvp063k,8ywe2lwl,2
o1yxvv6q,7j4rkv81,8nd2qd05,wdml453k,None,1
o1yxvv6q,7j4rkv81,8nd2qd05,xd17n87d,None,1
o1yxvv6q,7j4rkv81,8nd2qd05,n2yqe8ko,3nwlgo9v,6
o1yxvv6q,7j4rkv81,8nd2qd05,n2yqe8ko,jgdrpewz,6
o1yxvv6q,7j4rkv81,8nd2qd05,7kjrg1g2,None,4
o1yxvv6q,7j4rkv81,8nd2qd05,wk6o6eek,8ywe2lwl,1
o1yxvv6q,7j4rkv81,8nd2qd05,wk6o6eek,3nwlgo9v,1
o1yxvv6q,7j4rkv81,8nd2qd05,xwdmw52q,8ywe2lwl,5
o1yxvv6q,7j4rkv81,8nd2qd05,xwdmw52q,3nwlgo9v,6
o1yxvv6q,7j4rkv81,8nd2qd05,xwdmw52q,jgdrpewz,6
o1yxvv6q,8d40kg58,xlde3j63,4xk9l6k0,None,38
o1yxvv6q,8d40kg58,yo1yv1q5,xk9g1w6d,None,76
o1yxvv6q,8d40kg58,om1mx362,wkpn1jdr,None,79
o1yxvv6q,8d40kg58,o1yxvv6q,n2yj37z2,None,11
o1yxvv6q,8d40kg58,o1yj0pr1,n2yv8112,None,14
o1yxvv6q,8d40kg58,om1mx362,wkpn1jdr,None,21
o1yxvv6q,8d40kg58,om1mx362,7kjvmgk3,None,123
o1yxvv6q,8d40kg58,nj1nee1p,ndx8jxjk,r9g6eqjw,9
o1yxvv6q,8d40kg58,nj1nee1p,ndx8jxjk,ywe0rxl9,11
o1yxvv6q,8d40kg58,29d30dlp,jzd3y2nq,None,71
o1yxvv6q,8d40kg58,29d30dlp,nxd1rk8q,None,186
o1yxvv6q,8d40kg58,o1yxvv6q,n2yj37z2,None,5
o1yxvv6q,8d40kg58,n4d7r172,7wk6prd1,None,84
o1yxvv6q,8d40kg58,o1yxvv6q,n2yj37z2,None,24
o1yxvv6q,8d40kg58,yo1yv1q5,wdm8v332,rw6v88p9,27
o1yxvv6q,8d40kg58,yo1yv1q5,xk9l5yk0,None,37
o1yxvv6q,8d40kg58,o1yxvv6q,n2yj37z2,None,11
o1yxvv6q,8d40kg58,o1yxvv6q,xk9jn84d,None,92
o1yxvv6q,8d40kg58,o1yxvv6q,xk9jn84d,None,9
o1yxvv6q,8d40kg58,n268e96p,7wkp02rm,None,48
o1yxvv6q,8d40kg58,o1yj0pr1,jdzl1562,n93x8v79,4
o1yxvv6q,8d40kg58,kdkz2edm,rklxj66k,None,188
o1yxvv6q,8d40kg58,n4d7r172,wkpjll0k,kwjyqq0w,7
o1yxvv6q,8d40kg58,o1yxvv6q,xk9jn84d,None,46
o1yxvv6q,o86mzopj,76r39056,rkl53o62,None,8
o1yxvv6q,o86mzopj,yo1yv1q5,4xk906k0,None,71
o1yxvv6q,o86mzopj,o6gen512,wdmq1xe2,None,96
o1yxvv6q,o86mzopj,76r3vq68,7dg84542,None,18
o1yxvv6q,o86mzopj,29d30dlp,jzd3y2nq,None,21
o1yxvv6q,o86mzopj,29d30dlp,nxd1rk8q,None,48
o1yxvv6q,o86mzopj,29d30dlp,l9kvjkgq,None,20
o1yxvv6q,o86mzopj,o1yxvv6q,7kjzq1nd,None,22
o1yxvv6q,o86mzopj,29d30dlp,zd30m4yd,ewp7oylw,19
o1yxvv6q,o86mzopj,3695l8dl,zd3lo58d,None,9
o1yxvv6q,o86mzopj,o1yxvv6q,xk9jn84d,None,195
o1yxvv6q,o86mzopj,o1y9j9v6,7kjpl1gk,None,3529
o1yxvv6q,y8dg6zo8,om1mx362,7kjvmgk3,None,17
o1yxvv6q,y8dg6zo8,om1mx362,7kjvmgk3,None,22
o1yxvv6q,y8dg6zo8,om1mx362,7kjvmgk3,None,30
o1yxvv6q,y8dg6zo8,om1mx362,7kjvmgk3,None,15
o1yxvv6q,y8dg6zo8,om1mx362,7kjvmgk3,None,23
o1yxvv6q,y8dg6zo8,om1mx362,wkpn1jdr,None,11
o1yxvv6q,y8dg6zo8,om1mx362,7kjvmgk3,None,7
o1yxvv6q,y8dg6zo8,om1mx362,7kjvmgk3,None,19
o1yxvv6q,y8dg6zo8,om1mx362,7kjvmgk3,None,23
o1yxvv6q,y8dg6zo8,29d30dlp,nxd1rk8q,None,30
o1yxvv6q,y8dg6zo8,o1yxvv6q,9d8jx46k,None,4
o1yxvv6q,y8dg6zo8,o1yxvv6q,xk9jn84d,None,34
o1yxvv6q,y8dg6zo8,yo1yv1q5,4xk906k0,None,31
o1yxvv6q,y8dg6zo8,o1yxvv6q,9d8jx46k,None,8
o1yxvv6q,y8dg6zo8,268wkj56,q255o9v2,None,4
o1yxvv6q,8l034ql8,nd2emevd,824j8on2,None,25
o1yxvv6q,8l034ql8,nd2emevd,wkp0nl82,owo5j3vd,25
o1yxvv6q,8l034ql8,268q8o6p,xd1gojrd,None,429
o1yxvv6q,8l034ql8,w6jlw74d,wdmxoqek,495rogmd,8
o1yxvv6q,8l034ql8,w6jlw74d,xd1gplzd,rw6lpypw,4
o1yxvv6q,8l034ql8,w6jlw74d,xd1gplzd,kwj8lr09,5
o1yxvv6q,8l034ql8,j1ll50j1,xk9v1nxd,ldy35ej9,3
o1yxvv6q,8l034ql8,o1yxvv6q,xk9jn84d,None,6
o1yxvv6q,8l034ql8,w6j7exe6,wkp541vd,nwlm7nr9,8
o1yxvv6q,8l034ql8,268e3e96,jdr7jel2,None,35
o1yxvv6q,8l034ql8,m1mx4y46,wkp1m6vk,ldy5q3jw,12
o1yxvv6q,8l034ql8,m1mxvyx6,xd1elw42,5wkjmy2d,17
o1yxvv6q,8l034ql8,yd4ovvg1,9kv7jy8k,z98m63lw,120
o1yxvv6q,8l034ql8,yd4ovvg1,9kv7jy8k,z98m63lw,126
o1yxvv6q,8l034ql8,ldeljx63,jdr10w52,ywe868yw,2
o1yxvv6q,8l034ql8,w6jlw74d,wdmxoqek,n93n5p2w,10
o1yxvv6q,8l034ql8,46w3xq71,7dgnom42,5wk180pd,3
o1yxvv6q,8l034ql8,m1mxvyx6,zd3685vd,5wkjmy2d,13
o1yxvv6q,8l034ql8,m1mxvyx6,xd1elw42,592z6xo9,17
o1yxvv6q,8l034ql8,m1mxvyx6,xd1elw42,29v38o3w,19
o1yxvv6q,8l034ql8,268e3e96,xk9gln4d,kwj5v7z9,13
o1yxvv6q,8l034ql8,268e3e96,xk9gln4d,owo037yw,16
o1yxvv6q,8l034ql8,4d790zr1,z27o39od,rdnz126d,17
o1yxvv6q,8l034ql8,4d790zr1,z27o39od,ldygz87d,17
o1yxvv6q,8l034ql8,4d790zr1,z27o39od,gdrx3ykd,15
o1yxvv6q,8l034ql8,ldeljx63,jdr10w52,nwl7r709,2
o1yxvv6q,8l034ql8,m1mxvyx6,xd1elw42,y9mjml59,20
o1yxvv6q,8l034ql8,268e3e96,q257r3gd,None,101
o1yxvv6q,8l034ql8,nd2lev60,5dw8lend,ewprvjzd,4
o1yxvv6q,8l034ql8,46w3xq71,7dgnom42,xd4rnpr9,1
o1yxvv6q,8l034ql8,46w3xq71,9kvovq02,None,2
o1yxvv6q,8l034ql8,46w3xq71,7dgnom42,592n3m39,2
o1yxvv6q,8l034ql8,46w3xq71,7dgnom42,29v5jgld,2
o1yxvv6q,8l034ql8,v1pxyn46,wk636eqk,None,18
o1yxvv6q,8l034ql8,kyd4pxde,zdnwj6ed,None,59
o1yxvv6q,8l034ql8,ldeljx63,jdr10w52,z98818g9,2
o1yxvv6q,8l034ql8,ldeljx63,jdr10w52,rdnpepq9,3
o1yxvv6q,8l034ql8,ldeljx63,jdr10w52,ldypmpkd,2
o1yxvv6q,8l034ql8,w6jlw74d,wdmxoqek,rdq32row,34
o1yxvv6q,8l034ql8,w6jlw74d,wdmxoqek,495ronmd,8
o1yxvv6q,8l034ql8,w6jlw74d,wdmxoqek,y9mrqzzw,8
o1yxvv6q,8l034ql8,w6jlw74d,wdmxoqek,owoe1xjd,6
o1yxvv6q,8l034ql8,w6jlw74d,wdmxoqek,r9gj08j9,11
o1yxvv6q,8l034ql8,w6jlw74d,wdmxoqek,29vlepqw,8
o1yxvv6q,8l034ql8,w6jlw74d,wdmxoqek,ldy570pw,6
o1yxvv6q,8l034ql8,w6jlw74d,wdmxoqek,5wknzlvw,7
o1yxvv6q,8l034ql8,w6jlw74d,xd1gplzd,owoe1njd,7
o1yxvv6q,8l034ql8,w6jlw74d,xd1gplzd,xd13erz9,8
o1yxvv6q,8l034ql8,w6jlw74d,wdmxoqek,5928gp79,6
o1yxvv6q,8l034ql8,ldeljx63,jdr10w52,69z4k4lw,4
o1yxvv6q,8l034ql8,w6jlw74d,xd1gplzd,5d7ek5qw,9
o1yxvv6q,8l034ql8,y658876e,zdnqv5ed,o9x2vv3w,5
o1yxvv6q,8l034ql8,w6jlw74d,xd1gomzd,None,16
o1yxvv6q,8l034ql8,w6jlw74d,9kvo3xe2,None,8
o1yxvv6q,8l034ql8,w6jlw74d,wdmxoqek,69zqo0x9,6
o1yxvv6q,8l034ql8,w6jlw74d,wdmxoqek,29vlexqw,10
o1yxvv6q,8l034ql8,w6jlw74d,wdmxoqek,29vlexqw,10
o1yxvv6q,8l034ql8,w6jlw74d,wdmxoqek,ewpzmyy9,9
o1yxvv6q,8l034ql8,w6jlw74d,wdmxoqek,kwj8lj09,18
o1yxvv6q,8l034ql8,y658876e,zdnqv5ed,gdrjvvew,18
o1yxvv6q,8l034ql8,y658876e,zdnqv5ed,o9x2vv3w,4
o1yxvv6q,8l034ql8,y658876e,zdnqv5ed,o9x2vv3w,7
o1yxvv6q,8l034ql8,y658876e,zdnqv5ed,o9x2vv3w,1
o1yxvv6q,8l034ql8,y658876e,zdnqv5ed,495j00mw,5
o1yxvv6q,8l034ql8,y658876e,zdnqv5ed,gdrjvvew,18
o1yxvv6q,8l034ql8,y658876e,zdnqv5ed,495j00mw,1
o1yxvv6q,8l034ql8,y658876e,zdnqv5ed,rdq0vvow,6
o1yxvv6q,8l034ql8,y658876e,zdnqv5ed,gdrjvvew,18
o1yxvv6q,8l034ql8,w6jlw74d,wdmxoqek,xd13erz9,12
o1yxvv6q,8l034ql8,w6jlw74d,wdmxoqek,kwj8lr09,6
o1yxvv6q,8l034ql8,w6jlw74d,wdmxoqek,z98zvlr9,11
o1yxvv6q,8l034ql8,w6jlw74d,wdmxoqek,xd13e1z9,10
o1yxvv6q,8l034ql8,w6jlw74d,wdmxoqek,gdr847e9,9
o1yxvv6q,8l034ql8,w6jlw74d,wdmxoqek,xd02rym9,11
o1yxvv6q,8l034ql8,w6jlw74d,wdmxoqek,xd4y7zqd,8
o1yxvv6q,8l034ql8,w6jlw74d,wdmxoqek,rw6lpxpw,10
o1yxvv6q,8l034ql8,w6jlw74d,wdmxoqek,5wknzovw,16
o1yxvv6q,8l034ql8,w6jlw74d,wdmxoqek,y9mrq3zw,12
o1yxvv6q,8l034ql8,w6jlw74d,wdmxoqek,o9xz503w,9
o1yxvv6q,8l034ql8,w6jlw74d,wdmxoqek,xd4y78qd,12
o1yxvv6q,8l034ql8,w6jlw74d,wdmxoqek,xd02rom9,8
o1yxvv6q,8l034ql8,w6jlw74d,wdmxoqek,ewpzm5y9,12
o1yxvv6q,8l034ql8,w6jlw74d,wdmxoqek,5928gl79,10
o1yxvv6q,8l034ql8,w6jlw74d,wdmxoqek,rdnljg5w,12
o1yxvv6q,8l034ql8,w6jlw74d,zd3w4yek,None,19
o1yxvv6q,8l034ql8,w6jlw74d,wdmxoqek,owoe1njd,17
o1yxvv6q,8qz6l0o8,w6j7exe6,wkp541vd,5wkmrpqd,1
o1yxvv6q,8qz6l0o8,o1yxvv6q,xk9jn84d,None,129
o1yxvv6q,kj9wpvv8,kdkokl6m,n2yjry82,69z40olw,9
o1yxvv6q,kj9wpvv8,yo1yv1q5,wdm8v332,y9meq5ld,28
o1yxvv6q,kj9wpvv8,29d30dlp,zd30m4yd,o9x2e67w,14
o1yxvv6q,kj9wpvv8,4d7v4ld7,xd1rlr8k,None,30
o1yxvv6q,kj9wpvv8,76r43l18,n2yerw7k,gdrr2ozd,8
o1yxvv6q,kj9wpvv8,4d728l67,rkleqpw2,None,14
o1yxvv6q,kj9wpvv8,4d7v4ld7,xd1rlr8k,None,10
o1yxvv6q,kj9wpvv8,yo1yv1q5,wdm8v332,495jok2w,39
o1yxvv6q,kj9wpvv8,o1yxvv6q,xk9jn84d,None,42
o1yxvv6q,kj9wpvv8,29d30dlp,zd30m4yd,ywe4e04d,18
o1yxvv6q,kj9wpvv8,o1yxvv6q,7kjzq1nd,None,35
o1yxvv6q,kj9wpvv8,76r2pqd8,wdmznp42,None,58
o1yxvv6q,kj9wpvv8,kdkokl6m,n2yjry82,owo2x1od,5
o1yxvv6q,kj9wpvv8,k6q4rqzd,xk986z42,None,95
o1yxvv6q,kj9wpvv8,k6q4rqzd,jdz74z3k,None,16
o1yxvv6q,kj9wpvv8,kdkokl6m,n2yjry82,nwl7ex09,8
o1yxvv6q,kj9wpvv8,kdkokl6m,n2yjry82,xd151eew,9
o1yxvv6q,kj9wpvv8,kdkokl6m,n2yjry82,gdrq7469,10
o1yxvv6q,7j4ydvj1,o6gngw91,jdzo48g2,None,2
o1yxvv6q,7j4ydvj1,j1nq9l1p,zd30v0ed,None,1
o1yxvv6q,7j4ydvj1,3dxkp41y,7dgngg24,None,33
o1yxvv6q,7j4ydvj1,lde3z9l6,zd37lvr2,None,8
o1yxvv6q,7j4ydvj1,4pdvor1w,z2761w0d,None,72
o1yxvv6q,7j4ydvj1,n4d7r172,7wk6prd1,None,70
o1yxvv6q,7j4ydvj1,3695l8dl,n2yq45zk,None,14
o1yxvv6q,7j4ydvj1,lde3eme6,n2yomp1d,None,10
o1yxvv6q,7j4ydvj1,76rx7ve6,mker389d,None,2
o1yxvv6q,7j4ydvj1,pdvz89r6,7dg0p0xk,rw65ko7d,1
o1yxvv6q,7j4ydvj1,pdvz89r6,7dg0p0xk,y9m4kx19,1
o1yxvv6q,7j4ydvj1,pdvz89r6,7dg0p0xk,xd06vq1d,1
o1yxvv6q,7j4ydvj1,pdvz89r6,7dg0p0xk,xd4gv2pd,2
o1yxvv6q,7j4ydvj1,pdvz89r6,7dg0p0xk,5wk4g6qd,1
o1yxvv6q,7j4ydvj1,pdvz89r6,7dg0p0xk,n93z24ew,1
o1yxvv6q,7j4ydvj1,pdvz89r6,7dg0p0xk,ldyl4gz9,1
o1yxvv6q,7j4ydvj1,pdvz89r6,7dg0p0xk,z98427lw,1
o1yxvv6q,7j4ydvj1,pdvz89r6,7dg0p0xk,29vn17nd,1
o1yxvv6q,7j4ydvj1,pdvz89r6,zd3oeoyd,None,3
o1yxvv6q,7j4ydvj1,76rx7ve6,5dw8rvgd,None,2
o1yxvv6q,7j4ydvj1,76rx7ve6,jdz6oqr2,xd1y16zd,1
o1yxvv6q,7j4ydvj1,n4d7r172,xn2yqmko,None,44
o1yxvv6q,7j4ydvj1,268ezok6,5dw884ed,xd02g009,5
o1yxvv6q,7j4ydvj1,268ezok6,5dw884ed,29vl3y1w,5
o1yxvv6q,7j4ydvj1,lde3vjn6,q25my8gd,None,12
o1yxvv6q,7j4ydvj1,y652y76e,xd1meerd,None,6
o1yxvv6q,7j4ydvj1,xldeeed3,rklge08d,None,31
o1yxvv6q,7j4ydvj1,268727dp,zdn8zend,None,8
o1yxvv6q,7j4ydvj1,yo1yv1q5,wz27gz20,None,29
o1yxvv6q,7j4ydvj1,lde5vjd3,7kjz5egd,None,4
o1yxvv6q,7j4ydvj1,lde35jn6,9d83on32,None,3
o1yxvv6q,7j4ydvj1,n4d7oz17,wdmzro2q,None,9
o1yxvv6q,7j4ydvj1,y654lk4d,wdm85q42,None,1
o1yxvv6q,7j4ydvj1,n4d7oz17,wdmzro2q,None,17
o1yxvv6q,7j4ydvj1,pd0w2wl1,9d8gv33k,None,1
o1yxvv6q,7j4ydvj1,v1ppq818,ndxn1okq,rw6lq7w7,4
o1yxvv6q,7j4ydvj1,v1ppq818,n2yn37ko,rw6lq7w7,6
o1yxvv6q,7j4ydvj1,v1ppq818,n2yn37ko,5928jr96,13
o1yxvv6q,7j4ydvj1,v1ppq818,n2yn37ko,ewpzpz9n,12
o1yxvv6q,7j4ydvj1,n268nk6p,7dg8xp24,None,265
o1yxvv6q,7j4ydvj1,29d3qe1l,wkpjnwkr,None,3
o1yxvv6q,7j4ydvj1,29d3qe1l,7dg8yp24,None,2
o1yxvv6q,7j4ydvj1,nj1n3xdp,rklx5nkn,None,18
o1yxvv6q,7j4ydvj1,w6jlwk2d,9d840l7k,None,1
o1yxvv6q,7j4ydvj1,w6jlvpxd,n2y3o1md,None,9
o1yxvv6q,7j4ydvj1,m1zze310,5dwygelk,None,3
o1yxvv6q,7j4ydvj1,k6q4nzod,z27remzd,None,1
o1yxvv6q,7j4ydvj1,n4d7oz17,7kj94423,None,3
o1yxvv6q,7j4ydvj1,n4d7oz17,wdmzro2q,None,3
o1yxvv6q,7j4ydvj1,n4d7oz17,vdo0yvdp,None,4
o1yxvv6q,7j4ydvj1,lde3eme6,ndx940vd,None,219
o1yxvv6q,7j4ydvj1,o1y9wo6q,n2y55mko,None,3510
o1yxvv6q,7j4ydvj1,29d30dlp,jzd3y2nq,None,78
o1yxvv6q,7j4ydvj1,yo1yv1q5,vdo0nzod,None,34
o1yxvv6q,7j4ydvj1,yd4o7g1e,zd36xydn,None,29
o1yxvv6q,7j4ydvj1,3dx2mg41,wk6npnp2,None,68
o1yxvv6q,7j4ydvj1,nj1n3xdp,xd1rzzk8,kwj7prwg,7
o1yxvv6q,7j4ydvj1,n4d7oz17,w20g0xjk,None,7
o1yxvv6q,7j4ydvj1,29d30dlp,nxd1rk8q,None,208
o1yxvv6q,7j4ydvj1,yd4o3e51,wdmle6ek,None,1
o1yxvv6q,7j4ydvj1,8nd23r60,ndxjnr2q,None,5
o1yxvv6q,7j4ydvj1,8nd23r60,9kvyz3kg,None,6
o1yxvv6q,7j4ydvj1,lde3nex6,9d8xeo62,None,540
o1yxvv6q,7j4ydvj1,ldep4j13,7dgg38ld,None,10
o1yxvv6q,7j4ydvj1,lde3nex6,9d8xnz32,None,59
o1yxvv6q,7j4ydvj1,9d3ry59d,wdml70ek,None,1
o1yxvv6q,7j4ydvj1,k6q4k40d,q253jyjk,None,1
o1yxvv6q,7j4ydvj1,om1mx362,wkpn1jdr,None,145
o1yxvv6q,7j4ydvj1,n4d7oz17,7kj94423,None,3
o1yxvv6q,7j4ydvj1,4d7934l1,w20v3zvk,None,4
o1yxvv6q,7j4ydvj1,369v401l,rklvz0rd,None,15
o1yxvv6q,7j4ydvj1,y654lk4d,wdm85q42,None,2
o1yxvv6q,7j4ydvj1,k6q4k40d,jdz7lyrk,None,1
o1yxvv6q,7j4ydvj1,o6gny512,8241qm25,None,123
o1yxvv6q,7j4ydvj1,w6jk341j,wdmw6xx2,n93037z9,5
o1yxvv6q,7j4ydvj1,n4d7oz17,mkerqq8d,None,2
o1yxvv6q,7j4ydvj1,n4d7oz17,wdm8ll52,None,2
o1yxvv6q,7j4ydvj1,xldeeed3,wkpjojvk,rdnoro6w,1
o1yxvv6q,7j4ydvj1,k6q4mk0d,zd36lwvd,None,4
o1yxvv6q,7j4ydvj1,n4d7oz17,7kj94423,None,5
o1yxvv6q,7j4ydvj1,9dow3nk1,7dg9wl7k,None,1
o1yxvv6q,7j4ydvj1,9dow34k1,zdn1539k,None,1
o1yxvv6q,7j4ydvj1,9dow3nk1,7dg9wl7k,None,1
o1yxvv6q,7j4ydvj1,om1mx362,7kjvmgk3,None,694
o1yxvv6q,7j4ydvj1,n4d7oz17,wdmzro2q,None,4
o1yxvv6q,7j4ydvj1,268xe71p,9kvpeo3k,495kzq29,2
o1yxvv6q,7j4ydvj1,268xe71p,9kvpeo3k,rdqzommd,2
o1yxvv6q,7j4ydvj1,268xe71p,9kvpeo3k,ywe23vqw,3
o1yxvv6q,7j4ydvj1,y65x231e,w201355k,None,4
o1yxvv6q,7j4ydvj1,268xe71p,9kvpeo3k,69zp6l6w,2
o1yxvv6q,7j4ydvj1,j1neglw1,wkpvgqjk,None,4
o1yxvv6q,7j4ydvj1,76r5jed8,w201jp8k,None,16
o1yxvv6q,7j4ydvj1,kdkrx26m,5dwy9ygk,None,2
o1yxvv6q,7j4ydvj1,o1y9qvo6,zd378zr2,None,1
o1yxvv6q,7j4ydvj1,3dx23z51,9d8go7wk,None,1
o1yxvv6q,7j4ydvj1,kdkxvq6m,ndxpo612,None,2
o1yxvv6q,7j4ydvj1,qw6j21jm,9zdnw9dq,None,10
o1yxvv6q,7j4ydvj1,k6q9px1g,q257o78d,None,2
o1yxvv6q,7j4ydvj1,k6q9px1g,wkpvp40k,None,3
o1yxvv6q,7j4ydvj1,268p89dp,w20n48dn,None,45
o1yxvv6q,7j4ydvj1,76r33le6,vdozg5yk,None,10
o1yxvv6q,7j4ydvj1,o1yxvv6q,7kjzq1nd,None,9
o1yxvv6q,7j4ydvj1,ok6qvxdg,rklgz8dn,None,24
o1yxvv6q,7j4ydvj1,yo1yv1q5,4xk906k0,None,137
o1yxvv6q,7j4ydvj1,v1pomp76,02qojojk,None,13
o1yxvv6q,7j4ydvj1,l3dxny1y,wkpy9wkr,None,106
o1yxvv6q,7j4ydvj1,m9do0odp,9kvxqo2g,None,450
o1yxvv6q,7j4ydvj1,o1yxvv6q,xk9jn84d,None,214
o1yxvv6q,7j4ydvj1,k6q4mk0d,zd36lwvd,None,4
o1yxvv6q,7j4ydvj1,o1yxvv6q,n2yj37z2,None,25
o1yxvv6q,7j4ydvj1,29d30dlp,zd30m4yd,gdrek1l9,4
o1yxvv6q,7j4ydvj1,n4d7r172,wkpjll0k,495jev2w,6
o1yxvv6q,7j4ydvj1,o1yxvv6q,n2yj37z2,None,8
o1yxvv6q,7j4ydvj1,v1pzgpd8,824xxqnd,None,3
o1yxvv6q,e8ekwd78,yo1yv1q5,4xk906k0,None,88
o1yxvv6q,e8ekwd78,o1yxvv6q,xk9jn84d,None,120
o1yxvv6q,86v191qj,y655lg06,vdoyrev2,n9332z79,1
o1yxvv6q,86v191qj,y655lg06,vdoyrev2,rdqq6nod,1
o1yxvv6q,86v191qj,y655lg06,vdoyrev2,owoxg3jw,1
o1yxvv6q,86v191qj,y655lg06,vdoyrev2,y9mzk2zd,1
o1yxvv6q,86v191qj,w6j7exe6,vdo598ok,5wkmrpqd,3
o1yxvv6q,86v191qj,y655lg06,xd1jy6wd,None,28
o1yxvv6q,86v191qj,o1yxvv6q,xk9jn84d,None,19
o1yxvv6q,86v191qj,yo1yv1q5,wdm8v332,rdn5jond,3
o1yxvv6q,86v191qj,yo1yv1q5,wdm8v332,ewppm7lw,2
o1yxvv6q,86v191qj,yo1yv1q5,wdm8v332,owok17vd,6
o1yxvv6q,86v191qj,yo1yv1q5,wdm8v332,5d77nkqd,2
o1yxvv6q,86v191qj,yo1yv1q5,wdm8v332,z98jv2rw,5
o1yxvv6q,7j4gmd5j,o1yxvv6q,xk9jn84d,None,145
o1yxvv6q,18vn9wnj,w6j7exe6,02q4nq9d,None,9
o1yxvv6q,18vn9wnj,n268e96p,7wkp02rm,None,16
o1yxvv6q,18vn9wnj,nj1nee1p,gq254vdo,None,34
o1yxvv6q,18vn9wnj,yo1yv1q5,xk9g1w6d,None,21
o1yxvv6q,18vn9wnj,o1yxvv6q,xk9jn84d,None,37
o1yxvv6q,18vn9wnj,o1yxvv6q,xk9jn84d,None,16
o1yxvv6q,18vn9wnj,ok6q4mdg,wdm83eo2,None,8
o1yxvv6q,18vn9wnj,nj1nee1p,jdz8m6dv,None,15
o1yxvv6q,18vn9wnj,yo1yv1q5,4xk906k0,None,52
o1yxvv6q,18vn9wnj,w6j7exe6,02q4nq9d,None,4
o1yxvv6q,18vn9wnj,29d30dlp,zd30m4yd,nwlgz1p9,2
o1yxvv6q,18vn9wnj,29d30dlp,zd30m4yd,owo75nv9,4
o1yxvv6q,18vn9wnj,29d30dlp,zd30m4yd,kwj76jrw,3
o1yxvv6q,18vn9wnj,29d30dlp,zd30m4yd,29vm0p19,2
o1yxvv6q,18vn9wnj,n4d7r172,wkpjll0k,xd0kn5x9,1
o1yxvv6q,68ww1248,pdvz4v6w,9d8x6v62,None,28
o1yxvv6q,68ww1248,pd0wq31e,n2y1y72o,None,595
o1yxvv6q,68ww1248,o1yxvv6q,xk9jn84d,None,211
o1yxvv6q,68ww1248,29d30dlp,z2771020,None,85
o1yxvv6q,68ww1248,pdvz4v6w,9kvmv3kg,None,134
o1yxvv6q,68ww1248,369pj21l,wdmwye2q,None,61
o1yxvv6q,68ww1248,29d30dlp,zd30m4yd,ywe4e04d,13
o1yxvv6q,68ww1248,3dxzqv1y,n2y59gmk,None,99
o1yxvv6q,68ww1248,v1pk27d8,jdzp763k,None,142
o1yxvv6q,68ww1248,j1llwz1g,9d86ql2n,None,416
o1yxvv6q,68ww1248,4d795gn1,rkll6l6k,None,15
o1yxvv6q,68ww1248,4d795gn1,02qvrlyd,None,12
o1yxvv6q,68ww1248,v1pxxz68,q258zzv2,gdrqpk9z,101
o1yxvv6q,68ww1248,om1m3625,w20p0zkn,None,34
o1yxvv6q,68ww1248,pd0wq31e,mkeyen26,None,167
o1yxvv6q,0jmy77ej,qw6j21jm,wkpyjwjk,None,5
o1yxvv6q,0jmy77ej,ok6q4mdg,ndx1elr2,None,3
o1yxvv6q,0jmy77ej,o1yxvv6q,n2yj37z2,None,19
o1yxvv6q,0jmy77ej,n4d7r172,7wk6prd1,None,133
o1yxvv6q,j4r914l8,om1mx362,7kjvmgk3,None,55
o1yxvv6q,j4r914l8,om1mx362,vdoplzy2,rdqe6mdx,2
o1yxvv6q,j4r914l8,om1mx362,xd1mrrrd,ldyogk93,5
o1yxvv6q,j4r914l8,om1mx362,zd3qprkn,xd0l3mdq,2
o1yxvv6q,j4r914l8,om1mx362,wkpgx9gk,rdqe6mdx,2
o1yxvv6q,j4r914l8,om1mx362,zd3qprkn,ldyogk93,6
o1yxvv6q,j4r914l8,om1mx362,xd1mrrrd,xd0l3mdq,1
o1yxvv6q,j4r914l8,om1mx362,zd3qprkn,gdrzx69z,4
o1yxvv6q,j4r914l8,om1mx362,wkpgx9gk,z98x7gdl,2
o1yxvv6q,j4r914l8,om1mx362,zd3qprkn,rdnyzq9m,5
o1yxvv6q,j4r914l8,om1mx362,vdoplzy2,xd0l3mdq,1
o1yxvv6q,j4r914l8,om1mx362,xd1mrrrd,gdrzx69z,4
o1yxvv6q,j4r914l8,om1mx362,vdoplzy2,z98x7gdl,2
o1yxvv6q,j4r914l8,om1mx362,xd1mrrrd,rdnyzq9m,4
o1yxvv6q,j4r914l8,om1mx362,wkpgx9gk,xd0l3mdq,1
o1yxvv6q,j4r914l8,om1mx362,vdoplzy2,gdrzx69z,2
o1yxvv6q,j4r914l8,om1mx362,xd1mrrrd,z98x7gdl,3
o1yxvv6q,j4r914l8,om1mx362,vdoplzy2,rdnyzq9m,2
o1yxvv6q,j4r914l8,om1mx362,wkpgx9gk,gdrzx69z,2
o1yxvv6q,j4r914l8,om1mx362,zd3qprkn,z98x7gdl,4
o1yxvv6q,j4r914l8,om1mx362,wkpgx9gk,rdnyzq9m,2
o1yxvv6q,j4r914l8,om1mx362,zd3qprkn,rdqe6mdx,5
o1yxvv6q,j4r914l8,om1mx362,wkpgx9gk,ldyogk93,3
o1yxvv6q,j4r914l8,om1mx362,vdoplzy2,ywenjlwl,1
o1yxvv6q,j4r914l8,om1mx362,xd1mrrrd,rdqe6mdx,4
o1yxvv6q,j4r914l8,om1mx362,vdoplzy2,ldyogk93,3
o1yxvv6q,j4r914l8,om1mx362,vdoplzy2,kwj310dg,2
o1yxvv6q,j4r914l8,om1mx362,wkpgx9gk,ywenjlwl,1
o1yxvv6q,j4r914l8,om1mx362,wkpn1jdr,None,41
o1yxvv6q,j4r914l8,om1mx362,vdoplzy2,29vjlq9v,2
o1yxvv6q,j4r914l8,om1mx362,wkpgx9gk,29vjlq9v,1
o1yxvv6q,j4r914l8,om1mx362,zd3qprkn,29vjlq9v,2
o1yxvv6q,j4r914l8,om1mx362,xd1mrrrd,29vjlq9v,1
o1yxvv6q,j4r914l8,om1mx362,wkpgx9gk,o9x1ye6d,1
o1yxvv6q,j4r914l8,om1mx362,xd1mrrrd,o9x1ye6d,2
o1yxvv6q,j4r914l8,o1yxvv6q,9d8jx46k,None,11
o1yxvv6q,j4r914l8,o1yxvv6q,9d8jx46k,None,8
o1yxvv6q,j4r914l8,o6gleg8d,vdo111v2,None,1
o1yxvv6q,j4r914l8,o6gleg8d,jdrllrxd,None,2
o1yxvv6q,j4r914l8,o6gleg8d,jdrllrxd,None,2
o1yxvv6q,j4r914l8,o6gleg8d,jdrllrxd,None,2
o1yxvv6q,j4r914l8,o6gleg8d,jdzwwlvd,None,2
o1yxvv6q,j4r914l8,o6gleg8d,jdzwwlvd,None,1
o1yxvv6q,j4r914l8,o6gleg8d,jdzwwlvd,None,2
o1yxvv6q,j4r914l8,o6gleg8d,wkp333w2,None,2
o1yxvv6q,j4r914l8,o6gleg8d,jdzwwlvd,None,1
o1yxvv6q,j4r914l8,om1mx362,wkpn1jdr,None,16
o1yxvv6q,j4r914l8,om1mx362,wkpn1jdr,None,21
o1yxvv6q,j4r914l8,om1mx362,xd1mrrrd,xd1jzqqd,1
o1yxvv6q,j4r914l8,om1mx362,vdoplzy2,owo7mpv9,1
o1yxvv6q,j4r914l8,om1mx362,wkpgx9gk,kwj7kqrw,1
o1yxvv6q,j4r914l8,om1mx362,zd3qprkn,kwj7kqrw,1
o1yxvv6q,j4r914l8,om1mx362,wkpgx9gk,owo7mpv9,1
o1yxvv6q,j4r914l8,om1mx362,vdoplzy2,xd1jzqqd,1
o1yxvv6q,j4r914l8,om1mx362,zd3qprkn,owo7mpv9,1
o1yxvv6q,j4r914l8,om1mx362,wkpgx9gk,xd1jzqqd,1
o1yxvv6q,j4r914l8,om1mx362,xd1mrrrd,owo7mpv9,1
o1yxvv6q,j4r914l8,om1mx362,vdoplzy2,ewp726lw,1
o1yxvv6q,j4r914l8,om1mx362,zd3qprkn,ewp726lw,1
o1yxvv6q,j4r914l8,om1mx362,wkpgx9gk,ewp726lw,1
o1yxvv6q,j4r914l8,om1mx362,xd1mrrrd,ewp726lw,1
o1yxvv6q,j4r914l8,om1mx362,zd3qprkn,xd1jzqqd,1
o1yxvv6q,j4r914l8,om1mx362,xd1mrrrd,kwj7kqrw,1
o1yxvv6q,j4r914l8,om1mx362,vdoplzy2,kwj7kqrw,1
o1yxvv6q,j4r914l8,om1mx362,xd1mrrrd,5d7yjm5d,1
o1yxvv6q,j4r914l8,om1mx362,zd3qprkn,5d7yjm5d,1
o1yxvv6q,j4r914l8,om1mx362,vdoplzy2,5d7yjm5d,1
o1yxvv6q,j4r914l8,om1mx362,wkpgx9gk,5d7yjm5d,1
o1yxvv6q,j4rr9358,76r8y5d8,xk9n36x2,None,5
o1yxvv6q,j4rr9358,76r8y5d8,xk9n36x2,None,9
o1yxvv6q,j4rr9358,76r8y5d8,xk9n36x2,None,10
o1yxvv6q,j4rr9358,76r8y5d8,xk9n36x2,None,9
o1yxvv6q,j4rr9358,76r8y5d8,z27o8e5d,None,10
o1yxvv6q,j4rr9358,o1yxvv6q,n2yj37z2,None,9
o1yxvv6q,j4rr9358,76r8y5d8,wkpqw4gd,rw65ex7d,1
o1yxvv6q,j4rr9358,m9dok31p,zd31gy2n,owojnj96,12
o1yxvv6q,j4rr9358,m9dok31p,zd3w5ynk,None,15
o1yxvv6q,j4rr9358,m9dok31p,7wk6oqk1,None,41
o1yxvv6q,j4rr9358,m9dok31p,xw201vkn,None,27
o1yxvv6q,j4rr9358,m9dok31p,zd31gy2n,kwjgj0wg,11
o1yxvv6q,j4rr9358,m9dok31p,zd31gy2n,ewp3yydn,8
o1yxvv6q,j4rr9358,m9dok31p,z273lzd0,None,10
o1yxvv6q,j4rr9358,76r8y5d8,xk9n36x2,None,5
o1yxvv6q,j4rr9358,m9dok31p,z27o7x5d,None,25
o1yxvv6q,j4rr9358,m9dok31p,mndxp12q,None,26
o1yxvv6q,j4rr9358,m9dok31p,zd31gy2n,5d715qdy,12
o1yxvv6q,j4rr9358,m9dok31p,zd31gy2n,xd1mrzdo,12
o1yxvv6q,j4rr9358,nd22xvd0,w20pq58k,None,1129
o1yxvv6q,zxzzkwnx,o1yxvv6q,xk9jn84d,None,94
o1yxvv6q,xko3dw68,yo1yv1q5,xk9l5yk0,None,10
o1yxvv6q,xko3dw68,76rxgye6,7dg9x6xk,xd0x340d,3
o1yxvv6q,xko3dw68,yo1yv1q5,xk9g1w6d,None,13
o1yxvv6q,xko3dw68,yo1yv1q5,vdo0nzod,None,4
o1yxvv6q,xko3dw68,9d3mqy6l,jdr1ol52,None,29
o1yxvv6q,xko3dw68,ldemjl13,ndx8xljk,None,138
o1yxvv6q,xko3dw68,w6j7exe6,9d8yq7lk,None,4
o1yxvv6q,xko3dw68,o1yxvv6q,xk9jn84d,None,5
o1yxvv6q,xko3dw68,j1nqoy1p,mke9x59d,None,39
o1yxvv6q,xko3dw68,j1nqoy1p,mke9x59d,None,20
o1yxvv6q,xko3dw68,lde3yx63,vdoorpod,None,10
o1yxvv6q,8rpm61gj,29d30dlp,nxd1rk8q,None,125
o1yxvv6q,8rpm61gj,29d30dlp,zd30m4yd,495j1q4w,2
o1yxvv6q,8rpm61gj,29d30dlp,zd30m4yd,owokpj3d,2
o1yxvv6q,8rpm61gj,29d30dlp,zd30m4yd,xd005pjd,2
o1yxvv6q,8rpm61gj,29d30dlp,zd30m4yd,ldyezx7w,1
o1yxvv6q,8rpm61gj,29d30dlp,zd30m4yd,592j7m6w,1
o1yxvv6q,8rpm61gj,29d30dlp,zd30m4yd,rdq0k8gw,2
o1yxvv6q,8rpm61gj,29d30dlp,zd30m4yd,ywe4ev4d,2
o1yxvv6q,8rpm61gj,29d30dlp,zd30m4yd,nwl6j5gw,2
o1yxvv6q,8rpm61gj,29d30dlp,zd30m4yd,gdrj3nkw,1
o1yxvv6q,8rpm61gj,29d30dlp,zd30m4yd,29vyrgx9,1
o1yxvv6q,8rpm61gj,29d30dlp,zd30m4yd,n930j1r9,2
o1yxvv6q,8rpm61gj,29d30dlp,zd30m4yd,rdn5136d,1
o1yxvv6q,8rpm61gj,29d30dlp,zd30m4yd,69zrg54d,1
o1yxvv6q,8rpm61gj,29d30dlp,zd30m4yd,5wk27xxw,1
o1yxvv6q,8rpm61gj,29d30dlp,zd30m4yd,ewpp6n4w,1
o1yxvv6q,8rpm61gj,29d30dlp,zd30m4yd,69zrg74d,1
o1yxvv6q,8rpm61gj,29d30dlp,zd30m4yd,5d77mped,2
o1yxvv6q,8rpm61gj,29d30dlp,zd30m4yd,ywe4e04d,1
o1yxvv6q,8rpm61gj,29d30dlp,zd30m4yd,rdq0p7kw,3
o1yxvv6q,8rpm61gj,29d30dlp,zd30m4yd,495j350w,4
o1yxvv6q,8rpm61gj,29d30dlp,zd30m4yd,xd10qmy9,1
o1yxvv6q,8rpm61gj,29d30dlp,zd30m4yd,495j124w,2
o1yxvv6q,8rpm61gj,29d30dlp,zd30m4yd,xd46op89,2
o1yxvv6q,8rpm61gj,29d30dlp,zd30m4yd,rdn5176d,2
o1yxvv6q,8rpm61gj,29d30dlp,zd30m4yd,r9gzgm2d,2
o1yxvv6q,8rpm61gj,n4d7r172,wkpjll0k,xd10qnz9,4
o1yxvv6q,8rpm61gj,n4d7r172,wkpjll0k,xd10qqz9,9
o1yxvv6q,8rpm61gj,n4d7r172,wkpjll0k,ewpp66yw,9
o1yxvv6q,8rpm61gj,n4d7r172,wkpjll0k,n930jr29,6
o1yxvv6q,8rpm61gj,29d30dlp,zd30m4yd,ywe4ey4d,4
o1yxvv6q,8rpm61gj,29d30dlp,zd30m4yd,xd0051jd,2
o1yxvv6q,8rpm61gj,29d30dlp,zd30m4yd,rdqzormd,9
o1yxvv6q,8rpm61gj,29d30dlp,zd30m4yd,z98jkp1w,2
o1yxvv6q,8rpm61gj,n4d7r172,wkpjll0k,5d77mgqd,5
o1yxvv6q,8rpm61gj,29d30dlp,zd30m4yd,495j1p4w,2
o1yxvv6q,8rpm61gj,29d30dlp,zd30m4yd,n930jkr9,2
o1yxvv6q,8rpm61gj,n4d7r172,wkpjll0k,rdn51e5d,2
o1yxvv6q,8rpm61gj,n4d7r172,wkpjll0k,29vyrrq9,5
o1yxvv6q,8rpm61gj,29d30dlp,zd30m4yd,owokp83d,2
o1yxvv6q,8rpm61gj,29d30dlp,zd30m4yd,z98jk31w,2
o1yxvv6q,8rpm61gj,29d30dlp,zd30m4yd,5d77mjed,2
o1yxvv6q,8rpm61gj,29d30dlp,zd30m4yd,kwjyq01w,2
o1yxvv6q,8rpm61gj,29d30dlp,zd30m4yd,o9x2eg7w,2
o1yxvv6q,8rpm61gj,29d30dlp,zd30m4yd,5wk270xw,2
o1yxvv6q,8rpm61gj,29d30dlp,zd30m4yd,gdrj30kw,2
o1yxvv6q,8rpm61gj,29d30dlp,zd30m4yd,r9gzg62d,1
o1yxvv6q,8rpm61gj,29d30dlp,zd30m4yd,xd10qpy9,2
o1yxvv6q,8rpm61gj,29d30dlp,zd30m4yd,y9meo00d,2
o1yxvv6q,8rpm61gj,29d30dlp,zd30m4yd,kwjyqk1w,2
o1yxvv6q,8rpm61gj,29d30dlp,zd30m4yd,o9x2ey7w,1
o1yxvv6q,8rpm61gj,29d30dlp,zd30m4yd,o9x2e67w,2
o1yxvv6q,8rpm61gj,29d30dlp,zd30m4yd,69zrgl4d,3
o1yxvv6q,8rpm61gj,o1yxvv6q,7kjzq1nd,None,14
o1yxvv6q,8rpm61gj,29d30dlp,9d8v6j7k,None,16
o1yxvv6q,8rpm61gj,29d30dlp,jzd3y2nq,None,50
o1yxvv6q,8rpm61gj,29d30dlp,z2771020,None,23
o1yxvv6q,8rpm61gj,o1yxvv6q,7kjzq1nd,None,11
o1yxvv6q,8rpm61gj,29d30dlp,zd30m4yd,rw6v6269,2
o1yxvv6q,8rpm61gj,29d30dlp,zd30m4yd,o9x1oq6d,5
o1yxvv6q,8rpm61gj,o1yxvv6q,7kjzq1nd,None,18
o1yxvv6q,8rpm61gj,k6q4ogxd,zd3xp9yd,495z3709,3
o1yxvv6q,8rpm61gj,k6q4ogxd,zd3xp9yd,o9xo8p09,3
o1yxvv6q,8rpm61gj,k6q4ogxd,9kv9wvj2,ywe3r6y9,2
o1yxvv6q,8rpm61gj,29d30dlp,zd30m4yd,y9meo60d,2
o1yxvv6q,8rpm61gj,yd487k6e,02qjevzd,None,44
o1yxvv6q,8rpm61gj,yd487k6e,9kv4m8kg,5d7jrqdy,3
o1yxvv6q,8rpm61gj,29d30dlp,zd30m4yd,kwjyqg1w,7
o1yxvv6q,8rpm61gj,yd487k6e,9kv4m8kg,rdnmg59m,4
o1yxvv6q,8rpm61gj,29d30dlp,zd30m4yd,495kzg29,6
o1yxvv6q,8rpm61gj,yd487k6e,9kv4m8kg,xd45zqwm,30
o1yxvv6q,8rpm61gj,yd487k6e,9kv4m8kg,gdr07edz,12
o1yxvv6q,8rpm61gj,yd487k6e,w20ry52n,None,27
o1yxvv6q,8rpm61gj,k6q4ogxd,9kv9wvj2,o9x3rr09,6
o1yxvv6q,8rpm61gj,yd487k6e,9kv4m8kg,rw67xp97,31
o1yxvv6q,8rpm61gj,yd487k6e,9kv4m8kg,ywevpldl,13
o1yxvv6q,8rpm61gj,yd487k6e,9kv4m8kg,n93x3290,16
o1yxvv6q,8rpm61gj,yd487k6e,9kv4m8kg,r9gm5j92,28
o1yxvv6q,y8dnn15j,o1yxvv6q,jdr17vg2,None,7
o1yxvv6q,y8dnn15j,o1yxvv6q,xk9jn84d,None,7
o1yxvv6q,y8dnn15j,o6g7kx62,q25gorvd,None,28
o1yxvv6q,y8dnn15j,m1zk4310,rklx90rk,None,54
o1yxvv6q,y8dnn15j,29d30dlp,nxd1rk8q,None,324
o1yxvv6q,y8dnn15j,nd2e323d,ndx9plod,None,24
o1yxvv6q,y8dnn15j,n4d7w367,9d8pjv7k,None,24
o1yxvv6q,lv8ld7jm,o1yxvv6q,xk9jn84d,None,73
o1yxvv6q,1xyr66mj,29d30dlp,nxd1rk8q,None,42
o1yxvv6q,1xyr66mj,o1yxvv6q,n2yj37z2,None,4
o1yxvv6q,1xyr66mj,29d30dlp,zd30m4yd,kwjyqg1w,3
o1yxvv6q,1xyr66mj,29d30dlp,jzd3y2nq,None,17
o1yxvv6q,1xyr66mj,29d30dlp,zd30m4yd,ywe4e04d,11
o1yxvv6q,1xyr66mj,n4d7r172,wkpjll0k,gdrj358w,7
o1yxvv6q,1xyr66mj,29d30dlp,zd30m4yd,z98jk31w,4
o1yxvv6q,1xyr66mj,yo1yv1q5,4xk906k0,None,111
o1yxvv6q,1xyr66mj,o1yxvv6q,xk9jn84d,None,179
o1yxvv6q,1xyr66mj,29d30dlp,zd30m4yd,495j1q4w,5
o1yxvv6q,1xyr66mj,o1yxvv6q,7kjzq1nd,None,10
o1yxvv6q,1xyr66mj,29d30dlp,zd30m4yd,r9gzgl2d,4
o1yxvv6q,j96d26oj,o1yxvv6q,jdr17vg2,None,11
o1yxvv6q,j96d26oj,m1zok2d0,ndx8gp5k,None,12
o1yxvv6q,j96d26oj,m1zok2d0,9kvx0jo2,None,7
o1yxvv6q,j96d26oj,m1zok2d0,jdrpjm02,None,10
o1yxvv6q,j96d26oj,m1zok2d0,rkler462,None,15
o1yxvv6q,j96d26oj,m1zok2d0,zd3ymwe2,None,64
o1yxvv6q,j96d26oj,4d7983l1,w20g91jk,None,62
o1yxvv6q,j96d26oj,pd0py36e,vdo3oqyd,None,549
o1yxvv6q,j96d26oj,lde3e3e6,xd1gg98d,None,25
o1yxvv6q,j96d26oj,lde3e3e6,9d8441qk,None,529
o1yxvv6q,18q4qoxn,76rvee18,wkpjlpwk,None,4
o1yxvv6q,18q4qoxn,qw6j21jm,wkpyjwjk,None,1
o1yxvv6q,18q4qoxn,o1yxvv6q,wk61oord,None,1
o1yxvv6q,18q4qoxn,o1yxvv6q,wk61oord,None,2
o1yxvv6q,18q4qoxn,qw6j21jm,vdo40e62,None,1
o1yxvv6q,18q4qoxn,qw6j21jm,9zdnw9dq,None,2
o1yxvv6q,18q4qoxn,qw6j21jm,ndx8gnok,xd1jz75d,1
o1yxvv6q,18q4qoxn,o1yxvv6q,02q8l3j2,None,6
o1yxvv6q,18q4qoxn,m9dowk1p,p7kjr423,None,10
o1yxvv6q,18q4qoxn,o1yxvv6q,02q8l3j2,None,2
o1yxvv6q,18q4qoxn,qw6j21jm,ndx8gnok,z98jv6gw,1
o1yxvv6q,18q4qoxn,o1yxvv6q,wk61oord,None,7
o1yxvv6q,18q4qoxn,qw6j21jm,ndx8gnok,rdqzq31d,1
o1yxvv6q,18q4qoxn,qw6j21jm,9zdnw9dq,None,2
o1yxvv6q,18q4qoxn,o1yxvv6q,wk61oord,None,1
o1yxvv6q,18q4qoxn,qw6j21jm,ndx8gnok,xd00rg0d,1
o1yxvv6q,18q4qoxn,3dxevg1y,z277j552,None,6
o1yxvv6q,18q4qoxn,qw6j21jm,ndx8gnok,495jo60w,1
o1yxvv6q,18q4qoxn,yo1yv1q5,wdm8v332,o9x2526w,2
o1yxvv6q,18q4qoxn,yo1yv1q5,wdm8v332,z98jv2rw,3
o1yxvv6q,18q4qoxn,yo1yv1q5,wdm8v332,ywe4k2qd,5
o1yxvv6q,18q4qoxn,n4d7r172,wkpjll0k,495jev2w,1
o1yxvv6q,18q4qoxn,pd05231e,vdo536kp,None,4
o1yxvv6q,18q4qoxn,pd05231e,02qj879d,None,4
o1yxvv6q,18q4qoxn,o1yxvv6q,q2581qj2,None,1
o1yxvv6q,18q4qoxn,yo1yv1q5,wdm8v332,5d77j4vd,1
o1yxvv6q,18q4qoxn,29d30dlp,nxd1rk8q,None,346
o1yxvv6q,18q4qoxn,qw6j21jm,ndx8gnok,ewp72jjw,1
o1yxvv6q,18q4qoxn,qw6j21jm,ndx8gnok,ldy1v5rd,2
o1yxvv6q,18q4qoxn,qw6j21jm,xk90lzgk,None,1
o1yxvv6q,18q4qoxn,qw6j21jm,ndx8gnok,ywe2v87w,1
o1yxvv6q,18q4qoxn,qw6j21jm,ndx8gnok,69zpl4gw,2
o1yxvv6q,18q4qoxn,ok6q4mdg,9d86gp72,n93q3yew,1
o1yxvv6q,18q4qoxn,qw6j21jm,ndx8gnok,gdrj4x6w,1
o1yxvv6q,18q4qoxn,qw6j21jm,ndx8gnok,o9x1ylpd,1
o1yxvv6q,18q4qoxn,qw6j21jm,ndx8gnok,495kq839,1
o1yxvv6q,18q4qoxn,yo1yv1q5,wdm8v332,n9305279,4
o1yxvv6q,18q4qoxn,yo1yv1q5,wdm8v332,kwjyl7rw,3
o1yxvv6q,18q4qoxn,o6gg8n62,n2y1rq12,None,5
o1yxvv6q,18q4qoxn,qw6j21jm,xk90lzgk,None,2
o1yxvv6q,18q4qoxn,ok6q4mdg,9kvpeqek,owo7xyk9,2
o1yxvv6q,18q4qoxn,yo1yv1q5,wdm8v332,owoko1jd,7
o1yxvv6q,18q4qoxn,29d30dlp,zd30m4yd,o9x2e67w,5
o1yxvv6q,18q4qoxn,29d30dlp,zd30m4yd,kwjyqg1w,3
o1yxvv6q,18q4qoxn,yo1yv1q5,wdm8v332,z98jvr7w,7
o1yxvv6q,18q4qoxn,yo1yv1q5,wdm8v332,5wk2zk5w,3
o1yxvv6q,18q4qoxn,yo1yv1q5,wdm8v332,69zrop6d,3
o1yxvv6q,18q4qoxn,o1yxvv6q,xk9jn84d,None,61
o1yxvv6q,18q4qoxn,yo1yv1q5,wdm8v332,rdn5jk5d,3
o1yxvv6q,18q4qoxn,yo1yv1q5,wdm8v332,ewppm7lw,4
o1yxvv6q,18q4qoxn,yo1yv1q5,4xk906k0,None,97
o1yxvv6q,18q4qoxn,yo1yv1q5,wdm8v332,ewppmklw,4
o1yxvv6q,18q4qoxn,yo1yv1q5,wdm8v332,owok1gvd,3
o1yxvv6q,18q4qoxn,ok6q4mdg,9kvpeqek,n93q3yew,1
o1yxvv6q,18q4qoxn,yo1yv1q5,wdm8v332,rw6vpqn9,3
o1yxvv6q,18q4qoxn,yo1yv1q5,wdm8v332,495jok2w,8
o1yxvv6q,18q4qoxn,yo1yv1q5,wdm8v332,n9305229,2
o1yxvv6q,18q4qoxn,29d30dlp,rkle7mw2,None,39
o1yxvv6q,18q4qoxn,o1yxvv6q,xk9jn84d,None,8
o1yxvv6q,18q4qoxn,yo1yv1q5,wdm8v332,rdn5jond,5
o1yxvv6q,18q4qoxn,qw6j21jm,5dwjw40k,xd00rg0d,1
o1yxvv6q,18q4qoxn,yo1yv1q5,wdm8v332,xd10kez9,11
o1yxvv6q,18q4qoxn,yo1yv1q5,wdm8v332,o9x2516w,3
o1yxvv6q,18q4qoxn,yo1yv1q5,wdm8v332,kwjylorw,3
o1yxvv6q,18q4qoxn,yo1yv1q5,wdm8v332,29vy4eq9,2
o1yxvv6q,18q4qoxn,yo1yv1q5,wdm8v332,592j2g7w,2
o1yxvv6q,18q4qoxn,yo1yv1q5,wdm8v332,xd00rk0d,5
o1yxvv6q,18q4qoxn,pdvkpr6w,02qowvzk,ewpplklw,1
o1yxvv6q,18q4qoxn,pdvkpr6w,02qowvzk,z98jxr7w,1
o1yxvv6q,18q4qoxn,pdvkpr6w,02qowvzk,o9x24y0w,1
o1yxvv6q,18q4qoxn,ok6q4mdg,9kvpeqek,ewp72rzw,2
o1yxvv6q,18q4qoxn,qw6j21jm,5dwjw40k,z98rleld,1
o1yxvv6q,18q4qoxn,qw6j21jm,5dwjw40k,rdnogrvw,1
o1yxvv6q,18q4qoxn,qw6j21jm,wkpyjwjk,None,1
o1yxvv6q,18q4qoxn,ok6qvxdg,9d8pm76k,None,1
o1yxvv6q,18q4qoxn,qw6j21jm,5dwjw40k,xd1jz75d,1
o1yxvv6q,18q4qoxn,qw6j21jm,5dwjw40k,ewp72jjw,1
o1yxvv6q,18q4qoxn,pdvm8vdw,zd3y6rr2,None,3
o1yxvv6q,18q4qoxn,ok6q4mdg,9kvpeqek,n93q3ozw,1
o1yxvv6q,18q4qoxn,j1lv4edg,w20zq58d,None,1
o1yxvv6q,18q4qoxn,ok6q4mdg,gq25ovko,None,7
o1yxvv6q,18q4qoxn,m9dowk1p,824x063d,xd0074xd,2
o1yxvv6q,18q4qoxn,m9dowk1p,824x063d,rdnop3qw,2
o1yxvv6q,18q4qoxn,m9dowk1p,824x063d,gdrjqy6w,2
o1yxvv6q,18q4qoxn,m9dowk1p,824x063d,rdn5pqqd,2
o1yxvv6q,18q4qoxn,m9dowk1p,824x063d,o9x2lx0w,3
o1yxvv6q,18q4qoxn,m9dowk1p,824x063d,ldyep3kw,2
o1yxvv6q,18q4qoxn,m9dowk1p,824x063d,nwl6720w,2
o1yxvv6q,18q4qoxn,m9dowk1p,824x063d,69zr48ld,3
o1yxvv6q,18q4qoxn,m9dowk1p,824x063d,ywe48qyd,3
o1yxvv6q,18q4qoxn,m9dowk1p,824x063d,r9gz375d,3
o1yxvv6q,18q4qoxn,m9dowk1p,824x063d,5920omod,2
o1yxvv6q,18q4qoxn,m9dowk1p,824x063d,rdnop7qw,2
o1yxvv6q,18q4qoxn,m9dowk1p,824x063d,29vyx7l9,2
o1yxvv6q,18q4qoxn,m9dowk1p,824x063d,xd46z2r9,2
o1yxvv6q,18q4qoxn,m9dowk1p,824x063d,29vyk039,3
o1yxvv6q,18q4qoxn,m9dowk1p,824x063d,rw6vngr9,2
o1yxvv6q,18q4qoxn,m9dowk1p,824x063d,xd463e29,2
o1yxvv6q,18q4qoxn,m9dowk1p,824x063d,xd007nxd,2
o1yxvv6q,18q4qoxn,m9dowk1p,824x063d,owok23od,3
o1yxvv6q,18q4qoxn,m9dowk1p,824x063d,gdrjqo6w,2
o1yxvv6q,18q4qoxn,m9dowk1p,824x063d,kwjyevnw,2
o1yxvv6q,18q4qoxn,m9dowk1p,824x063d,ewppqokw,3
o1yxvv6q,18q4qoxn,m9dowk1p,824x063d,592jorow,4
o1yxvv6q,18q4qoxn,m9dowk1p,824x063d,y9mepg5d,3
o1yxvv6q,18q4qoxn,m9dowk1p,824x063d,xd1054e9,3
o1yxvv6q,18q4qoxn,yo1yv1q5,wdm8v332,69zrl3od,2
o1yxvv6q,18q4qoxn,yo1yv1q5,wdm8v332,kwjykzzw,3
o1yxvv6q,18q4qoxn,yo1yv1q5,wdm8v332,owokm6yd,2
o1yxvv6q,18q4qoxn,yo1yv1q5,wdm8v332,rdq0m71w,3
o1yxvv6q,18q4qoxn,m9dowk1p,824x063d,nwl67z0w,2
o1yxvv6q,18q4qoxn,m9dowk1p,824x063d,5wk2re2w,3
o1yxvv6q,18q4qoxn,m9dowk1p,824x063d,gdrpqnlw,2
o1yxvv6q,18q4qoxn,m9dowk1p,824x063d,y9m5p05d,2
o1yxvv6q,18q4qoxn,m9dowk1p,824x063d,rdnop77w,2
o1yxvv6q,18q4qoxn,m9dowk1p,824x063d,5wk2rq2w,4
o1yxvv6q,18q4qoxn,m9dowk1p,824x063d,592jo4ow,2
o1yxvv6q,18q4qoxn,m9dowk1p,824x063d,xd463k29,2
o1yxvv6q,18q4qoxn,m9dowk1p,824x063d,29vykz39,2
o1yxvv6q,18q4qoxn,m9dowk1p,824x063d,y9m5p65d,3
o1yxvv6q,18q4qoxn,m9dowk1p,824x063d,xd403129,2
o1yxvv6q,18q4qoxn,m9dowk1p,824x063d,ewp7qnkw,2
o1yxvv6q,18q4qoxn,ok6q4mdg,9kvpeqek,xd1j1x5d,2
o1yxvv6q,18q4qoxn,ok6q4mdg,9kvpeqek,ewp75rjw,2
o1yxvv6q,18q4qoxn,ok6q4mdg,9kvpeqek,kwj7rp7w,2
o1yxvv6q,18q4qoxn,ok6q4mdg,9kvpeqek,29vmp2l9,2
o1yxvv6q,18q4qoxn,ok6q4mdg,9kvpeqek,5920p53d,2
o1yxvv6q,18q4qoxn,ok6q4mdg,9kvpeqek,5d7yr86d,2
o1yxvv6q,18q4qoxn,ok6q4mdg,9kvpeqek,xd0kox49,1
o1yxvv6q,18q4qoxn,ok6q4mdg,9kvpeqek,xd408xr9,1
o1yxvv6q,18q4qoxn,qw6j21jm,5dwjw40k,kwj7r8zw,1
o1yxvv6q,18q4qoxn,qw6j21jm,5dwjw40k,ldy1v5rd,1
o1yxvv6q,18q4qoxn,qw6j21jm,5dwjw40k,5d7yjv6d,1
o1yxvv6q,18q4qoxn,qw6j21jm,5dwjw40k,o9x1ylpd,1
o1yxvv6q,18q4qoxn,qw6j21jm,vdo40e62,None,1
o1yxvv6q,18q4qoxn,qw6j21jm,5dwjw40k,rdqzq31d,1
o1yxvv6q,18q4qoxn,qw6j21jm,5dwjw40k,5d7yrevd,3
o1yxvv6q,18q4qoxn,qw6j21jm,5dwjw40k,69zpl4gw,2
o1yxvv6q,18q4qoxn,m9dowk1p,z27g7eo2,None,1
o1yxvv6q,18q4qoxn,m9dowk1p,824x063d,nwlg7409,3
o1yxvv6q,18q4qoxn,m9dowk1p,824x063d,xd0k7px9,3
o1yxvv6q,18q4qoxn,m9dowk1p,824x063d,rw6qn1rd,2
o1yxvv6q,18q4qoxn,m9dowk1p,824x063d,ldy1plkd,3
o1yxvv6q,18q4qoxn,pdvm8vdw,zd3y6rv2,None,1
o1yxvv6q,18q4qoxn,29d30dlp,zd30m4yd,z98r5q7d,3
o1yxvv6q,18q4qoxn,29d30dlp,zd30m4yd,ldy1k6jd,1
o1yxvv6q,18q4qoxn,29d30dlp,zd30m4yd,29vm0p19,4
o1yxvv6q,18q4qoxn,29d30dlp,zd30m4yd,29vm0p19,4
o1yxvv6q,18q4qoxn,m9dowk1p,824x063d,rdqz182d,2
o1yxvv6q,18q4qoxn,yo1yv1q5,wdm8v332,kwj7kk0w,3
o1yxvv6q,18q4qoxn,n4d7r172,7wk6prd1,None,167
o1yxvv6q,18q4qoxn,m9dowk1p,824x063d,5920okod,2
o1yxvv6q,18q4qoxn,m9dowk1p,824x063d,n93qg1nw,2
o1yxvv6q,18q4qoxn,m9dowk1p,824x063d,5wkkr02w,3
o1yxvv6q,18q4qoxn,m9dowk1p,824x063d,z98r83gd,2
o1yxvv6q,18q4qoxn,m9dowk1p,824x063d,owo728o9,2
o1yxvv6q,18q4qoxn,m9dowk1p,824x063d,z98r83pd,2
o1yxvv6q,18q4qoxn,m9dowk1p,824x063d,ldy1pxrd,3
o1yxvv6q,18q4qoxn,m9dowk1p,824x063d,xd1j5led,3
o1yxvv6q,18q4qoxn,m9dowk1p,824x063d,n93qg1zw,3
o1yxvv6q,18q4qoxn,ok6qvxdg,rklgz8dn,None,20
o1yxvv6q,18q4qoxn,m9dowk1p,wdmz69x2,None,2
o1yxvv6q,18q4qoxn,ok6q4mdg,9kvpeqek,y9m5z8xd,2
o1yxvv6q,18q4qoxn,m9dowk1p,824x063d,5d7y3qgd,2
o1yxvv6q,18q4qoxn,m9dowk1p,824x063d,z98r84gd,3
o1yxvv6q,18q4qoxn,m9dowk1p,824x063d,r9gy3q59,2
o1yxvv6q,18q4qoxn,m9dowk1p,824x063d,kwj7e4nw,2
o1yxvv6q,18q4qoxn,m9dowk1p,824x063d,n93qgznw,2
o1yxvv6q,18q4qoxn,m9dowk1p,824x063d,rw6qn5rd,6
o1yxvv6q,18q4qoxn,ok6q4mdg,9kvpeqek,5wkklppw,2
o1yxvv6q,18q4qoxn,qw6j21jm,5dwjw40k,ldy10jzd,1
o1yxvv6q,18q4qoxn,qw6j21jm,5dwjw40k,69zp0xow,1
o1yxvv6q,18q4qoxn,qw6j21jm,5dwjw40k,o9x10z1d,1
o1yxvv6q,18q4qoxn,qw6j21jm,5dwjw40k,495knrj9,1
o1yxvv6q,18q4qoxn,qw6j21jm,5dwjw40k,r9gy8jk9,1
o1yxvv6q,18q4qoxn,qw6j21jm,5dwjw40k,gdrp7gzw,1
o1yxvv6q,18q4qoxn,qw6j21jm,5dwjw40k,ywe2pnrw,1
o1yxvv6q,18q4qoxn,qw6j21jm,5dwjw40k,nwlgenr9,1
o1yxvv6q,18q4qoxn,qw6j21jm,5dwjw40k,owo7m0k9,1
o1yxvv6q,18q4qoxn,ok6q4mdg,rkl3p4nk,None,6
o1yxvv6q,18q4qoxn,ok6q4mdg,9kvpeqek,rdnogr7w,1
o1yxvv6q,18q4qoxn,ok6q4mdg,9kvpeqek,y9m5zyxd,1
o1yxvv6q,18q4qoxn,ok6q4mdg,9kvpeqek,5wkkl8pw,1
o1yxvv6q,18q4qoxn,ok6q4mdg,9kvpeqek,z98rlnpd,1
o1yxvv6q,18q4qoxn,ok6q4mdg,9kvpeqek,5920p33d,1
o1yxvv6q,18q4qoxn,ok6q4mdg,9kvpeqek,kwj7r37w,2
o1yxvv6q,18q4qoxn,ok6q4mdg,9kvpeqek,5d7yrl6d,1
o1yxvv6q,18q4qoxn,ok6q4mdg,9kvpeqek,ldy10jrd,1
o1yxvv6q,18q4qoxn,ok6q4mdg,9kvpeqek,29vmpjl9,1
o1yxvv6q,18q4qoxn,ok6q4mdg,9kvpeqek,rw6qy3gd,1
o1yxvv6q,18q4qoxn,ok6q4mdg,9kvpeqek,xd0kol49,1
o1yxvv6q,18q4qoxn,ok6q4mdg,9kvpeqek,xd1j165d,2
o1yxvv6q,18q4qoxn,ok6q4mdg,9kvpeqek,r9gy8xp9,2
o1yxvv6q,18q4qoxn,ok6q4mdg,9kvpeqek,69zp0zgw,1
o1yxvv6q,18q4qoxn,ok6q4mdg,9kvpeqek,n93q38ew,1
o1yxvv6q,18q4qoxn,ok6q4mdg,9kvpeqek,rdqzql2d,1
o1yxvv6q,18q4qoxn,ok6q4mdg,9kvpeqek,owo7xlk9,1
o1yxvv6q,18q4qoxn,ok6q4mdg,9kvpeqek,nwlge3e9,1
o1yxvv6q,18q4qoxn,ok6q4mdg,9kvpeqek,n93q38zw,1
o1yxvv6q,18q4qoxn,ok6q4mdg,9kvpeqek,495kn439,1
o1yxvv6q,18q4qoxn,ok6q4mdg,9kvpeqek,ewp75ejw,1
o1yxvv6q,18q4qoxn,ok6q4mdg,9kvpeqek,o9x104pd,1
o1yxvv6q,18q4qoxn,ok6q4mdg,9kvpeqek,rw6qyrgd,1
o1yxvv6q,18q4qoxn,ok6q4mdg,9kvpeqek,xd408nr9,1
o1yxvv6q,18q4qoxn,ok6q4mdg,9kvpeqek,ywe2pl7w,2
o1yxvv6q,18q4qoxn,ok6q4mdg,9kvpeqek,z98rlepd,1
o1yxvv6q,18q4qoxn,ok6q4mdg,9kvpeqek,nwlgmor9,1
o1yxvv6q,18q4qoxn,ok6q4mdg,9kvpeqek,495kq4j9,2
o1yxvv6q,18q4qoxn,ok6q4mdg,9kvpeqek,69zpl2ow,1
o1yxvv6q,18q4qoxn,ok6q4mdg,9kvpeqek,kwj7kpzw,2
o1yxvv6q,18q4qoxn,ok6q4mdg,9kvpeqek,ywe2v5rw,1
o1yxvv6q,18q4qoxn,ok6q4mdg,9kvpeqek,r9gymxk9,2
o1yxvv6q,18q4qoxn,ok6q4mdg,9kvpeqek,owo7myy9,2
o1yxvv6q,18q4qoxn,qw6j21jm,5dwjw40k,495kq839,2
o1yxvv6q,18q4qoxn,qw6j21jm,5dwjw40k,kwj7k57w,1
o1yxvv6q,18q4qoxn,qw6j21jm,5dwjw40k,rdqzm12d,3
o1yxvv6q,18q4qoxn,qw6j21jm,5dwjw40k,r9gym3p9,1
o1yxvv6q,18q4qoxn,qw6j21jm,5dwjw40k,ywe2v87w,1
o1yxvv6q,18q4qoxn,268pjodp,5dwjp6lk,None,16
o1yxvv6q,48gp1lp8,yo1yv1q5,wdm8v332,gdrp6l8w,1
o1yxvv6q,48gp1lp8,o1yxvv6q,xk9jn84d,None,4
o1yxvv6q,48gp1lp8,m1mj5412,jdz93zx2,None,1
o1yxvv6q,48gp1lp8,yo1yv1q5,xk9g1w6d,None,20
o1yxvv6q,48gp1lp8,yo1yv1q5,vdo46qy2,None,1
o1yxvv6q,48gp1lp8,29d30dlp,nxd1rk8q,None,70
o1yxvv6q,48gp1lp8,yo1yv1q5,xk9l5yk0,None,2
o1yxvv6q,48gp1lp8,yo1yv1q5,wdm8v332,ldy1l6jd,1
o1yxvv6q,48gp1lp8,yo1yv1q5,wdm8v332,kwjvkgnw,1
o1yxvv6q,48gp1lp8,yo1yv1q5,vdo0nzod,None,19
o1yxvv6q,48gp1lp8,yo1yv1q5,wz27gz20,None,25
o1yxvv6q,48gp1lp8,yo1yv1q5,4xk906k0,None,36
o1yxvv6q,48gp1lp8,yo1yv1q5,wdm8v332,owo7mkk9,1
o1yxvv6q,v8le0d2x,yo1yv1q5,4xk906k0,None,106
o1yxvv6q,v8le0d2x,o1yxvv6q,xk9jn84d,None,77
o1yxvv6q,qjomy3lx,4d7n5vr6,7kjl5vz2,z98l6z1d,1
o1yxvv6q,qjomy3lx,4d7n5vr6,7kjl5vz2,rdng0l69,1
o1yxvv6q,qjomy3lx,4d7n5vr6,7kjl5vz2,5wkljnx9,3
o1yxvv6q,qjomy3lx,4d7n5vr6,7kjl5vz2,ldy0y579,1
o1yxvv6q,qjomy3lx,4d7n5vr6,7kjl5vz2,xd48jy8w,1
o1yxvv6q,qjomy3lx,4d7n5vr6,7kjl5vz2,xd0og2jd,1
o1yxvv6q,qjomy3lx,4d7n5vr6,7kjl5vz2,rw6y4l69,1
o1yxvv6q,qjomy3lx,4d7n5vr6,7kjl5vz2,592pz86w,2
o1yxvv6q,qjomy3lx,4d7n5vr6,7kjl5vz2,n9337nr9,1
o1yxvv6q,qjomy3lx,k6qrq91g,jdz7vxrk,None,15
o1yxvv6q,qjomy3lx,j1n29w1p,z2739god,None,369
o1yxvv6q,qjomy3lx,j1n29w1p,zdnr7wx2,None,78
o1yxvv6q,qjomy3lx,4d7n5vr6,vdop6692,None,2
o1yxvv6q,qjomy3lx,k6qerz6g,5dwgj0ek,None,93
o1yxvv6q,qjomy3lx,k6qw8g96,9d8l0pw2,None,14
o1yxvv6q,qjomy3lx,k6qrq91g,ndxz0okq,None,10
o1yxvv6q,qjomy3lx,k6qrq91g,9d819qkn,None,29
o1yxvv6q,qjomy3lx,nd24q310,wkpqp1wd,None,49
o1yxvv6q,qjomy3lx,k6qerz6g,wkp3jpg2,None,108
o1yxvv6q,qjomy3lx,k6qerz6g,7dg68z7k,None,23
o1yxvv6q,qjomy3lx,k6qerz6g,mke4oe82,None,16
o1yxvv6q,qjomy3lx,k6q4p3xd,02qon7zk,None,1
o1yxvv6q,qjomy3lx,k6q4p3xd,wdm8m5x2,rdnzqo6d,3
o1yxvv6q,qjomy3lx,k6q4p3xd,wdm8m5x2,ldyg317d,1
o1yxvv6q,qjomy3lx,k6q4p3xd,wdm8m5x2,gdrxyjkd,1
o1yxvv6q,qjomy3lx,k6q4p3xd,wdm8m5x2,nwlo26gw,1
o1yxvv6q,qjomy3lx,k6q4p3xd,wdm8m5x2,o9x7x27d,1
o1yxvv6q,qjomy3lx,k6q4p3xd,wdm8m5x2,ywe5q44w,1
o1yxvv6q,qjomy3lx,k6q4p3xd,wdm8m5x2,r9g47z29,1
o1yxvv6q,qjomy3lx,k6q4p3xd,wdm8m5x2,4955mj49,1
o1yxvv6q,qjomy3lx,k6q4p3xd,wdm8m5x2,kwjzvy19,1
o1yxvv6q,qjomy3lx,k6q4p3xd,wdm8m5x2,69z28r49,1
o1yxvv6q,qjomy3lx,k6q4p3xd,wdm8m5x2,5d7427ed,1
o1yxvv6q,qjomy3lx,k6q4p3xd,wdm8m5x2,rdq7n0g9,1
o1yxvv6q,qjomy3lx,k6q4p3xd,xd1eyq82,None,2
o1yxvv6q,qjomy3lx,268r4y1p,xd175p4d,59253p39,7
o1yxvv6q,qjomy3lx,m1zjnrm6,wdm8x5o2,None,27
o1yxvv6q,qjomy3lx,m1zjnrm6,w20ygq5k,None,12
o1yxvv6q,qjomy3lx,m1zjnrm6,vdo31e9d,None,16
o1yxvv6q,qjomy3lx,m1zjnrm6,wdm8x5o2,None,8
o1yxvv6q,qjomy3lx,m1zjnrm6,7dg9nmpk,None,22
o1yxvv6q,qjomy3lx,m1zjnrm6,vdo385vd,None,8
o1yxvv6q,qjomy3lx,m1zjnrm6,wkpv15wk,None,8
o1yxvv6q,qjomy3lx,m1zjnrm6,vdo31e9d,None,6
o1yxvv6q,qjomy3lx,m1zjnrm6,w20ygq5k,None,34
o1yxvv6q,qjomy3lx,m1zjnrm6,vdo385vd,None,24
o1yxvv6q,qjomy3lx,m1zjnrm6,wkpv15wk,None,26
o1yxvv6q,qjomy3lx,j1n3mwdp,5dwjw0ek,None,48
o1yxvv6q,qjomy3lx,nd2enyvd,9d8x7yw2,None,4
o1yxvv6q,qjomy3lx,om1mx362,7kjvmgk3,None,434
o1yxvv6q,qjomy3lx,k6q4p3xd,9d86qnq2,None,2
o1yxvv6q,qjomy3lx,o1yxvv6q,9d8jx46k,None,51
o1yxvv6q,qjomy3lx,k6q4p3xd,9d86qnq2,None,7
o1yxvv6q,qjomy3lx,k6q4p3xd,zd369rnd,None,3
o1yxvv6q,qjomy3lx,268r4y1p,zd37qev2,5d78lr6w,5
o1yxvv6q,qjomy3lx,268r4y1p,9kvynz8k,5d78lr6w,6
o1yxvv6q,qjomy3lx,268r4y1p,rkljnynd,5d78lr6w,8
o1yxvv6q,qjomy3lx,268r4y1p,xd175p4d,5d78lr6w,11
o1yxvv6q,qjomy3lx,268r4y1p,xd175p4d,xd1x6159,2
o1yxvv6q,qjomy3lx,268r4y1p,xd175p4d,xd1x6159,5
o1yxvv6q,qjomy3lx,268r4y1p,xd175p4d,29v2jpld,7
o1yxvv6q,qjomy3lx,268r4y1p,xd175p4d,5wkp8lpd,3
o1yxvv6q,qjomy3lx,268r4y1p,xd175p4d,ewpre5jd,7
o1yxvv6q,qjomy3lx,268r4y1p,xd175p4d,y9m8yzxd,6
o1yxvv6q,qjomy3lx,268r4y1p,xd175p4d,kwjp3r7w,7
o1yxvv6q,qjomy3lx,268r4y1p,xd175p4d,owoylxk9,7
o1yxvv6q,qjomy3lx,268r4y1p,xd175p4d,xd4xn8r9,9
o1yxvv6q,qjomy3lx,kdkmoe1m,9d8xw32n,None,54
o1yxvv6q,qjomy3lx,268xm51p,n2y33r1d,None,24
o1yxvv6q,qjomy3lx,268xm51p,n2y33r1d,None,73
o1yxvv6q,xz7ygprj,v1po2p68,wkpv6jkr,None,10
o1yxvv6q,xz7ygprj,pdvzq5r6,w20339j2,None,8
o1yxvv6q,xz7ygprj,76r43l18,w20wryod,None,261
o1yxvv6q,xz7ygprj,w6j7vpx6,z27weg5k,None,74
o1yxvv6q,xz7ygprj,w6j7y76j,wdmq4o32,None,9
o1yxvv6q,xz7ygprj,pdvzq5r6,w20339j2,None,5
o1yxvv6q,xz7ygprj,w6j7y76j,n2y7q72o,None,19
o1yxvv6q,xz7ygprj,w6j7y76j,zdnzl69d,xd41k22d,5
o1yxvv6q,xz7ygprj,pdvzq5r6,wdm6l6ok,None,4
o1yxvv6q,xz7ygprj,pdvzq5r6,wdm6l6ok,None,3
o1yxvv6q,xz7ygprj,w6j7y76j,w20yo98k,None,9
o1yxvv6q,xz7ygprj,v1po2p68,wkpv6jkr,None,19
o1yxvv6q,xz7ygprj,pdv2ry96,w20n1ezd,n93xj3z9,1
o1yxvv6q,xz7ygprj,pdv2ry96,w20n1ezd,rw676yg9,2
o1yxvv6q,xz7ygprj,v1pokj46,n2ygyee2,None,6
o1yxvv6q,xz7ygprj,om1mx362,zd3qprkn,xd0l3mdq,12
o1yxvv6q,xz7ygprj,om1mx362,zd3qprkn,rdqggo9x,35
o1yxvv6q,xz7ygprj,om1mx362,zd3qprkn,ywennlwl,157
o1yxvv6q,xz7ygprj,o1yxvv6q,9d8jx46k,None,55
o1yxvv6q,xz7ygprj,v1pokj46,7kj6nog2,None,6
o1yxvv6q,x3qw4qkj,y655lg06,xd1jy6wd,None,17
o1yxvv6q,x3qw4qkj,o1yj0pr1,n2yv8112,None,10
o1yxvv6q,x3qw4qkj,o1yj0pr1,n2yv8112,None,3
o1yxvv6q,x3qw4qkj,n4d7r172,7wk6prd1,None,23
o1yxvv6q,x3qw4qkj,o1yxvv6q,n2yj37z2,None,7
o1yxvv6q,x3qw4qkj,qw6j21jm,9zdnw9dq,None,8
o1yxvv6q,x3qw4qkj,n4d7r172,wkpjll0k,xd0055md,3
o1yxvv6q,x3qw4qkj,29d30dlp,nxd1rk8q,None,107
o1yxvv6q,zx7949rj,m1mxpzk6,wk68v7q2,None,12
o1yxvv6q,zx7949rj,m1mxpzk6,q25m3qyd,y9m1n819,3
o1yxvv6q,zx7949rj,o1yxvv6q,7kjzq1nd,None,30
o1yxvv6q,zx7949rj,29d30dlp,z2771020,None,37
o1yxvv6q,zx7949rj,29d30dlp,zd30m4yd,69zp6j6w,4
o1yxvv6q,zx7949rj,k6q4rqzd,zd38mevk,y9myvy09,15
o1yxvv6q,jpr9o358,yo1yv1q5,wdm8v332,ywe4rkld,5
o1yxvv6q,jpr9o358,om1mx362,zd3qprkn,ywennlwl,105
o1yxvv6q,jpr9o358,o1yxvv6q,9d8jx46k,None,45
o1yxvv6q,jpr9o358,o1yxvv6q,xk9jn84d,None,101
o1yxvv6q,jpr9o358,o1yxvv6q,xk9jn84d,None,18
o1yxvv6q,jpr9o358,yo1yv1q5,wdm8v332,gdrjm4ew,7
o1yxvv6q,jpr9o358,yo1yv1q5,wdm8v332,y9meq5ld,19
o1yxvv6q,jpr9o358,yo1yv1q5,wdm8v332,xd4644q9,7
o1yxvv6q,jpr9o358,yo1yv1q5,wdm8v332,495jok2w,15
o1yxvv6q,jpr9o358,j1l55j6g,ndxpyqj2,5wkrk259,2
o1yxvv6q,7j49okw8,o1yxvv6q,7kjzq1nd,None,36
o1yxvv6q,7j49okw8,29d30dlp,z2771020,None,84
o1yxvv6q,j4vrn25j,nd2emo3d,02qmz4yd,None,1
o1yxvv6q,j4vrn25j,nd2emo3d,824j4nw2,None,1
o1yxvv6q,j4vrn25j,o1yxvv6q,xk9jn84d,None,9
o1yxvv6q,j4vrn25j,46w25v76,z27vgm52,None,1
o1yxvv6q,j4vrn25j,46w25v76,z27vgq02,None,1
o1yxvv6q,j4vrn25j,46w25v76,ndxnjv1k,None,1
o1yxvv6q,j4vrn25j,76r3lrq6,ndxn3p5k,None,1
o1yxvv6q,j4vrn25j,46w25v76,xk9x0qyk,None,1
o1yxvv6q,j4vrn25j,46w25v76,z27vgm52,None,1
o1yxvv6q,j4vrn25j,46w25v76,7kj9ven2,None,1
o1yxvv6q,j4vrn25j,76r3lrq6,mkey5mx2,None,1
o1yxvv6q,j4vrn25j,46w25v76,7dgy4lxd,None,1
o1yxvv6q,j4vrn25j,46w25v76,9d8lp972,None,1
o1yxvv6q,j4vrn25j,76r3lrq6,7kj97q42,None,1
o1yxvv6q,j4vrn25j,46w25v76,z27vgm52,None,1
o1yxvv6q,j4vrn25j,46w25v76,xk9x0qyk,None,1
o1yxvv6q,j4vrn25j,76r3lrq6,7kj97q42,None,1
o1yxvv6q,j4vrn25j,46w25v76,7kj9ven2,None,1
o1yxvv6q,j4vrn25j,76r3lrq6,7kj97q42,None,1
o1yxvv6q,j4vrn25j,76r3lrq6,7kj97q42,None,1
o1yxvv6q,j4vrn25j,76r3lrq6,7kj97q42,None,1
o1yxvv6q,j4vrn25j,46w25v76,xk9x0qyk,None,1
o1yxvv6q,j4vrn25j,76r3lrq6,jdzn5zgd,None,1
o1yxvv6q,j4vrn25j,3dxke2p1,7kj785nk,None,17
o1yxvv6q,j4vrn25j,46w25v76,ndxnjv1k,None,1
o1yxvv6q,j4vrn25j,w6j7exe6,vdo598ok,y9mmpr19,1
o1yxvv6q,j4vrn25j,w6j7exe6,vdo598ok,z98o88pd,1
o1yxvv6q,j4vrn25j,w6j7exe6,vdo598ok,ewp2qjj9,1
o1yxvv6q,j4vrn25j,w6j7exe6,vdo598ok,xd0e7x19,1
o1yxvv6q,j4vrn25j,w6j7exe6,vdo598ok,xd1z575w,1
o1yxvv6q,j4vrn25j,w6j7exe6,vdo598ok,nwlm7nr9,1
o1yxvv6q,j4vrn25j,76r3lrq6,ndxn3p5k,None,1
o1yxvv6q,j4vrn25j,9d3rpowd,wk60p9qk,None,11
o1yxvv6q,j4vrn25j,46w25v76,7dgy4lxd,None,1
o1yxvv6q,j4vrn25j,76r3lrq6,zdnyq99k,None,1
o1yxvv6q,j4vrn25j,76r3lrq6,7kj97q42,None,1
o1yxvv6q,j4vrn25j,46w25v76,z27vgq02,None,1
o1yxvv6q,j4vrn25j,76r3lrq6,7kj97q42,None,1
o1yxvv6q,j4vrn25j,76r3lrq6,jdzn5zgd,None,1
o1yxvv6q,j4vrn25j,76r3lrq6,7kj9rw42,None,1
o1yxvv6q,j4vrn25j,76r3lrq6,jdzn6n6d,None,1
o1yxvv6q,j4vrn25j,76r3lrq6,mkey5mx2,None,1
o1yxvv6q,j4vrn25j,76r3lrq6,7kj97q42,None,1
o1yxvv6q,j4vrn25j,76r3lrq6,7kj97q42,None,1
o1yxvv6q,j4vrn25j,46w25v76,mkeyq3x2,None,1
o1yxvv6q,j4vrn25j,76r3lrq6,mkey5mx2,None,1
o1yxvv6q,j4vrn25j,76r3lrq6,n2yn1zmk,None,1
o1yxvv6q,j4vrn25j,46w25v76,9d8lp972,None,1
o1yxvv6q,j4vrn25j,46w25v76,7dgy4lxd,None,1
o1yxvv6q,j4vrn25j,76r3lrq6,7kj97q42,None,1
o1yxvv6q,j4vrn25j,76r3lrq6,7kj97q42,None,1
o1yxvv6q,j4vrn25j,76r3lrq6,7kj9rw42,None,1
o1yxvv6q,j4vrn25j,46w25v76,xk9x044k,None,1
o1yxvv6q,j4vrn25j,76r3lrq6,jdzn6n6d,None,1
o1yxvv6q,j4vrn25j,76r3lrq6,7kj97q42,None,1
o1yxvv6q,j4vrn25j,46w25v76,xk9x044k,None,1
o1yxvv6q,j4vrn25j,46w25v76,7kj9ven2,None,1
o1yxvv6q,j4vrn25j,76r3lrq6,mkey5mx2,None,2
o1yxvv6q,j4vrn25j,76r3lrq6,q25146vd,None,1
o1yxvv6q,j4vrn25j,76r3lrq6,jdzn5zgd,None,2
o1yxvv6q,j4vrn25j,76r3lrq6,wk63jyrk,None,4
o1yxvv6q,j4vrn25j,76r3lrq6,mkey5mx2,None,3
o1yxvv6q,j4vrn25j,369p7el1,zd3wng8k,None,5
o1yxvv6q,j4vrn25j,369p7el1,wdm8wpe2,None,6
o1yxvv6q,j4vrn25j,76r3lrq6,q25146vd,None,8
o1yxvv6q,j4vrn25j,pd0w2o21,9d8g48lk,None,8
o1yxvv6q,j4vrn25j,yo1yv1q5,wdm8v332,kwjylorw,4
o1yxvv6q,j4vrn25j,yo1yv1q5,wdm8v332,gdrjm4ew,7
o1yxvv6q,v8l4oqvj,n4d7r172,q254wgdo,None,7
o1yxvv6q,v8l4oqvj,yo1yv1q5,4xk906k0,None,34
o1yxvv6q,v8l4oqvj,o1yxvv6q,n2yj37z2,None,14
o1yxvv6q,8qzg4gd8,o1yxvv6q,7kjzq1nd,None,2
o1yxvv6q,8qzg4gd8,29d30dlp,nxd1rk8q,None,33
o1yxvv6q,o86qmmwx,o1yxvv6q,xk9jn84d,None,4
o1yxvv6q,o86qmmwx,yo1yv1q5,4xk906k0,None,9
o1yxvv6q,o86nvwxz,yo1yv1q5,xk9g1w6d,None,94
o1yxvv6q,o86nvwxz,j1nqoy1p,vdo3nw9d,None,1
o1yxvv6q,o86nvwxz,j1nqoy1p,xd1memrd,592oynrd,1
o1yxvv6q,o86nvwxz,j1nqoy1p,xd1memrd,ldypo5rd,1
o1yxvv6q,o86nvwxz,j1nqoy1p,xd1memrd,xd078l4w,1
o1yxvv6q,o86nvwxz,j1nqoy1p,xd1memrd,n93gryed,1
o1yxvv6q,o86nvwxz,j1nqoy1p,xd1memrd,xd43lrp9,1
o1yxvv6q,o86nvwxz,j1nqoy1p,xd1memrd,29vkq5nd,1
o1yxvv6q,o86nvwxz,o1yxvv6q,7dg4n7ld,None,1
o1yxvv6q,o86nvwxz,j1nqoy1p,xd1memrd,xd07831w,1
o1yxvv6q,o86nvwxz,j1nqoy1p,xd1memrd,rw6nze7d,1
o1yxvv6q,o86nvwxz,j1nqoy1p,xd1memrd,n93grned,1
o1yxvv6q,o86nvwxz,j1nqoy1p,xd1memrd,592oynrd,2
o1yxvv6q,o86nvwxz,j1nqoy1p,zd30e6vd,rw6vqp69,3
o1yxvv6q,o86nvwxz,j1nqoy1p,zd30e6vd,owok7o3d,4
o1yxvv6q,o86nvwxz,j1nqoy1p,xd1memrd,rw6nze7d,2
o1yxvv6q,o86nvwxz,j1nqoy1p,xd1memrd,n93gryed,2
o1yxvv6q,o86nvwxz,j1nqoy1p,xd1memrd,n93grned,2
o1yxvv6q,o86nvwxz,j1nqoy1p,xd1memrd,ldypo5rd,2
o1yxvv6q,o86nvwxz,j1nqoy1p,xd1memrd,xd078l4w,2
o1yxvv6q,o86nvwxz,j1nqoy1p,mke9x59d,None,8
o1yxvv6q,o86nvwxz,yd4qyk6e,w20zxe8d,None,2
o1yxvv6q,o86nvwxz,yd4qyk6e,7dgg0ggd,None,4
o1yxvv6q,o86nvwxz,m1zq9m10,7dgje4d4,None,4
o1yxvv6q,o86nvwxz,j1nqoy1p,xd1memrd,ewpp714w,4
o1yxvv6q,o86nvwxz,j1nqoy1p,xd1memrd,ldye1n7w,4
o1yxvv6q,o86nvwxz,j1nqoy1p,xd1memrd,gdrjpmkw,6
o1yxvv6q,o86nvwxz,j1nqoy1p,zd30e6vd,5wkk0z2w,7
o1yxvv6q,o86nvwxz,j1nqoy1p,mke9x59d,None,23
o1yxvv6q,o86nvwxz,j1nqoy1p,xd1memrd,kwjy7n1w,4
o1yxvv6q,o86nvwxz,j1nqoy1p,zd30e6vd,ldy1qnkd,2
o1yxvv6q,o86nvwxz,j1nqoy1p,xd1memrd,ldye10zw,2
o1yxvv6q,o86nvwxz,j1nqoy1p,mke9x59d,None,9
o1yxvv6q,o86nvwxz,j1nqoy1p,zd30e6vd,rw6q2prd,5
o1yxvv6q,o86nvwxz,j1nqoy1p,xd1memrd,5wk2kyxw,3
o1yxvv6q,o86nvwxz,j1nqoy1p,zd30e6vd,29vmge39,11
o1yxvv6q,o86nvwxz,j1nqoy1p,mke9x59d,None,9
o1yxvv6q,o86nvwxz,j1nqoy1p,mke9x59d,None,12
o1yxvv6q,o86nvwxz,j1nqoy1p,mke9x59d,None,26
o1yxvv6q,o86nvwxz,j1nqoy1p,mke9x59d,None,16
o1yxvv6q,o86nvwxz,46wryl1r,xd1v8wd8,None,26
o1yxvv6q,o86nvwxz,j1lzrv6g,wkpjy6vk,None,2
o1yxvv6q,jo3lzp7j,yo1yv1q5,4xk906k0,None,55
o1yxvv6q,jo3lzp7j,o1yxvv6q,xk9jn84d,None,18
o1yxvv6q,jo3lzp7j,o1yxvv6q,xk9jn84d,None,8
o1yxvv6q,jo3lzp7j,o1yxvv6q,xk9jn84d,None,3
o1yxvv6q,jo3lzp7j,yo1yv1q5,wdm8v332,592j2g7w,1
o1yxvv6q,jo3lzp7j,yo1yv1q5,wdm8v332,y9meq5ld,4
o1yxvv6q,jo3lzp7j,yo1yv1q5,wdm8v332,rw6v88p9,11
o1yxvv6q,jo3lzp7j,yo1yv1q5,wdm8v332,r9gz0kqd,3
o1yxvv6q,jo3lzp7j,j1n884e1,vdozn5yk,xd0plk0w,2
o1yxvv6q,jo3lzp7j,j1n884e1,vdozn5yk,n93k8q7w,2
o1yxvv6q,jo3lzp7j,j1n884e1,824l9nmd,None,2
o1yxvv6q,jo3lzp7j,j1n884e1,9d8ony62,None,3
o1yxvv6q,jo3lzp7j,j1n884e1,824l9nmd,None,2
o1yxvv6q,jo3lzp7j,j1n884e1,9d8ony62,None,4
o1yxvv6q,jo3lzp7j,j1n884e1,xd11qj7d,None,5
o1yxvv6q,jo3lzp7j,pdvz55k6,rkl3g36k,None,43
o1yxvv6q,jo3lzp7j,yo1yv1q5,xk9g1w6d,None,29
o1yxvv6q,jo3lzp7j,4d7eyz67,5dw65je2,None,255
o1yxvv6q,jo3lzp7j,4d7eyz67,5dw65je2,None,22
o1yxvv6q,jo3lzp7j,4d7eyz67,5dw65je2,None,53
o1yxvv6q,jo3lzp7j,4d7eyz67,5dw65je2,None,24
o1yxvv6q,jo3lzp7j,9dow4ze1,vdom9jv2,None,18
o1yxvv6q,jo3lzp7j,9d3qj01l,xd1m698d,None,39
o1yxvv6q,jo3lzp7j,o1y7kv1q,wkpmq70k,None,39
o1yxvv6q,jo3lzp7j,pdvz4v6w,9kvmv3kg,None,107
o1yxvv6q,jo3lzp7j,j1n884e1,xd11qj7d,None,11
o1yxvv6q,jo3lzp7j,j1n884e1,vdozn5yk,nwl0nkpw,1
o1yxvv6q,jo3lzp7j,j1n884e1,vdozn5yk,ywe0nzq9,6
o1yxvv6q,jo3lzp7j,j1n884e1,vdozn5yk,69z7xm6w,6
o1yxvv6q,jo3lzp7j,j1n884e1,vdozn5yk,r9g6rkqw,5
o1yxvv6q,jo3lzp7j,j1n884e1,vdozn5yk,o9x6km69,5
o1yxvv6q,jo3lzp7j,j1n884e1,vdozn5yk,495pyv2w,3
o1yxvv6q,jo3lzp7j,j1n884e1,vdozn5yk,5d7pl65d,2
o1yxvv6q,jo3lzp7j,j1n884e1,vdozn5yk,kwj03ord,4
o1yxvv6q,jo3lzp7j,j1n884e1,vdozn5yk,owo8lgvd,3
o1yxvv6q,jo3lzp7j,j1n884e1,vdozn5yk,xd1p6vqd,2
o1yxvv6q,jo3lzp7j,j1n884e1,vdozn5yk,ewpnekl9,2
o1yxvv6q,jo3lzp7j,j1n884e1,vdozn5yk,y9m0yklw,2
o1yxvv6q,jo3lzp7j,j1n884e1,vdozn5yk,5wk08g59,3
o1yxvv6q,jo3lzp7j,j1n884e1,vdozn5yk,592m3vgw,3
o1yxvv6q,jo3lzp7j,j1n884e1,vdozn5yk,rdqyg6m9,2
o1yxvv6q,jo3lzp7j,j1lqqgz6,9kvqewed,69z77nlw,1
o1yxvv6q,jo3lzp7j,j1lqqgz6,9kvqewed,r9g6615w,1
o1yxvv6q,jo3lzp7j,j1lqqgz6,9kvqewed,o9x66309,1
o1yxvv6q,jo3lzp7j,j1lqqgz6,9kvqewed,rdqyy5k9,1
o1yxvv6q,jo3lzp7j,j1lqqgz6,9kvqewed,5d7ppzgd,1
o1yxvv6q,jo3lzp7j,j1lqqgz6,9kvqewed,kwj001nd,1
o1yxvv6q,jo3lzp7j,j1lqqgz6,9kvqewed,owo88qod,1
o1yxvv6q,jo3lzp7j,j1lqqgz6,xd11n6zd,None,1
o1yxvv6q,jo3lzp7j,j1lqqgz6,xd11n6zd,None,1
o1yxvv6q,jo3lzp7j,j1lqqgz6,zd3v1pe2,69z77nlw,1
o1yxvv6q,jo3lzp7j,j1lqqgz6,zd3v1pe2,r9g6615w,1
o1yxvv6q,jo3lzp7j,j1lqqgz6,zd3v1pe2,o9x66309,1
o1yxvv6q,jo3lzp7j,j1lqqgz6,zd3v1pe2,495ppl0w,1
o1yxvv6q,jo3lzp7j,j1lqqgz6,zd3v1pe2,rdqyy5k9,1
o1yxvv6q,jo3lzp7j,j1lqqgz6,zd3v1pe2,5d7ppzgd,1
o1yxvv6q,jo3lzp7j,j1lqqgz6,zd3v1pe2,kwj001nd,1
o1yxvv6q,jo3lzp7j,j1lqqgz6,zd3v1pe2,owo88qod,1
o1yxvv6q,jo3lzp7j,j1lqqgz6,zd3v1pe2,xd1pp8ed,1
o1yxvv6q,jo3lzp7j,j1lqqgz6,zd3v1pe2,ewpnn8k9,1
o1yxvv6q,jo3lzp7j,j1lqqgz6,zd3v1pe2,y9m0025w,1
o1yxvv6q,jo3lzp7j,j1lqqgz6,zd3v1pe2,5wk00q29,1
o1yxvv6q,jo3lzp7j,j1lqqgz6,zd3vegr2,None,2
o1yxvv6q,jo3lzp7j,j1lqqgz6,xd11n6zd,None,2
o1yxvv6q,jo3lzp7j,j1lqqgz6,xd11n6zd,None,3
o1yxvv6q,jo3lzp7j,j1lqqgz6,xd11n6zd,None,2
o1yxvv6q,jo3lzp7j,j1lqqgz6,zdnnvmxd,None,1
o1yxvv6q,jo3lzp7j,j1lqqgz6,xd11n6zd,None,1
o1yxvv6q,jo3lzp7j,j1lqqgz6,xd11n6zd,None,1
o1yxvv6q,jo3lzp7j,m1mxy9x6,wdmvpr5d,None,1
o1yxvv6q,jo3lzp7j,m1mxy9x6,xd14zq7d,None,1
o1yxvv6q,jo3lzp7j,m1mxy9x6,xd14zq7d,None,1
o1yxvv6q,jo3lzp7j,m1mxy9x6,wdmvpr5d,None,6
o1yxvv6q,jo3lzp7j,m1mxy9x6,wdmvpr5d,None,2
o1yxvv6q,jo3lzp7j,m1mxy9x6,zdnlgye2,rdqopkkw,1
o1yxvv6q,jo3lzp7j,m1mxy9x6,zdnlgye2,5d7xnmg9,1
o1yxvv6q,jo3lzp7j,m1mxy9x6,xk9ezx42,5d7xnmg9,2
o1yxvv6q,jo3lzp7j,m1mxy9x6,xk9ezx42,o9xo8e09,2
o1yxvv6q,jo3lzp7j,m1mxy9x6,xk9ezx42,495z3109,2
o1yxvv6q,jo3lzp7j,m1mxy9x6,xk9ezx42,rdqopkkw,2
o1yxvv6q,jo3lzp7j,w6j7exe6,824n7ynk,None,2
o1yxvv6q,jo3lzp7j,w6j7exe6,vdo598ok,z98o8zld,2
o1yxvv6q,jo3lzp7j,w6j7exe6,vdo598ok,n93xggz9,2
o1yxvv6q,jo3lzp7j,w6j7exe6,vdo598ok,rw67nvg9,1
o1yxvv6q,jo3lzp7j,w6j7exe6,vdo598ok,o9xyl41d,3
o1yxvv6q,jo3lzp7j,w6j7exe6,wdm5y0e2,None,1
o1yxvv6q,jo3lzp7j,w6j7exe6,9d8yq7lk,None,5
o1yxvv6q,jo3lzp7j,w6j7exe6,w20q60jd,None,1
o1yxvv6q,jo3lzp7j,w6j7exe6,02q4nq9d,None,8
o1yxvv6q,jo3lzp7j,om1mx362,7kjvmgk3,None,471
o1yxvv6q,jo3lzp7j,yo1yv1q5,wz27gz20,None,23
o1yxvv6q,jo3lzp7j,y655lg06,xd1jy6wd,None,26
o1yxvv6q,jo3lzp7j,o1yj0pr1,n2yv8112,None,19
o1yxvv6q,jo3lzp7j,o1yxvv6q,xk9jn84d,None,3
o1yxvv6q,jo3lzp7j,o1yxvv6q,xk9jn84d,None,14
o1yxvv6q,jo3lzp7j,o1yxvv6q,xk9jn84d,None,4
o1yxvv6q,jo3lzp7j,yo1yv1q5,vdo0nzod,None,18
o1yxvv6q,jo3lzp7j,yo1yv1q5,xk9l5yk0,None,38
o1yxvv6q,jo3lzp7j,pdvz4v6w,9d8x6v62,None,38
o1yxvv6q,jo3lzp7j,j1lqqgz6,vdozlq6k,None,2
o1yxvv6q,jo3lzp7j,j1lqqgz6,xd11n6zd,None,1
o1yxvv6q,jo3lzp7j,m1mxy9x6,wkp0wng2,None,2
o1yxvv6q,jo3lzp7j,4d79gng1,02qmewpd,None,3
o1yxvv6q,jo3lzp7j,j1n4el6p,7dg60xk4,None,146
o1yxvv6q,jo3lzp7j,46w3xrq1,vdo8709k,None,219
o1yxvv6q,jo3lzp7j,m1mxy9x6,wkp0wng2,None,1
o1yxvv6q,jo3lzp7j,w6j7exe6,wkp541vd,ywev827d,1
o1yxvv6q,jo3lzp7j,w6j7exe6,wkp541vd,o9xyl1pd,1
o1yxvv6q,jo3lzp7j,w6j7exe6,wkp541vd,kwjkey79,3
o1yxvv6q,jo3lzp7j,w6j7exe6,wkp541vd,xd1z505w,2
o1yxvv6q,jo3lzp7j,w6j7exe6,wkp541vd,ewp2qpj9,2
o1yxvv6q,jo3lzp7j,w6j7exe6,wkp541vd,y9mmpex9,4
o1yxvv6q,jo3lzp7j,w6j7exe6,wkp541vd,29v8kyld,1
o1yxvv6q,jo3lzp7j,w6j7exe6,wkp541vd,y9mmppx9,1
o1yxvv6q,jo3lzp7j,w6j7exe6,wkp541vd,xd4533rw,3
o1yxvv6q,jo3lzp7j,w6j7exe6,wkp541vd,xd0e7749,2
o1yxvv6q,jo3lzp7j,w6j7exe6,wkp541vd,z98o88pd,5
o1yxvv6q,jo3lzp7j,w6j7exe6,wkp541vd,o9xyllpd,4
o1yxvv6q,jo3lzp7j,w6j7exe6,wkp541vd,29v8k3ld,3
o1yxvv6q,jo3lzp7j,w6j7exe6,wkp541vd,rdqm1719,1
o1yxvv6q,jo3lzp7j,w6j7exe6,wkp541vd,n93xg4e9,2
o1yxvv6q,jo3lzp7j,w6j7exe6,wkp541vd,ywev85rd,3
o1yxvv6q,jo3lzp7j,w6j7exe6,wkp541vd,69zl42od,1
o1yxvv6q,jo3lzp7j,w6j7exe6,wkp541vd,r9gm3xk9,1
o1yxvv6q,jo3lzp7j,w6j7exe6,wkp541vd,rdnmprv9,3
o1yxvv6q,jo3lzp7j,w6j7exe6,wkp541vd,rdqm1319,2
o1yxvv6q,jo3lzp7j,w6j7exe6,wkp541vd,5wkmrnqd,2
o1yxvv6q,jo3lzp7j,w6j7exe6,wkp541vd,xd0e7219,2
o1yxvv6q,jo3lzp7j,w6j7exe6,wkp541vd,5wkmrjpd,4
o1yxvv6q,jo3lzp7j,w6j7exe6,wkp541vd,xd453jrw,2
o1yxvv6q,jo3lzp7j,w6j7exe6,wkp541vd,xd0e7g49,3
o1yxvv6q,jo3lzp7j,w6j7exe6,wkp541vd,n93xg7z9,4
o1yxvv6q,jo3lzp7j,w6j7exe6,wkp541vd,z98o86pd,3
o1yxvv6q,jo3lzp7j,w6j7exe6,wkp541vd,ldyrpyr9,3
o1yxvv6q,jo3lzp7j,w6j7exe6,wkp541vd,n93xg7e9,2
o1yxvv6q,jo3lzp7j,w6j7exe6,wkp541vd,rw67nvg9,5
o1yxvv6q,jo3lzp7j,w6j7exe6,wkp541vd,owom20k9,2
o1yxvv6q,jo3lzp7j,w6j7exe6,wkp541vd,xd1z575w,2
o1yxvv6q,jo3lzp7j,w6j7exe6,wkp541vd,ewp2qjj9,5
o1yxvv6q,jo3lzp7j,w6j7exe6,wkp541vd,495q84j9,1
o1yxvv6q,jo3lzp7j,w6j7exe6,wkp541vd,xd0e7x19,1
o1yxvv6q,jo3lzp7j,w6j7exe6,wkp541vd,gdr0q2zd,3
o1yxvv6q,jo3lzp7j,w6j7exe6,wkp541vd,gdr0qgzd,2
o1yxvv6q,jo3lzp7j,w6j7exe6,wkp541vd,xd1z536w,1
o1yxvv6q,jo3lzp7j,w6j7exe6,wkp541vd,n93xgne9,2
o1yxvv6q,jo3lzp7j,w6j7exe6,wkp541vd,o9xyl37d,2
o1yxvv6q,jo3lzp7j,w6j7exe6,wkp541vd,5d7j3zed,3
o1yxvv6q,jo3lzp7j,w6j7exe6,wkp541vd,nwlm7nr9,5
o1yxvv6q,jo3lzp7j,w6j7exe6,wkp541vd,y9mmpr19,5
o1yxvv6q,jo3lzp7j,yo1yv1q5,wdm8v332,ewpp11yw,5
o1yxvv6q,jo3lzp7j,yo1yv1q5,wdm8v332,y9m2xgxd,3
o1yxvv6q,jo3lzp7j,yo1yv1q5,wdm8v332,nwlgm6e9,5
o1yxvv6q,jo3lzp7j,m1mxy9x6,xk9ezx42,69z6ygld,2
o1yxvv6q,jo3lzp7j,m1mxy9x6,xk9ezx42,r9gneg5d,2
o1yxvv6q,jo3lzp7j,m1mxy9x6,zdnlgye2,69z6ygld,4
o1yxvv6q,jo3lzp7j,m1mxy9x6,zdnlgye2,r9gneg5d,4
o1yxvv6q,jo3lzp7j,m1mxy9x6,zdnlgye2,o9xo8e09,5
o1yxvv6q,jo3lzp7j,m1mxy9x6,zdnlgye2,495z3109,3
o1yxvv6q,jo3lzp7j,o6glvqod,wk6v7xed,None,122
o1yxvv6q,jo3lzp7j,pd0py36e,vdo3oqyd,None,351
o1yxvv6q,jo3lzp7j,pd0py36e,vdo3oqyd,None,587
o1yxvv6q,jo3lzp7j,pd0py36e,vdo3oqyd,None,177
o1yxvv6q,jo3lzp7j,pd0py36e,vdo3oqyd,None,2094
o1yxvv6q,jo3lzp7j,369p7el1,wdm8wpe2,None,17
o1yxvv6q,jo3lzp7j,j1lmjzdg,7kj6pj42,None,31
o1yxvv6q,jo3lzp7j,o1yxvv6q,wk61oord,None,10
o1yxvv6q,jo3lzp7j,m9dowk1p,p7kjr423,None,38
o1yxvv6q,jo3lzp7j,m1mxy9x6,q25ez1y2,None,4
o1yxvv6q,jo3lzp7j,m1mxy9x6,zdnlgye2,owo5opod,4
o1yxvv6q,jo3lzp7j,m1mxy9x6,zdnlgye2,kwj6xqnd,3
o1yxvv6q,jo3lzp7j,yo1yv1q5,wdm8v332,ywe4k2qd,6
o1yxvv6q,jo3lzp7j,o1yxvv6q,xk9jn84d,None,35
o1yxvv6q,jo3lzp7j,o1yxvv6q,n2yj37z2,None,31
o1yxvv6q,jo3lzp7j,n4d7r172,7wk6prd1,None,184
o1yxvv6q,5j5l6rgx,om1mx362,7kjvmgk3,None,13
o1yxvv6q,5j5l6rgx,om1mx362,wkpn1jdr,None,7
o1yxvv6q,5j5l6rgx,29d30dlp,nxd1rk8q,None,116
o1yxvv6q,5j5l6rgx,om1mx362,7kjvmgk3,None,16
o1yxvv6q,5j5l6rgx,om1mx362,7kjvmgk3,None,10
o1yxvv6q,5j5l6rgx,yo1yv1q5,4xk906k0,None,25
o1yxvv6q,5j5l6rgx,o1yxvv6q,xk9jn84d,None,49
o1yxvv6q,5j5l6rgx,om1mx362,7kjvmgk3,None,24
o1yxvv6q,5j5l6rgx,om1mx362,7kjvmgk3,None,31
o1yxvv6q,5j5l6rgx,om1mx362,zd3qprkn,nwlnpodv,3
o1yxvv6q,5j5l6rgx,om1mx362,wkpn1jdr,None,12
o1yxvv6q,5j5l6rgx,om1mx362,9d8vge6k,None,12
o1yxvv6q,5j5l6rgx,om1mx362,zd3qprkn,rdqggo9x,4
o1yxvv6q,5j5l6rgx,om1mx362,xd1mrrrd,rdqggo9x,1
o1yxvv6q,5j5l6rgx,om1mx362,zd3qprkn,69zxxxd1,5
o1yxvv6q,5j5l6rgx,om1mx362,zd3qprkn,r9grrjw2,6
o1yxvv6q,5j5l6rgx,om1mx362,zd3qprkn,5d7yjjqd,5
o1yxvv6q,5j5l6rgx,om1mx362,zd3qprkn,ewpeey9n,3
o1yxvv6q,p18v6vxl,29d30dlp,nxd1rk8q,None,3
o1yxvv6q,p18v6vxl,qw6j21jm,9zdnw9dq,None,1
o1yxvv6q,p18v6vxl,9d3n8w1l,824poje2,None,1
o1yxvv6q,p18v6vxl,n4d7r172,p7kjv4k3,None,3
o1yxvv6q,p18v6vxl,n4d7r172,xn2yqmko,None,2
o1yxvv6q,p18v6vxl,o1yxvv6q,n2yj37z2,None,2
o1yxvv6q,p18v6vxl,29d30dlp,l9kvjkgq,None,9
o1yxvv6q,p18v6vxl,ok6qq06g,wkpjr8kr,None,4
o1yxvv6q,p18v6vxl,ok6qq06g,wkpjr8kr,None,2
o1yxvv6q,p18v6vxl,w6jve26j,9d86vww2,None,75
o1yxvv6q,p18v6vxl,n4d7r172,7wk6prd1,None,4
o1yxvv6q,p18v6vxl,29d30dlp,jzd3y2nq,None,2
o1yxvv6q,p18v6vxl,9d3n8w1l,jdz546rd,None,1
o1yxvv6q,p18v6vxl,9d3n8w1l,02qjxm7d,None,2
o1yxvv6q,p18v6vxl,9d3n8w1l,zdn0oye2,None,1
o1yxvv6q,p18v6vxl,29d30dlp,rkle7mw2,None,4
o1yxvv6q,p18v6vxl,46wvx7dr,5dwjvolk,None,2
o1yxvv6q,p18v6vxl,ok6qq06g,wkpjr8kr,None,2
o1yxvv6q,p18v6vxl,9d3n8w1l,02qjxm7d,None,1
o1yxvv6q,p18v6vxl,9d3n8w1l,824poje2,None,1
o1yxvv6q,p18v6vxl,9d3n8w1l,jdz546rd,None,1
o1yxvv6q,p18v6vxl,qw6j21jm,9zdnw9dq,None,11
o1yxvv6q,p18v6vxl,qw6j21jm,ndx8gnok,5d7yrevd,2
o1yxvv6q,p18v6vxl,qw6j21jm,ndx8gnok,69zpl4gw,3
o1yxvv6q,p18v6vxl,qw6j21jm,ndx8gnok,rdqzq31d,2
o1yxvv6q,p18v6vxl,qw6j21jm,ndx8gnok,owo7m0k9,2
o1yxvv6q,p18v6vxl,qw6j21jm,ndx8gnok,r9gym3p9,2
o1yxvv6q,p18v6vxl,qw6j21jm,ndx8gnok,xd1jz75d,3
o1yxvv6q,p18v6vxl,qw6j21jm,ndx8gnok,ldy1v5rd,3
o1yxvv6q,p18v6vxl,pd0qkw1e,9kvxxg32,None,9
o1yxvv6q,p18v6vxl,pd0qkw1e,9d8vvwwk,None,12
o1yxvv6q,p18v6vxl,nd2e7qd0,xk9l4vk0,None,23
o1yxvv6q,p18v6vxl,k6qwq06g,5dw7r0kg,None,6
o1yxvv6q,48gg6318,o1yxvv6q,xk9jn84d,None,209
o1yxvv6q,x35ln26j,j1n884e1,xd11qj7d,None,8
o1yxvv6q,x35ln26j,o1yxvv6q,xk9jn84d,None,166
o1yxvv6q,8vkp1evj,yo1yv1q5,wdm8v332,n9305279,1
o1yxvv6q,8vkp1evj,o1yxvv6q,xk9jn84d,None,15
o1yxvv6q,8vkp1evj,yo1yv1q5,wdm8v332,ywe4kzqd,1
o1yxvv6q,8vkp1evj,yo1yv1q5,wdm8v332,nwl6x6pw,1
o1yxvv6q,8vkp1evj,yo1yv1q5,wdm8v332,kwjyl7rw,1
o1yxvv6q,8vkp1evj,yo1yv1q5,wdm8v332,xd10z269,2
o1yxvv6q,8vkp1evj,yo1yv1q5,wdm8v332,495jok2w,1
o1yxvv6q,8vkp1evj,yo1yv1q5,wdm8v332,o9x3o739,1
o1yxvv6q,8vkp1evj,yo1yv1q5,wdm8v332,z98jv27w,1
o1yxvv6q,8vkp1evj,yo1yv1q5,wdm8v332,ywe4k2qd,1
o1yxvv6q,8vkp1evj,yo1yv1q5,wdm8v332,n93z7erw,1
o1yxvv6q,8vkp1evj,yo1yv1q5,wdm8v332,29vn3xxd,1
o1yxvv6q,8vkp1evj,yo1yv1q5,wdm8v332,ldye74jw,1
o1yxvv6q,8vkp1evj,yo1yv1q5,wdm8v332,owok17vd,3
o1yxvv6q,8vkp1evj,yo1yv1q5,wdm8v332,gdrjm4ew,1
o1yxvv6q,8vkp1evj,yo1yv1q5,wdm8v332,xd10kez9,1
o1yxvv6q,8vkp1evj,yo1yv1q5,wdm8v332,rw6v88p9,1
o1yxvv6q,8vkp1evj,w6j7exe6,vdo598ok,nwlm7nr9,3
o1yxvv6q,8vkp1evj,w6j7exe6,vdo598ok,rw67nvg9,3
o1yxvv6q,8vkp1evj,yo1yv1q5,wdm8v332,z98jv2rw,1
o1yxvv6q,8vkp1evj,yo1yv1q5,wdm8v332,ywe4rkld,1
o1yxvv6q,8vkp1evj,yo1yv1q5,wdm8v332,xd00mmmd,2
o1yxvv6q,j03wy19j,k6qrq91g,jdz7vxrk,None,29
o1yxvv6q,j03wy19j,kdkm421m,9kvvz0kg,None,18
o1yxvv6q,j03wy19j,y65ex46e,7kjrv032,None,195
o1yxvv6q,j03wy19j,268e0j96,ndx93zod,None,2
o1yxvv6q,j03wy19j,268e0j96,9d84yqwk,None,6
o1yxvv6q,j03wy19j,m9dowk1p,p7kjr423,None,6
o1yxvv6q,j03wy19j,n268e96p,7wkp02rm,None,51
o1yxvv6q,j03wy19j,o1yxvv6q,jdr17vg2,None,7
o1yxvv6q,j03wy19j,y65z586e,wkpvx0jk,None,32
o1yxvv6q,e8eq9068,w6jjn56j,ndxj0mo2,None,48
o1yxvv6q,e8eq9068,kyd4gde4,jzd3gn2n,None,219
o1yxvv6q,e8eq9068,268re91p,jdzp4exk,None,4
o1yxvv6q,e8eq9068,ldeqjnd3,rklg8v6d,None,13
o1yxvv6q,e8eq9068,k6qzrx6g,5dwjjw5k,None,52
o1yxvv6q,e8eq9068,k6qokx1g,824nlenk,None,3
o1yxvv6q,e8eq9068,9d37o96l,n2yjpo12,None,48
o1yxvv6q,e8eq9068,k6qokx1g,z27wmwgk,None,4
o1yxvv6q,e8eq9068,k6qokx1g,02q49w9d,None,3
o1yxvv6q,e8eq9068,k6qokx1g,5dw143gk,None,4
o1yxvv6q,e8eq9068,k6qokx1g,7kjgooxk,None,9
o1yxvv6q,e8eq9068,kyd4gde4,vdo07jyd,None,68
o1yxvv6q,e8eq9068,nd2wk3d0,rkl6jnkn,None,73
o1yxvv6q,e8eq9068,nd2wk3d0,rkl6jnkn,None,9
o1yxvv6q,e8eq9068,k6q4l0dg,zd36wydn,None,8
o1yxvv6q,e8eq9068,o1yxvv6q,n2yj37z2,None,9
o1yxvv6q,e8eq9068,nd2wk3d0,wdmy8odq,5wkx3594,92
o1yxvv6q,e8eq9068,j1llwz1g,9d86ql2n,None,815
o1yxvv6q,e8eq9068,4d795gn1,rkll6l6k,None,69
o1yxvv6q,e8eq9068,j1nj096p,zdnrwgn2,None,56
o1yxvv6q,e8eq9068,j1nj5e6p,7dg58972,None,17
o1yxvv6q,e8eq9068,n4d7r172,7wk6prd1,None,210
o1yxvv6q,e8eq9068,o1yxvv6q,n2yj37z2,None,39
o1yxvv6q,e8eq9068,o1yxvv6q,n2yj37z2,None,19
o1yxvv6q,e8eq9068,o1yxvv6q,n2yj37z2,None,12
o1yxvv6q,e8eq9068,y658506e,z277ew52,None,39
o1yxvv6q,e8eq9068,o1yj37r1,zd3vggv2,None,1
o1yxvv6q,e8eq9068,om1m3625,w20p0zkn,None,584
o1yxvv6q,e8eq9068,o1y9m226,5dwg94ek,None,12
o1yxvv6q,e8eq9068,kdkzjkqd,zdn11yqk,None,7
o1yxvv6q,e8eq9068,m1mz4jd2,9kvpxl3k,None,13
o1yxvv6q,e8eq9068,nd2e9erd,7dg4popd,None,258
o1yxvv6q,e8eq9068,76r2yld8,ndxjxx12,None,1
o1yxvv6q,e8eq9068,om1m3625,mke8vjk6,None,150
o1yxvv6q,e8eq9068,om1m3625,wdmz042q,None,251
o1yxvv6q,e8eq9068,kdkz97qd,7kj6z432,None,2
o1yxvv6q,e8eq9068,o6gyq862,ndxjlq52,None,2
o1yxvv6q,e8eq9068,o6gyq862,9kvp3zok,None,2
o1yxvv6q,e8eq9068,o6gyq862,9kvp3zok,None,2
o1yxvv6q,e8eq9068,o6gyq862,9kvp3zok,None,2
o1yxvv6q,e8eq9068,9d3rvzwd,xd11ng8d,None,9
o1yxvv6q,e8eq9068,y658506e,mke5px9k,None,326
o1yxvv6q,e8eq9068,o1y9emk6,n2ye9m1k,None,10
o1yxvv6q,e8eq9068,9d3rvzwd,xd11ng8d,None,1
o1yxvv6q,e8eq9068,m1zjnjx6,vdo34g6d,None,7
o1yxvv6q,e8eq9068,9d3rvzwd,wk6nm0o2,None,5
o1yxvv6q,e8eq9068,76rxovv6,wkp003w2,None,2
o1yxvv6q,e8eq9068,76rxovv6,9d8emoqd,None,1
o1yxvv6q,e8eq9068,76rxovv6,824jvl32,None,1
o1yxvv6q,e8eq9068,m1zjnjx6,vdo34g6d,None,9
o1yxvv6q,e8eq9068,76rxovv6,jdz7lg6k,None,4
o1yxvv6q,e8eq9068,kdkz97qd,n2ygjx72,None,2
o1yxvv6q,e8eq9068,kdkz97qd,wk6816o2,None,2
o1yxvv6q,e8eq9068,yd43e51e,n2yqp4zk,None,22
o1yxvv6q,e8eq9068,76rxovv6,jdrer3lk,None,4
o1yxvv6q,e8eq9068,76rxovv6,zdnxz5x2,None,8
o1yxvv6q,e8eq9068,76rxovv6,zd389nvk,None,10
o1yxvv6q,e8eq9068,76rxovv6,q253jlgk,None,12
o1yxvv6q,e8eq9068,76rxovv6,z27rlmgd,None,26
o1yxvv6q,e8eq9068,k6qokx1g,xk9wpwy2,None,20
o1yxvv6q,e8eq9068,76r43l18,mkezgrnk,None,86
o1yxvv6q,e8eq9068,pd0w79v1,jdr7r102,None,27
o1yxvv6q,e8eq9068,9do3jodp,7dg88n72,None,2
o1yxvv6q,e8eq9068,3dxkyp41,9kv8w4od,None,14
o1yxvv6q,jn333o2x,o1yxvv6q,xk9jn84d,None,191
o1yxvv6q,jn333o2x,o1ynm2dq,wdmxxqxk,y9mr035w,4
o1yxvv6q,jn333o2x,o1ynm2dq,wdmxxqxk,y9mr035w,2
o1yxvv6q,jn333o2x,o1ynm2dq,wdmxxqxk,nwly0109,5
o1yxvv6q,jn333o2x,o1ynm2dq,9d84gllk,None,6
o1yxvv6q,j51dp068,o1yxvv6q,n2yj37z2,None,20
o1yxvv6q,j51dp068,xlde3j63,4xk9l6k0,None,28
o1yxvv6q,j51dp068,m1zkgxx1,jdrwzjxk,None,1
o1yxvv6q,j51dp068,m1zkgxx1,jdrwzjxk,None,3
o1yxvv6q,j51dp068,o1yxvv6q,xk98gj42,None,1
o1yxvv6q,j51dp068,o1yxvv6q,xk98gj42,None,2
o1yxvv6q,j51dp068,o1yxvv6q,xk98gj42,None,6
o1yxvv6q,j51dp068,ok6q4mdg,rkl3p4nk,None,7
o1yxvv6q,j51dp068,ok6q4mdg,ndx1elr2,None,8
o1yxvv6q,j51dp068,29d30dlp,jzd3y2nq,None,82
o1yxvv6q,qj2ylwo8,yo1yv1q5,4xk906k0,None,83
o1yxvv6q,qj2ylwo8,n268e96p,7wkp02rm,None,29
o1yxvv6q,qj2ylwo8,om1mx362,7kjvmgk3,None,501
o1yxvv6q,qj2ylwo8,o1yxvv6q,xk9jn84d,None,81
o1yxvv6q,18v5915j,o1yxvv6q,xk9jn84d,None,32
o1yxvv6q,18v5915j,76r2nvd8,xk904wvk,None,232
o1yxvv6q,xkor4gm8,46w302n1,ndx4g9o2,yweqen4w,6
o1yxvv6q,xkor4gm8,m1zkj4m1,zd3v5w82,None,1
o1yxvv6q,xkor4gm8,m1zkj4m1,mkevyq82,None,5
o1yxvv6q,xkor4gm8,m1m3yk62,ndxjl7o2,rdn4ykv9,11
o1yxvv6q,xkor4gm8,o6g08xd2,wkp1m3wk,None,31
o1yxvv6q,xkor4gm8,m1zjnjx6,vdo34g6d,None,63
o1yxvv6q,xkor4gm8,m9dowk1p,p7kjr423,None,22
o1yxvv6q,xkor4gm8,o1yxvv6q,xk9jn84d,None,16
o1yxvv6q,xkor4gm8,o1yxvv6q,wk61oord,None,8
o1yxvv6q,xkor4gm8,o1yxvv6q,02q8l3j2,None,5
o1yxvv6q,xkor4gm8,o1yxvv6q,xk98gj42,None,9
o1yxvv6q,xkor4gm8,m1zj3w26,rklqp1q2,None,11
o1yxvv6q,xkor4gm8,o6gn7o12,7dg8g3l2,69zkg491,68
o1yxvv6q,mkj9v7x4,nj1nee1p,gq254vdo,None,23
o1yxvv6q,mkj9v7x4,kdkz2edm,7dg5vl24,None,14
o1yxvv6q,mkj9v7x4,29d30dlp,jzd3y2nq,None,19
o1yxvv6q,mkj9v7x4,n4d7r172,7wk6prd1,None,28
o1yxvv6q,mkj9v7x4,yd4zzg6e,q2544lwd,xd1jep5d,2
o1yxvv6q,mkj9v7x4,yd4zzg6e,q2544lwd,kwj7l07w,2
o1yxvv6q,mkj9v7x4,yd4zzg6e,q2544lwd,z98rv4pd,2
o1yxvv6q,mkj9v7x4,yd4zzg6e,q2544lwd,xd0kr649,3
o1yxvv6q,mkj9v7x4,yo1yv1q5,4xk906k0,None,51
o1yxvv6q,mkj9v7x4,yd4zzg6e,q2544lwd,n93q5zzw,3
o1yxvv6q,mkj9v7x4,yo1yv1q5,5dwp84ek,None,19
o1yxvv6q,mkj9v7x4,o1yxvv6q,7kjzq1nd,None,7
o1yxvv6q,mkj9v7x4,yd4zzg6e,q2544lwd,rw6qp5gd,3
o1yxvv6q,mkj9v7x4,lde7p513,rkl9rjrk,None,2
o1yxvv6q,mkj9v7x4,lde7p513,rkl9rjrk,None,3
o1yxvv6q,mkj9v7x4,yd4zzg6e,q2544lwd,29vmenl9,3
o1yxvv6q,mkj9v7x4,yd4zzg6e,q2544lwd,xd00nv4d,4
o1yxvv6q,mkj9v7x4,yd4zzg6e,jdz55mrd,None,2
o1yxvv6q,mkj9v7x4,yd4zzg6e,q2544lwd,rw6qp2gd,2
o1yxvv6q,mkj9v7x4,yo1yv1q5,wdm8v332,rdn02n5w,4
o1yxvv6q,mkj9v7x4,yo1yv1q5,9kvx6x02,None,9
o1yxvv6q,mkj9v7x4,yo1yv1q5,xk9l5yk0,None,88
o1yxvv6q,mkj9v7x4,yo1yv1q5,7kjr19x2,None,13
o1yxvv6q,mkj9v7x4,29d30dlp,nxd1rk8q,None,298
o1yxvv6q,mkj9v7x4,yo1yv1q5,zdnq1pqd,None,11
o1yxvv6q,mkj9v7x4,yd4zzg6e,ndxj8rv2,None,8
o1yxvv6q,mkj9v7x4,m1mmg412,rklyyqdn,None,4
o1yxvv6q,mkj9v7x4,kdkkvgdm,7kjv8mzk,None,14
o1yxvv6q,qxk02980,9do8zre1,vdonw3ok,None,2
o1yxvv6q,qxk02980,9j1lze6g,xk9oryk0,None,7
o1yxvv6q,qxk02980,vo6gr5d2,l9kv332g,None,73
o1yxvv6q,qxk02980,w6jeq41j,02q0qjky,None,4
o1yxvv6q,qxk02980,j1n8wpx1,5dwxqz52,None,1
o1yxvv6q,qxk02980,nd2ejjqd,ndx4jx12,None,6
o1yxvv6q,qxk02980,pd0wg21e,zd365vdn,None,419
o1yxvv6q,qxk02980,j1n8wpx1,7dg71pgd,None,1
o1yxvv6q,qxk02980,j1n8wpx1,wkpr9ow2,None,2
o1yxvv6q,qxk02980,j1n8wpx1,wkprgzj2,None,1
o1yxvv6q,qxk02980,j1n8wpx1,wkpr9ow2,None,1
o1yxvv6q,qxk02980,j1n8wpx1,mke7wmj2,None,4
o1yxvv6q,qxk02980,pdvzywv6,wk6eelo2,None,45
o1yxvv6q,qxk02980,576r7q18,7wkpwjdr,None,12
o1yxvv6q,qxk02980,9d38jp01,7kj71o3k,ewp6z3yd,2
o1yxvv6q,qxk02980,9d38jp01,zd3r8eyd,None,1
o1yxvv6q,qxk02980,9d38jp01,7kj71o3k,xd1q3mzw,4
o1yxvv6q,qxk02980,9d38jp01,7kj71o3k,y9mor6zw,2
o1yxvv6q,qxk02980,9d38jp01,zd3r8eyd,None,1
o1yxvv6q,qxk02980,yo1yv1q5,4xk906k0,None,64
o1yxvv6q,qxk02980,46w2gw96,xd1q7ew2,None,15
o1yxvv6q,qxk02980,46w2gw96,zd3r76rd,None,4
o1yxvv6q,qxk02980,y65vv7de,jdzv6z6k,None,1
o1yxvv6q,qxk02980,3dxkx0g1,zd35epnk,None,222
o1yxvv6q,qxk02980,jy65301e,02qljx7k,None,10
o1yxvv6q,qxk02980,o6gqk912,5dwjronk,None,1
o1yxvv6q,qxk02980,nd2ejjqd,rklrx6qk,None,4
o1yxvv6q,qxk02980,w6jeq41j,02q0qjky,None,6
o1yxvv6q,qxk02980,9j1lze6g,zjdzxr2v,None,32
o1yxvv6q,qxk02980,w6j7exe6,02q4nq9d,None,10
o1yxvv6q,qxk02980,nd2ejjqd,ndx4jx12,None,4
o1yxvv6q,qxk02980,pd0q231e,02qpg7dy,None,17
o1yxvv6q,qxk02980,4d79jjr1,9d83pm72,None,7
o1yxvv6q,qxk02980,pdvzywv6,xk9ezjv2,None,32
o1yxvv6q,qxk02980,3dx2mg41,wk6npnp2,None,4
o1yxvv6q,qxk02980,76r37nq6,n2yng78k,None,1
o1yxvv6q,qxk02980,9d3r7egd,7kjpm4gk,None,1
o1yxvv6q,qxk02980,4d79jjr1,w203p6v2,None,18
o1yxvv6q,qxk02980,3dx2mg41,n2yoqo1d,None,4
o1yxvv6q,qxk02980,yo1yv1q5,xk9g1w6d,None,54
o1yxvv6q,qxk02980,4pdvn46w,n2yq4eko,None,7
o1yxvv6q,qxk02980,y655zpe6,wk6wewp2,None,27
o1yxvv6q,qxk02980,y655zpe6,n2yv9v12,None,25
o1yxvv6q,qxk02980,v1po4z46,wk6emzq2,None,86
o1yxvv6q,qxk02980,576r7q18,zdnr1xe2,None,1
o1yxvv6q,qxk02980,pdvzywv6,xk9ezjv2,None,18
o1yxvv6q,qxk02980,pdvzywv6,xk9ezjv2,None,10
o1yxvv6q,qxk02980,268eg356,wkp36gv2,None,3
o1yxvv6q,qxk02980,3dx2mg41,zd3wlmek,None,11
o1yxvv6q,qxk02980,o1yxvv6q,xk9jn84d,None,82
o1yxvv6q,qxk02980,o6gqk912,02qm5o9d,None,2
o1yxvv6q,qxk02980,3dx2mg41,n2yoqo1d,None,10
o1yxvv6q,qxk02980,o6gl4z5d,jdrv8e02,None,2
o1yxvv6q,qxk02980,ldeg5x13,zdnw5zxd,None,2
o1yxvv6q,qxk02980,4d7eer67,q25oqgyk,y9me5z1d,1
o1yxvv6q,qxk02980,9dow8331,rklqnrq2,None,7
o1yxvv6q,qxk02980,9dow8331,9kvmn9jk,None,5
o1yxvv6q,qxk02980,9dow8331,zd36qxyd,None,4
o1yxvv6q,qxk02980,9dow8331,wdmwr6x2,None,5
o1yxvv6q,qxk02980,9dow8331,vdooy11d,None,3
o1yxvv6q,qxk02980,9dow8331,7dgry6xk,None,3
o1yxvv6q,qxk02980,9dow8331,mkezy4xk,None,1
o1yxvv6q,qxk02980,76rxzql6,jdz6egr2,None,1
o1yxvv6q,qxk02980,ldeg5x13,wkp0m1w2,None,1
o1yxvv6q,qxk02980,4d7eer67,9kvxn602,None,5
o1yxvv6q,qxk02980,v1po4z46,jdrogzgd,None,3
o1yxvv6q,qxk02980,576r7q18,q255ew2o,None,3
o1yxvv6q,qxk02980,3dx2mg41,wk6npnp2,None,6
o1yxvv6q,qxk02980,o6gl4z5d,jdrv8e02,None,2
o1yxvv6q,qxk02980,268eg356,wdm6e74k,None,3
o1yxvv6q,qxk02980,268eg356,7dg6l14k,None,3
o1yxvv6q,qxk02980,3dx2mg41,7kj3v3z2,None,1
o1yxvv6q,qxk02980,m9dowk1p,wdmz69x2,None,3
o1yxvv6q,qxk02980,y65j3ede,9kvxnz82,None,3
o1yxvv6q,qxk02980,3dxpo56y,wkpy950k,None,1
o1yxvv6q,qxk02980,y654284d,9kv760ek,None,4
o1yxvv6q,qxk02980,y65vv7de,5dw5gvld,None,1
o1yxvv6q,qxk02980,y65vv7de,5dw5gvld,None,1
o1yxvv6q,qxk02980,y65vv7de,wk6786xd,None,1
o1yxvv6q,qxk02980,y65vv7de,wk6786xd,None,2
o1yxvv6q,qxk02980,y65vv7de,wk6786xd,None,2
o1yxvv6q,qxk02980,y65vv7de,wk6786xd,None,1
o1yxvv6q,qxk02980,y65vv7de,wk6786xd,None,1
o1yxvv6q,qxk02980,y65vv7de,5dw5gvld,None,2
o1yxvv6q,qxk02980,y65vv7de,5dw5gvld,None,2
o1yxvv6q,qxk02980,4d7eer67,02qgg1zd,None,2
o1yxvv6q,qxk02980,w6j7exe6,02q4nq9d,None,12
o1yxvv6q,qxk02980,3dx2mg41,7kj3v3z2,None,7
o1yxvv6q,qxk02980,46w3xxl1,q25g6pyd,None,2
o1yxvv6q,qxk02980,9d3r7egd,7kjpm4gk,None,8
o1yxvv6q,qxk02980,k6q4nqmd,jdrv4n52,None,5
o1yxvv6q,qxk02980,xkdkmx1m,xd1rx7wk,None,216
o1yxvv6q,qxk02980,o6gl4z5d,9kvolx02,None,6
o1yxvv6q,qxk02980,4d7eer67,02qgz8pd,None,3
o1yxvv6q,qxk02980,3dx2mg41,wk6npnp2,None,16
o1yxvv6q,qxk02980,o6gl4z5d,824g9zg2,None,1
o1yxvv6q,qxk02980,lde3nex6,n2y7v3m2,None,24
o1yxvv6q,qxk02980,lde3nex6,7kj19pgk,None,29
o1yxvv6q,qxk02980,m9dowk1p,p7kjr423,None,42
o1yxvv6q,qxk02980,nj1nnx1p,n2yq07ko,None,14
o1yxvv6q,qxk02980,nd2vze10,9kvjngok,None,2
o1yxvv6q,qxk02980,l3dxvp6y,9d8pg7kn,None,14
o1yxvv6q,qxk02980,576r7q18,pmke1j26,None,1
o1yxvv6q,qxk02980,3dx2mg41,7dgn84l2,None,56
o1yxvv6q,qxk02980,jy65301e,02qljx7k,None,23
o1yxvv6q,qxk02980,4d7eer67,02qgg1zd,None,3
o1yxvv6q,qxk02980,576r7q18,wk6pmed1,None,9
o1yxvv6q,qxk02980,369l3g6l,z27l8lod,None,5
o1yxvv6q,qxk02980,v1p0x468,rklepn62,None,35
o1yxvv6q,qxk02980,kdkzlgdm,7kjplxk3,None,154
o1yxvv6q,qxk02980,kdkzlgdm,n2y5r8ko,None,146
o1yxvv6q,qxk02980,9d3r7egd,7kjpm4gk,None,2
o1yxvv6q,qxk02980,369l3g6l,zd3lezyd,None,95
o1yxvv6q,qxk02980,lde3nex6,9d8xeo62,None,336
o1yxvv6q,qxk02980,576r7q18,37dgvgd4,None,5
o1yxvv6q,qxk02980,lde3nex6,9d8xnz32,None,40
o1yxvv6q,qxk02980,lde3nex6,9d8xnz32,None,10
o1yxvv6q,qxk02980,lde3nex6,9d8xnz32,None,51
o1yxvv6q,qxk02980,yd4ljx1e,xk9g0zvd,None,260
o1yxvv6q,qxk02980,y654284d,zd38ogek,None,4
o1yxvv6q,qxk02980,369pyp21,wk67xmxd,None,109
o1yxvv6q,qxk02980,o6gnxo12,zd37zv2n,None,138
o1yxvv6q,qxk02980,576r7q18,jdrwo0k6,495ly4dp,6
o1yxvv6q,qxk02980,k6q4mg0d,xk9gjxgd,None,1
o1yxvv6q,qxk02980,4pd02v1e,p7kj3n23,None,85
o1yxvv6q,qxk02980,m1mxmrk6,7kjql1gd,None,64
o1yxvv6q,qxk02980,om1mw4d2,jzd33ndn,None,514
o1yxvv6q,qxk02980,k6q4mg0d,rklj9p6d,None,3
o1yxvv6q,qxk02980,m1zjqkx6,7dg96x7k,None,5
o1yxvv6q,qxk02980,k6q4mg0d,7dgrl6lk,None,8
o1yxvv6q,qxk02980,k6q4mg0d,9kvm593k,None,5
o1yxvv6q,qxk02980,y65vv7de,mkez486k,None,6
o1yxvv6q,qxk02980,yd4ljx1e,z276gz4d,None,58
o1yxvv6q,qxk02980,268e3j76,jdrxxvgd,None,1
o1yxvv6q,qxk02980,y65vv7de,ndxpmrv2,None,1
o1yxvv6q,qxk02980,pdvje9dw,xk9jq7xd,None,67
o1yxvv6q,qxk02980,pdvje9dw,zd344y2n,None,6
o1yxvv6q,qxk02980,y65vv7de,wdm4wm3d,None,1
o1yxvv6q,qxk02980,76rljl68,wdm46z4d,None,42
o1yxvv6q,qxk02980,76rljl68,wdm46z4d,None,42
o1yxvv6q,qxk02980,o1y7q41q,824qwqwk,None,59
o1yxvv6q,qxk02980,4d7eer67,q25oqgyk,r9gykr59,3
o1yxvv6q,qxk02980,4d7eer67,q25oqgyk,495kp129,2
o1yxvv6q,qxk02980,4d7eer67,q25oqgyk,495kvy09,2
o1yxvv6q,qxk02980,l3dxzv1y,37dg5x24,None,30
o1yxvv6q,qxk02980,369p9l1l,7kjzj3d3,None,53
o1yxvv6q,qxk02980,4d79jql1,9d8373l2,None,24
o1yxvv6q,qxk02980,76rljl68,jdzmjxkv,None,66
o1yxvv6q,qxk02980,y65j3ede,zd3yqev2,None,4
o1yxvv6q,qxk02980,nj1nnx1p,wkpy808k,None,1
o1yxvv6q,qxk02980,268zey6p,jdzlw4r2,None,164
o1yxvv6q,qxk02980,y65j3ede,zd3yqev2,None,6
o1yxvv6q,qxk02980,pdvje9dw,jdz0132v,None,9
o1yxvv6q,qxk02980,4d7eer67,5dwjnnnk,None,2
o1yxvv6q,qxk02980,4d7eer67,5dwjnnnk,None,1
o1yxvv6q,qxk02980,4d7eer67,q25oqgyk,o9x1mk0d,3
o1yxvv6q,qxk02980,576r7q18,jdrwo0k6,592n3696,3
o1yxvv6q,qxk02980,576r7q18,jdrwo0k6,r9g1r292,6
o1yxvv6q,qxk02980,4d7eer67,q25oqgyk,69zpmxlw,5
o1yxvv6q,qxk02980,4d7eer67,5dwjnnnk,None,3
o1yxvv6q,qxk02980,268mqkdp,q254oywd,None,2
o1yxvv6q,qxk02980,369230dl,rklx50qk,None,12
o1yxvv6q,qxk02980,pdvje9dw,zd344y2n,None,19
o1yxvv6q,qxk02980,4d7eer67,zdnw40ed,69zpmxlw,2
o1yxvv6q,qxk02980,4d7eer67,zdnw40ed,495kvy09,1
o1yxvv6q,qxk02980,o1y97r6q,z27304d0,None,20
o1yxvv6q,qxk02980,4d7eer67,zdnw40ed,495kvy09,2
o1yxvv6q,qxk02980,4d7eer67,zdnw40ed,r9gykr59,2
o1yxvv6q,qxk02980,o6glk8d2,ndx13lr2,None,11
o1yxvv6q,qxk02980,pdvje9dw,vdo00xvd,None,5
o1yxvv6q,jml3g7e8,pdv2wkk6,wkprmx02,None,1
o1yxvv6q,jml3g7e8,pdv2wkk6,wkprmx02,None,1
o1yxvv6q,jml3g7e8,46w35xn1,jdzvg86k,o9x4vp0d,1
o1yxvv6q,jml3g7e8,46w35xn1,9d8x4qw2,None,8
o1yxvv6q,jml3g7e8,yd4kgok6,rkl5ow62,None,1
o1yxvv6q,jml3g7e8,yd4kgok6,rkl5ow62,None,2
o1yxvv6q,jml3g7e8,yd4kgok6,rkl5ow62,None,2
o1yxvv6q,jml3g7e8,yd4kgok6,rkl5ow62,None,1
o1yxvv6q,jml3g7e8,yd4kgok6,rkl5ow62,None,5
o1yxvv6q,jml3g7e8,om1mx362,zd3qprkn,592387d6,1
o1yxvv6q,jml3g7e8,om1mx362,7kjvmgk3,None,15
o1yxvv6q,jml3g7e8,om1mx362,zd3qprkn,ldyj8pd3,3
o1yxvv6q,jml3g7e8,om1mx362,7kjvmgk3,None,87
o1yxvv6q,jml3g7e8,om1mx362,zd3qprkn,29vjlq9v,1
o1yxvv6q,jml3g7e8,om1mx362,vdoplzy2,29vjlq9v,1
o1yxvv6q,jml3g7e8,om1mx362,zd3qprkn,69zxxxd1,14
o1yxvv6q,jml3g7e8,om1mx362,zd3qprkn,29vjjq9v,2
o1yxvv6q,jml3g7e8,om1mx362,zd3qprkn,5d7llq9y,9
o1yxvv6q,jml3g7e8,om1mx362,zd3qprkn,xd166z9o,4
o1yxvv6q,jml3g7e8,om1mx362,zd3qprkn,ywennlwl,45
o1yxvv6q,jml3g7e8,om1mx362,7kjvmgk3,None,23
o1yxvv6q,jml3g7e8,om1mx362,zd3qprkn,kwj330dg,7
o1yxvv6q,jml3g7e8,om1mx362,vdoplzy2,owolljw6,1
o1yxvv6q,jml3g7e8,om1mx362,9d8vge6k,None,40
o1yxvv6q,jml3g7e8,o1yxvv6q,9d8jx46k,None,14
o1yxvv6q,jml3g7e8,om1mx362,7kjvmgk3,None,36
o1yxvv6q,jml3g7e8,om1mx362,wkpn1jdr,None,42
o1yxvv6q,jml3g7e8,o6gxkxd2,xd13qn7k,None,6
o1yxvv6q,jml3g7e8,om1mx362,7kjvmgk3,None,20
o1yxvv6q,jml3g7e8,om1mx362,7kjvmgk3,None,16
o1yxvv6q,jml3g7e8,y65y90de,9d8pz4wk,None,6
o1yxvv6q,jml3g7e8,om1mx362,vdoplzy2,ywennlwl,2
o1yxvv6q,jml3g7e8,om1mx362,7kjvmgk3,None,26
o1yxvv6q,jml3g7e8,om1mx362,w205pr5d,None,12
o1yxvv6q,jml3g7e8,om1mx362,xd1mrrrd,rdnr25wm,1
o1yxvv6q,jml3g7e8,om1mx362,wkpgx9gk,rdnr25wm,1
o1yxvv6q,jml3g7e8,om1mx362,7kjvmgk3,None,28
o1yxvv6q,jml3g7e8,om1mx362,zd3qprkn,rdnr25wm,1
o1yxvv6q,jml3g7e8,om1mx362,vdoplzy2,rdnr25wm,1
o1yxvv6q,jml3g7e8,om1mx362,wkpn1jdr,None,15
o1yxvv6q,jml3g7e8,o1yxvv6q,9d8jx46k,None,6
o1yxvv6q,jml3g7e8,om1mx362,wkpn1jdr,None,25
o1yxvv6q,jml3g7e8,om1mx362,wkpn1jdr,None,12
o1yxvv6q,jml3g7e8,om1mx362,zd3qprkn,29vj5q9v,3
o1yxvv6q,jml3g7e8,om1mx362,vdoplzy2,29vj5q9v,1
o1yxvv6q,jml3g7e8,om1mx362,zd3qprkn,5wk88vw4,11
o1yxvv6q,jml3g7e8,om1mx362,ndx0jord,None,4
o1yxvv6q,jml3g7e8,om1mx362,zd3qprkn,ewpeey9n,7
o1yxvv6q,jml3g7e8,om1mx362,zd3qprkn,nwlnpodv,6
o1yxvv6q,jml3g7e8,om1mx362,zd3qprkn,495yymwp,17
o1yxvv6q,jml3g7e8,om1mx362,zd3qprkn,xd0llmdq,5
o1yxvv6q,jml3g7e8,om1mx362,zd3qprkn,kwj380dg,4
o1yxvv6q,jml3g7e8,om1mx362,zd3qprkn,rdnrl5wm,12
o1yxvv6q,jml3g7e8,om1mx362,zd3qprkn,r9grjjw2,47
o1yxvv6q,jml3g7e8,om1mx362,xd1mrrrd,r9grjjw2,10
o1yxvv6q,jml3g7e8,o1yxvv6q,9d8jx46k,None,12
o1yxvv6q,jml3g7e8,lde3vel6,9d8ev5qd,None,3
o1yxvv6q,jml3g7e8,lde3vel6,9d8ev5qd,None,1
o1yxvv6q,jml3g7e8,y654xked,jdzemjvd,None,1
o1yxvv6q,jml3g7e8,lde3vel6,n2y91n7d,None,2
o1yxvv6q,jml3g7e8,o1yxvv6q,9d8jx46k,None,20
o1yxvv6q,18v01r2x,nd2e5xvd,zd387ovk,29vj3rx9,1
o1yxvv6q,18v01r2x,nd2e5xvd,zd387ovk,y9myjo09,1
o1yxvv6q,18v01r2x,nd2e5xvd,zd387ovk,5923z76d,1
o1yxvv6q,18v01r2x,nd2e5xvd,zd387ovk,xd0lg5jd,1
o1yxvv6q,18v01r2x,nd2e5xvd,zd387ovk,owol0p3w,1
o1yxvv6q,18v01r2x,nd2e5xvd,zd387ovk,rdnr016w,1
o1yxvv6q,18v01r2x,o6g77862,jdz51ggd,o9xp3pdl,1
o1yxvv6q,18v01r2x,o6g77862,jdrpj352,None,2
o1yxvv6q,18v01r2x,o6g77862,jdz51ggd,kwjnv79g,1
o1yxvv6q,18v01r2x,o6g77862,jdz51ggd,592x43d6,3
o1yxvv6q,18v01r2x,o6g77862,jdz51ggd,owoz3kd6,2
o1yxvv6q,18v01r2x,o6g77862,jdz51ggd,5d7o269y,1
o1yxvv6q,18v01r2x,o6g77862,jdz51ggd,rdqx52wx,1
o1yxvv6q,18v01r2x,o6g77862,jdz51ggd,ldym3rd3,2
o1yxvv6q,18v01r2x,o6g77862,jdz51ggd,xd0z449q,2
o1yxvv6q,18v01r2x,o6g77862,jdz51ggd,4957l3wp,2
o1yxvv6q,18v01r2x,o6g77862,jdz51ggd,xd1g45do,1
o1yxvv6q,18v01r2x,o6g77862,jdz51ggd,n936mz90,1
o1yxvv6q,18v01r2x,o6g77862,jdz51ggd,nwlr4rwv,3
o1yxvv6q,18v01r2x,o6g77862,jdz51ggd,z981mpwl,4
o1yxvv6q,18v01r2x,o6g77862,jdz51ggd,ewpg8jwn,3
o1yxvv6q,18v01r2x,o6g77862,jdz51ggd,y9ml2xw5,4
o1yxvv6q,18v01r2x,o6g77862,jdz51ggd,5wkyqpd4,4
o1yxvv6q,18v01r2x,nd2e5xvd,zd387ovk,n9387jrw,1
o1yxvv6q,18v01r2x,o6g77862,jdrpj352,None,1
o1yxvv6q,18v01r2x,nd2e5xvd,zd387ovk,r9gr2g2w,1
o1yxvv6q,18v01r2x,nd2e5xvd,zd387ovk,xd4njo8w,1
o1yxvv6q,18v01r2x,nd2e5xvd,zd387ovk,5d7lvme9,1
o1yxvv6q,18v01r2x,nd2e5xvd,zd387ovk,rw6r466w,1
o1yxvv6q,18v01r2x,nd2e5xvd,zd387ovk,69zx3g4d,1
o1yxvv6q,18v01r2x,nd2e5xvd,zd387ovk,o9xkne7w,1
o1yxvv6q,18v01r2x,o1yxvv6q,xk9jn84d,None,110
o1yxvv6q,18v01r2x,nd2e5xvd,zd387ovk,z98e6k19,1
o1yxvv6q,18v01r2x,nd2e5xvd,zd387ovk,495y614w,1
o1yxvv6q,18v01r2x,nd2e5xvd,zd387ovk,kwj35q1d,1
o1yxvv6q,18v01r2x,nd2e5xvd,zd387ovk,ewpej649,1
o1yxvv6q,18v01r2x,nd2e5xvd,zd387ovk,rdqgjkg9,1
o1yxvv6q,18v01r2x,nd2e5xvd,zd387ovk,5wk8j7xw,1
o1yxvv6q,18v01r2x,w6jx02dj,jdr1v4l2,r9gzz02d,4
o1yxvv6q,18v01r2x,w6jx02dj,jdr1v4l2,xd100ey9,7
o1yxvv6q,18v01r2x,w6jx02dj,9d8xlql2,ywe44k4d,4
o1yxvv6q,18v01r2x,w6jx02dj,jdr1v4l2,o9x2257w,4
o1yxvv6q,18v01r2x,w6jx02dj,jdr1v4l2,rdq002gw,4
o1yxvv6q,18v01r2x,w6jx02dj,9d8xlql2,ldyeen7w,8
o1yxvv6q,18v01r2x,w6jx02dj,vdo435v2,None,13
o1yxvv6q,18v01r2x,w6jx02dj,w20zyq5d,None,5
o1yxvv6q,18v01r2x,w6jx02dj,jdr1v4l2,z98jjy1w,11
o1yxvv6q,18v01r2x,nd2e5xvd,zd387ovk,xd167qy9,1
o1yxvv6q,8qzo4678,o1yxvv6q,7kjzq1nd,None,26
o1yxvv6q,8qzo4678,yo1yv1q5,xk9g1w6d,None,33
o1yxvv6q,8qzo4678,n2680o1p,jdrx1egd,None,13
o1yxvv6q,8qzo4678,o1yxvv6q,xk9jn84d,None,86
o1yxvv6q,8qzo4678,yo1yv1q5,4xk906k0,None,70
o1yxvv6q,wdx3wkjl,w6j9wedj,9d8lvl2n,None,2
o1yxvv6q,wdx3wkjl,o6gep812,mkejo962,None,1
o1yxvv6q,wdx3wkjl,n4d7r172,p7kjv4k3,None,28
o1yxvv6q,wdx3wkjl,j1llpe1g,9d8pz97k,rdqzyogd,5
o1yxvv6q,wdx3wkjl,j1llpe1g,9d8pz97k,owo78539,4
o1yxvv6q,wdx3wkjl,j1llpe1g,9d8pz97k,xd1jpyyd,3
o1yxvv6q,wdx3wkjl,j1llpe1g,xd13xwk8,None,3
o1yxvv6q,wdx3wkjl,j1llpe1g,9d8pz97k,o9x16o7d,3
o1yxvv6q,wdx3wkjl,j1llpe1g,9d8pz97k,495kpz49,2
o1yxvv6q,wdx3wkjl,j1llpe1g,9d8pz97k,5d7ypxed,2
o1yxvv6q,wdx3wkjl,j1llpe1g,9d8pz97k,kwj7061w,3
o1yxvv6q,wdx3wkjl,om1mx362,xk9436d0,None,18
o1yxvv6q,wdx3wkjl,j1nm7w6p,n2yyym2o,None,1
o1yxvv6q,wdx3wkjl,j1llpe1g,xd1rzprk,owo78539,2
o1yxvv6q,wdx3wkjl,j1llpe1g,xd1rzprk,xd1jpyyd,2
o1yxvv6q,wdx3wkjl,j1llpe1g,xd13xwk8,None,6
o1yxvv6q,wdx3wkjl,j1llpe1g,xd1rzprk,o9x16o7d,3
o1yxvv6q,wdx3wkjl,j1llpe1g,xd1rzprk,495kpz49,2
o1yxvv6q,wdx3wkjl,j1llpe1g,xd1rzprk,rdqzyogd,1
o1yxvv6q,wdx3wkjl,j1llpe1g,xd1rzprk,5d7ypxed,1
o1yxvv6q,wdx3wkjl,j1llpe1g,xd1rzprk,kwj7061w,1
o1yxvv6q,wdx3wkjl,o1yxvv6q,n2yj37z2,None,3
o1yxvv6q,wdx3wkjl,ok6qvxdg,ndx80vkq,None,4
o1yxvv6q,wdx3wkjl,n4d7oz17,wdmzro2q,None,13
o1yxvv6q,wdx3wkjl,29d30dlp,l9kvjkgq,None,50
o1yxvv6q,wdx3wkjl,n4d7r172,7wk6prd1,None,148
o1yxvv6q,wdx3wkjl,29d30dlp,nxd1rk8q,None,345
o1yxvv6q,8d46k558,w6jl725d,9kvlrze2,None,4
o1yxvv6q,8d46k558,29d30dlp,zd30m4yd,kwjyqg1w,1
o1yxvv6q,8d46k558,o1yxvv6q,xk9jn84d,None,15
o1yxvv6q,8d46k558,w6jl725d,9kvlrze2,None,10
o1yxvv6q,8d46k558,76rxrzq6,8240pxmd,z98g72rw,10
o1yxvv6q,8d46k558,76rxrzq6,8240pxmd,owo836od,1
o1yxvv6q,8d46k558,76rxovv6,8241lx32,None,224
o1yxvv6q,8d46k558,yo1yv1q5,xk9l5yk0,None,44
o1yxvv6q,8d46k558,yo1yv1q5,wdm8v332,xd00rk0d,1
o1yxvv6q,8d46k558,yo1yv1q5,wdm8v332,ewppm7lw,1
o1yxvv6q,8d46k558,yo1yv1q5,wdm8v332,ldye74pw,1
o1yxvv6q,8d46k558,yo1yv1q5,wdm8v332,5d77nkqd,1
o1yxvv6q,8d46k558,yo1yv1q5,wdm8v332,n93ggjed,2
o1yxvv6q,8d46k558,yo1yv1q5,wdm8v332,5d77k65d,2
o1yxvv6q,8d46k558,yo1yv1q5,wdm8v332,n93z7erw,1
o1yxvv6q,8d46k558,yo1yv1q5,wdm8v332,y9me77zd,2
o1yxvv6q,8d46k558,yo1yv1q5,wdm8v332,gdrp6l8w,8
o1yxvv6q,8d46k558,yo1yv1q5,wdm8v332,nwl6x6pw,8
o1yxvv6q,8d46k558,yo1yv1q5,wdm8v332,owok17vd,4
o1yxvv6q,qjnwkz1j,om1mx362,7kjvmgk3,None,301
o1yxvv6q,qjnwkz1j,om1mx362,9d8vge6k,None,31
o1yxvv6q,qjnwkz1j,76rxr946,jdrvpvx2,None,7
o1yxvv6q,qjnwkz1j,76rxr946,q25g4g8d,None,4
o1yxvv6q,qjnwkz1j,46w3oe91,7kj1e44k,None,3
o1yxvv6q,qjnwkz1j,3dx2m4p1,jdz9q332,None,1
o1yxvv6q,qjnwkz1j,76rxr946,q25g4g8d,None,2
o1yxvv6q,qjnwkz1j,76rxr946,jdrvpvx2,None,5
o1yxvv6q,qjnwkz1j,pdvzpo46,7dg4xwgd,None,28
o1yxvv6q,qjnwkz1j,76rxr946,q25g4g8d,None,1
o1yxvv6q,qjnwkz1j,j1nr9wdp,zd37xj82,z98nj2r9,3
o1yxvv6q,qjnwkz1j,o1yxvv6q,9d8jx46k,None,22
o1yxvv6q,qjnwkz1j,j1nr9wdp,zd37xj82,xd0xkrmd,2
o1yxvv6q,qjnwkz1j,j1nr9wdp,zd37xj82,n93o0229,2
o1yxvv6q,qjnwkz1j,j1nr9wdp,zd37xj82,n93o0279,2
o1yxvv6q,qjnwkz1j,j1nr9wdp,zd37xj82,29v2meqd,2
o1yxvv6q,qjnwkz1j,j1nr9wdp,zd37xj82,xd4x07q9,3
o1yxvv6q,qjnwkz1j,j1nr9wdp,zd37xj82,ldy2e4pw,2
o1yxvv6q,qjnwkz1j,j1nr9wdp,9d8vjx6k,None,2
o1yxvv6q,qjnwkz1j,j1nr9wdp,zd37xj82,59250g79,2
o1yxvv6q,qjnwkz1j,3dx2m4p1,02q3qgjk,None,1
o1yxvv6q,qjnwkz1j,46w3oe91,zdnxj392,5d7lnn59,2
o1yxvv6q,qjnwkz1j,46w3oe91,zdnxj392,kwj3xxrd,2
o1yxvv6q,qjnwkz1j,46w3oe91,zdnxj392,y9my77l9,2
o1yxvv6q,j0n3lq38,o6gxkxd2,9kvpqrjk,None,70
o1yxvv6q,j0n3lq38,29d30dlp,nxd1rk8q,None,62
o1yxvv6q,j0n3lq38,29d30dlp,9d8v6j7k,None,12
o1yxvv6q,j0n3lq38,29d30dlp,z2771020,None,15
o1yxvv6q,j0n3lq38,9dowpe1p,vdo3l9dp,None,71
o1yxvv6q,j0n3lq38,o1yxvv6q,7kjzq1nd,None,21
o1yxvv6q,j0n3lq38,yo1yv1q5,wdm8v332,z98zkyg9,2
o1yxvv6q,j0n3lq38,29d30dlp,zd30m4yd,kwjyq01w,6
o1yxvv6q,j0n3lq38,29d30dlp,zd30m4yd,kwjyqg1w,7
o1yxvv6q,j0n3lq38,29d30dlp,zd30m4yd,owokp83d,6
o1yxvv6q,j0n3lq38,29d30dlp,zd30m4yd,y9meo00d,5
o1yxvv6q,8g56q2yj,o1yxvv6q,7kjzq1nd,None,4
o1yxvv6q,8g56q2yj,29d30dlp,rkle7mw2,None,7
o1yxvv6q,kj96y7j4,w6j7y76j,wdmq4o32,None,2
o1yxvv6q,kj96y7j4,4d74xld7,vdo9j1dp,None,42
o1yxvv6q,kj96y7j4,w6j7y76j,n2y7q72o,None,31
o1yxvv6q,kj96y7j4,3dx2jeg1,rklqqo62,None,2
o1yxvv6q,kj96y7j4,o1yxvv6q,xk9jn84d,None,171
o1yxvv6q,kj96y7j4,3dx2jeg1,rklqqo62,None,3
o1yxvv6q,kj96y7j4,m9dor3dp,wz274g20,None,17
o1yxvv6q,kj96y7j4,268rz51p,7kjzynnd,None,3
o1yxvv6q,kj96y7j4,pdvzq5r6,wdm6l6ok,None,14
o1yxvv6q,kj96y7j4,om1m3625,w20p0zkn,None,1078
o1yxvv6q,kj96y7j4,76r7x418,q25o0zjk,None,5
o1yxvv6q,kj96y7j4,om1m3625,wdmz042q,None,5
o1yxvv6q,kj96y7j4,om1m3625,w20p0zkn,None,72
o1yxvv6q,kjp0nw28,om1mx362,7kjvmgk3,None,92
o1yxvv6q,kjp0nw28,k6q4rqzd,9kv7gzok,y9m202ld,4
o1yxvv6q,kjp0nw28,k6q4rqzd,9kv7gzok,z98evep9,1
o1yxvv6q,kjp0nw28,k6q4rqzd,z27lez0d,None,153
o1yxvv6q,kjp0nw28,k6q4rqzd,9kv7gzok,r9gr04pw,13
o1yxvv6q,kjp0nw28,k6q4rqzd,xk986z42,None,22
o1yxvv6q,kjp0nw28,k6q4rqzd,xk986z42,None,5
o1yxvv6q,kjp0nw28,k6q4rqzd,9d8xw932,rdnrvyqw,1
o1yxvv6q,kjp0nw28,k6q4rqzd,xk986z42,None,11
o1yxvv6q,kjp0nw28,k6q4rqzd,9kv7gzok,5d7l0le9,5
o1yxvv6q,kjp0nw28,k6q4rqzd,9kv7gzok,rdnrvyqw,1
o1yxvv6q,kjp0nw28,k6q4rqzd,xk986z42,None,5
o1yxvv6q,kjp0nw28,k6q4rqzd,9kv7gzok,rdnrvyqw,1
o1yxvv6q,kjp0nw28,k6q4rqzd,8241o4m2,None,9
o1yxvv6q,kjp0nw28,k6q4rqzd,9kv7gzok,rdnrvyqw,2
o1yxvv6q,kjp0nw28,k6q4rqzd,9d8xw932,rdnrvyqw,1
o1yxvv6q,kjp0nw28,9d3rvzwd,wk6nm0o2,None,64
o1yxvv6q,kjp0nw28,om1mx362,q25g0wwd,None,4
o1yxvv6q,kjp0nw28,k6q4rqzd,9kv7gzok,rdnrvyqw,1
o1yxvv6q,kjp0nw28,k6q4rqzd,8241o4m2,None,249
o1yxvv6q,kjp0nw28,k6q4rqzd,7kj1y0nk,None,86
o1yxvv6q,kjp0nw28,k6q4rqzd,9kv7gzok,kwj3lz7d,7
o1yxvv6q,kjp0nw28,76rxovv6,02qp9pyd,None,17
o1yxvv6q,kjp0nw28,76rxovv6,5dw71l0k,None,24
o1yxvv6q,kjp0nw28,76rxovv6,9kv750ok,ldy51zpw,22
o1yxvv6q,kjp0nw28,k6q4rqzd,z27lxx0d,None,4
o1yxvv6q,kjp0nw28,k6q4rqzd,z27lxx0d,None,5
o1yxvv6q,kjp0nw28,k6q4rqzd,9kv7gzok,5d7l0le9,6
o1yxvv6q,kjp0nw28,k6q4rqzd,9kv7gzok,n9385yew,11
o1yxvv6q,kjp0nw28,76rxovv6,8241lx32,None,46
o1yxvv6q,kjp0nw28,k6q4rqzd,zd38mevk,r9grp6jw,8
o1yxvv6q,kjp0nw28,k6q4rqzd,9kv7gzok,gdrg4elw,11
o1yxvv6q,kjp0nw28,k6q4rqzd,9kv7gzok,r9grp6jw,13
o1yxvv6q,kjp0nw28,k6q4rqzd,9kv7gzok,nwlnxled,21
o1yxvv6q,kjp0nw28,k6q4rqzd,9kv7gzok,r9grp6jw,10
o1yxvv6q,kjp0nw28,k6q4rqzd,z27lxx0d,None,2
o1yxvv6q,kjp0nw28,k6q4rqzd,9kv7gzok,rdnrjz7w,9
o1yxvv6q,kjp0nw28,k6q4rqzd,9kv7gzok,z98evgl9,7
o1yxvv6q,kjp0nw28,k6q4rqzd,xk986z42,None,8
o1yxvv6q,kjp0nw28,k6q4rqzd,jdz74z3k,None,32
o1yxvv6q,kjp0nw28,76rxovv6,9kv750ok,z98zrkr9,15
o1yxvv6q,kjp0nw28,om1mx362,wkpn1jdr,None,62
o1yxvv6q,kjp0nw28,76rxovv6,9kv750ok,n93nqj2w,11
o1yxvv6q,kjp0nw28,76rxovv6,9kv750ok,z98zrxr9,36
o1yxvv6q,kjp0nw28,76rxovv6,rklv4prd,rdnlo15w,6
o1yxvv6q,kjp0nw28,76rxovv6,rklv4prd,n93nqj2w,4
o1yxvv6q,kjp0nw28,76rxovv6,9kv750ok,n93nqj2w,9
o1yxvv6q,kjp0nw28,76rxovv6,9kv750ok,z98zrxr9,13
o1yxvv6q,kjp0nw28,76rxovv6,rklv4prd,z98zrxr9,12
o1yxvv6q,kjp0nw28,76rxovv6,zdnxz5x2,None,11
o1yxvv6q,kjp0nw28,76rxovv6,zd389nvk,None,12
o1yxvv6q,kjp0nw28,76rxovv6,9kv750ok,rdnlo15w,8
o1yxvv6q,kjp0nw28,om1mx362,wk6jj7qd,None,5
o1yxvv6q,kjp0nw28,om1mx362,zd3qprkn,xd166z9o,6
o1yxvv6q,kjp0nw28,om1mx362,xd1mrrrd,ewpeey9n,4
o1yxvv6q,kjp0nw28,om1mx362,zd3qprkn,ewpeey9n,5
o1yxvv6q,kjp0nw28,om1mx362,xd1mrrrd,owolljw6,2
o1yxvv6q,kjp0nw28,om1mx362,zd3qprkn,owolljw6,2
o1yxvv6q,kjp0nw28,om1mx362,xd1mrrrd,rdqggo9x,4
o1yxvv6q,kjp0nw28,om1mx362,zd3qprkn,kwj330dg,4
o1yxvv6q,kjp0nw28,om1mx362,zd3qprkn,o9xkk3wl,5
o1yxvv6q,kjp0nw28,k6q4rqzd,9kv7gzok,y9myvy09,40
o1yxvv6q,kjp0nw28,om1mx362,zd3qprkn,rdqggo9x,6
o1yxvv6q,kjp0nw28,om1mx362,zd3qprkn,495yymwp,11
o1yxvv6q,kjp0nw28,om1mx362,zd3qprkn,5d7llq9y,12
o1yxvv6q,kjp0nw28,4d79klz1,vdoowgod,None,1
o1yxvv6q,kjp0nw28,4d79klz1,vdoowgod,None,1
o1yxvv6q,kjp0nw28,9d3rvzwd,5dw4095k,None,29
o1yxvv6q,kjp0nw28,om1mx362,zd3qprkn,r9grrjw2,25
o1yxvv6q,kjp0nw28,om1mx362,zd3qprkn,ywennlwl,26
o1yxvv6q,kjp0nw28,om1mx362,zd3qprkn,69zxxxd1,24
o1yxvv6q,kjp0nw28,o1yxvv6q,9d8jx46k,None,10
o1yxvv6q,kjp0nw28,76rxovv6,824gypg2,None,22
o1yxvv6q,kjp0nw28,4d79klz1,vdooqxvd,None,4
o1yxvv6q,kjp0nw28,76rxovv6,zdnxo092,None,25
o1yxvv6q,kjp0nw28,m1zovmd0,9d8v94lk,None,197
o1yxvv6q,kjp0nw28,o1yxvv6q,9d8jx46k,None,10
o1yxvv6q,kjp0nw28,46wjgqdr,xd1m9gwd,None,113
o1yxvv6q,kj9ykyox,29d30dlp,nxd1rk8q,None,21
o1yxvv6q,kj9ykyox,29d30dlp,jzd3y2nq,None,31
o1yxvv6q,kj9ykyox,yo1yv1q5,xk9l5yk0,None,12
o1yxvv6q,kj9ykyox,yo1yv1q5,4xk906k0,None,27
o1yxvv6q,kj9ykyox,yo1yv1q5,wdm8v332,owo7mkk9,3
o1yxvv6q,kj9ykyox,yo1yv1q5,wdm8v332,o9x25m6w,2
o1yxvv6q,kj9ykyox,o1yxvv6q,xk9jn84d,None,30
o1yxvv6q,kj9ykyox,yo1yv1q5,wdm8v332,ywe4rkld,10
o1yxvv6q,kj9ykyox,yo1yv1q5,wz27gz20,None,19
o1yxvv6q,kj9ykyox,om1mx362,7kjvmgk3,None,290
o1yxvv6q,kj9ykyox,yo1yv1q5,wdm8v332,rw6v88p9,9
o1yxvv6q,kj9ykyox,29d30dlp,rkle7mw2,None,6
o1yxvv6q,kj9ykyox,n4d7r172,7wk6prd1,None,66
o1yxvv6q,kj9ykyox,yo1yv1q5,wdm8v332,495jok2w,12
o1yxvv6q,kj9ykyox,o1yxvv6q,xk9jn84d,None,12
o1yxvv6q,kj9ykyox,yo1yv1q5,wdm8v332,ldye7ejw,4
o1yxvv6q,o86l49q8,k6q45e9d,9kv93no2,None,60
o1yxvv6q,o86l49q8,yd4ojyk1,w20glj8k,rdnqxevd,169
o1yxvv6q,o86l49q8,kdkokl6m,n2yjry82,5d7yg26d,14
o1yxvv6q,o86l49q8,yo1yv1q5,wdm8v332,rdn5jk5d,8
o1yxvv6q,o86l49q8,om1mx362,7kjvmgk3,None,731
o1yxvv6q,o86l49q8,o1yxvv6q,n2yj37z2,None,21
o1yxvv6q,o86l49q8,kdkokl6m,n2yjry82,kwj7norw,22
o1yxvv6q,o86l49q8,o1yxvv6q,9d8jx46k,None,53
o1yxvv6q,o86l49q8,o1yxvv6q,n2yj37z2,None,19
o1yxvv6q,o86l49q8,m9dowk1p,p7kjr423,None,65
o1yxvv6q,o86l49q8,o1y9jwo6,jdr7wwg2,None,11
o1yxvv6q,o86l49q8,o1yxvv6q,wk61oord,None,10
o1yxvv6q,o86l49q8,pd0py36e,mkeoxrjd,nwlo83rw,23
o1yxvv6q,o86l49q8,yo1yv1q5,wdm8v332,rw6v88p9,47
o1yxvv6q,o86l49q8,yo1yv1q5,wdm8v332,69zplrgw,9
o1yxvv6q,o86l49q8,o1yxvv6q,xk9jn84d,None,44
o1yxvv6q,o86l49q8,o1yxvv6q,n2yj37z2,None,18
o1yxvv6q,o86l49q8,pdvxlv1w,7kjze5xd,None,18
o1yxvv6q,o86l49q8,pd0py36e,vdo3oqyd,None,4024
o1yxvv6q,pj0yv4xw,k6q9701g,7kj3w742,None,1
o1yxvv6q,pj0yv4xw,o1ymjr1q,9d8xy7w2,None,1
o1yxvv6q,pj0yv4xw,pd0py36e,vdo3oqyd,None,39
o1yxvv6q,pj0yv4xw,o6g77862,jdrpj352,None,2
o1yxvv6q,pj0yv4xw,yd4r4x1e,q255og2o,None,4
o1yxvv6q,pj0yv4xw,n4d78z67,w2036o2n,None,1
o1yxvv6q,pj0yv4xw,o1y08r6q,xk97xvd0,None,1
o1yxvv6q,pj0yv4xw,n4d7r172,7wk6prd1,None,31
o1yxvv6q,pj0yv4xw,kdkm421m,9kvvz0kg,None,10
o1yxvv6q,pj0yv4xw,m9do271p,mkeoy6d6,None,5
o1yxvv6q,pj0yv4xw,8m1zg360,9d8o862n,None,2
o1yxvv6q,pj0yv4xw,n268nk6p,7dg8xp24,None,58
o1yxvv6q,pj0yv4xw,4pdvk96w,zd3v482n,None,2
o1yxvv6q,pj0yv4xw,y65gk8de,7dgnm9x2,None,10
o1yxvv6q,pj0yv4xw,x369m81l,z27geo20,None,11
o1yxvv6q,pj0yv4xw,9dowpe1p,5dwyr5kg,None,28
o1yxvv6q,pj0yv4xw,yd4o7g1e,824r6zed,y9mxl55w,3
o1yxvv6q,pj0yv4xw,m1mx7362,9kvpwv0k,None,7
o1yxvv6q,pj0yv4xw,29d30dlp,rkle7mw2,None,24
o1yxvv6q,pj0yv4xw,o1yxvv6q,xk9jn84d,None,10
o1yxvv6q,pj0yv4xw,8nd20r60,xd11o7d8,None,6
o1yxvv6q,pj0yv4xw,nj1n3xdp,rklx5nkn,None,13
o1yxvv6q,pj0yv4xw,29d30dlp,nxd1rk8q,None,79
o1yxvv6q,pj0yv4xw,m1zpz060,zd3l76yd,None,1
o1yxvv6q,pj0yv4xw,yd4o7g1e,zd36xydn,None,5
o1yxvv6q,pj0yv4xw,4pd0n31e,7wkp6v2r,None,470
o1yxvv6q,pj0yv4xw,yo1yv1q5,4xk906k0,None,57
o1yxvv6q,pj0yv4xw,o6gomod2,7kjr1p42,None,6
o1yxvv6q,pj0yv4xw,ok6q991g,9d8x7el2,None,10
o1yxvv6q,98r12rqj,n268e96p,7wkp02rm,None,7
o1yxvv6q,98r12rqj,xlde3j63,4xk9l6k0,None,10
o1yxvv6q,98r12rqj,w6j7exe6,02q4nq9d,None,13
o1yxvv6q,98r12rqj,nj1nee1p,jdz8m6dv,None,6
o1yxvv6q,98r12rqj,o1yxvv6q,jdr17vg2,None,5
o1yxvv6q,98r12rqj,kdkz2edm,rklxj66k,None,73
o1yxvv6q,98r12rqj,n268e96p,zd3yexe2,None,4
o1yxvv6q,98r12rqj,m9dowk1p,p7kjr423,None,27
o1yxvv6q,98r12rqj,kdk5medm,wkpy8gjk,5wk23vvw,23
o1yxvv6q,qjow2038,k6q33m1g,jdz8x9rd,None,1
o1yxvv6q,qjow2038,m1mnpmkd,02q796zd,xd05e8j9,5
o1yxvv6q,qjow2038,o1yxvv6q,7kjzq1nd,None,23
o1yxvv6q,qjow2038,o1yxvv6q,9d8jx46k,None,35
o1yxvv6q,qxk6eok8,o1y94x26,vdo5gr6k,None,24
o1yxvv6q,qxk6eok8,v1p897d8,7kjr4wn2,None,14
o1yxvv6q,qxk6eok8,o1yjro21,w20qy8jd,592kj7g9,6
o1yxvv6q,qxk6eok8,j1n8gz91,zd3jeq82,592113gw,3
o1yxvv6q,qxk6eok8,j1n8gz91,zd3jeq82,29vvvl19,2
o1yxvv6q,qxk6eok8,o1yjro21,7kj9enx2,y9m6eolw,2
o1yxvv6q,qxk6eok8,o1yjro21,wdm589e2,y9m6eolw,3
o1yxvv6q,qxk6eok8,j1n8gz91,zd3jeq82,y9mvv159,2
o1yxvv6q,qxk6eok8,9dov476p,xd1jpj7d,rdn0pmvw,2
o1yxvv6q,qxk6eok8,o6glzpnd,wk6r3exk,None,2
o1yxvv6q,qxk6eok8,o6glzpnd,5dwqn6ld,None,2
o1yxvv6q,qxk6eok8,o6glzpnd,7dg1y0pd,None,5
o1yxvv6q,qxk6eok8,o6glzpnd,mkewyl6k,None,2
o1yxvv6q,qxk6eok8,o1yjro21,w20qy8jd,y9m6eolw,6
o1yxvv6q,qxk6eok8,o1yjro21,wkp5v5jd,owojkpv9,2
o1yxvv6q,qxk6eok8,o1yjro21,xk9x44yk,owojkpv9,2
o1yxvv6q,qxk6eok8,o1yjro21,wdm589e2,owojkpv9,3
o1yxvv6q,qxk6eok8,o1yjro21,vdo5356k,owojkpv9,2
o1yxvv6q,qxk6eok8,o1yjro21,7kj9enx2,owojkpv9,2
o1yxvv6q,qxk6eok8,o1yjro21,wkp5v5jd,kwjgyqrw,4
o1yxvv6q,qxk6eok8,o1yjro21,w20qy8jd,owojkpv9,5
o1yxvv6q,qxk6eok8,o1yjro21,xk9x44yk,kwjgyqrw,2
o1yxvv6q,qxk6eok8,o1yjro21,7kj9enx2,kwjgyqrw,3
o1yxvv6q,qxk6eok8,o1yjro21,wdm589e2,kwjgyqrw,2
o1yxvv6q,qxk6eok8,o1yjro21,vdo5356k,kwjgyqrw,3
o1yxvv6q,qxk6eok8,o1yjro21,w20qy8jd,kwjgyqrw,12
o1yxvv6q,qxk6eok8,9dov476p,xd1jpj7d,69z345gd,2
o1yxvv6q,qxk6eok8,9dov476p,xd1jpj7d,gdreqnl9,5
o1yxvv6q,qxk6eok8,9dov476p,xd1jpj7d,gdreqnl9,4
o1yxvv6q,qxk6eok8,9dov476p,xd1jpj7d,o9xnlgpw,3
o1yxvv6q,qxk6eok8,9dov476p,xd1jpj7d,z9868opd,6
o1yxvv6q,qxk6eok8,9dov476p,xd1jpj7d,ewpjq2jw,1
o1yxvv6q,qxk6eok8,9dov476p,xd1jpj7d,n937gxed,2
o1yxvv6q,qxk6eok8,9dov476p,xd1jpj7d,4956823d,1
o1yxvv6q,qxk6eok8,9dov476p,xd1jpj7d,o9xygq1d,2
o1yxvv6q,qxk6eok8,9dov476p,ndx3q35d,4956823d,1
o1yxvv6q,qxk6eok8,9dov476p,xd1jpj7d,4956823d,5
o1yxvv6q,qxk6eok8,9dov476p,xd1jpj7d,ywe18y7d,2
o1yxvv6q,qxk6eok8,9dov476p,xd1jpj7d,gdreqnl9,6
o1yxvv6q,qxk6eok8,9dov476p,xd1jpj7d,4956823d,6
o1yxvv6q,qxk6eok8,9dov476p,xd1jpj7d,nwll75ew,3
o1yxvv6q,qxk6eok8,9dov476p,xd1jpj7d,nwll75ew,6
o1yxvv6q,qxk6eok8,j1nxpwdp,rklxpgrk,None,10
o1yxvv6q,qxk6eok8,9donyo1p,z27gmvz2,None,2
o1yxvv6q,qxk6eok8,46w2l76r,02qg3wpd,None,151
o1yxvv6q,qxk6eok8,k6qgomdg,zdnqwm9d,None,23
o1yxvv6q,qxk6eok8,k6qgomdg,wdm8ym42,None,8
o1yxvv6q,qxk6eok8,3dxzqv1y,ndxm4xo2,None,148
o1yxvv6q,qxk6eok8,3dxzqv1y,n2y59gmk,None,198
o1yxvv6q,qxk6eok8,w6jler4d,02qlr0pk,xd0xl51d,2
o1yxvv6q,qxk6eok8,w6jler4d,02qlr0pk,rdnnr1vd,3
o1yxvv6q,qxk6eok8,w6jler4d,02qlr0pk,rw63r67w,3
o1yxvv6q,qxk6eok8,w6jler4d,zdn1ownk,rw63r67w,1
o1yxvv6q,qxk6eok8,w6jler4d,02qlr0pk,n93o8je9,3
o1yxvv6q,qxk6eok8,w6jler4d,zdn1ownk,n93o8je9,1
o1yxvv6q,qxk6eok8,w6jler4d,02qlr0pk,z98nekl9,3
o1yxvv6q,qxk6eok8,k6q4p8zd,xd1ez042,592q5eo9,2
o1yxvv6q,qxk6eok8,k6q4p8zd,xd1ez042,29v72n39,2
o1yxvv6q,qxk6eok8,k6q4p8zd,xd1ez042,xd42xg2w,2
o1yxvv6q,qxk6eok8,k6q4p8zd,xd1ez042,xd0qx6x9,2
o1yxvv6q,qxk6eok8,k6q4p8zd,xd1ez042,rw6o35rw,2
o1yxvv6q,qxk6eok8,k6q4p8zd,xd1ez042,n934oznd,2
o1yxvv6q,qxk6eok8,k6q4p8zd,xd1ez042,rdnzn4qd,2
o1yxvv6q,qxk6eok8,k6q4p8zd,xd1ez042,ldyg2lkd,2
o1yxvv6q,qxk6eok8,k6q4p8zd,xd1ez042,gdrx266d,2
o1yxvv6q,qxk6eok8,k6q4p8zd,xd1ez042,ywe5lxyw,2
o1yxvv6q,qxk6eok8,k6q4p8zd,xd1ez042,69z2zel9,2
o1yxvv6q,qxk6eok8,k6q4p8zd,xd1ez042,nwlo340w,2
o1yxvv6q,qxk6eok8,k6q4p8zd,xd1ez042,o9x74r0d,2
o1yxvv6q,qxk6eok8,k6q4p8zd,xd1ez042,owo6y5ow,2
o1yxvv6q,qxk6eok8,k6q4p8zd,xd1ez042,xd12xyew,2
o1yxvv6q,qxk6eok8,k6q4p8zd,xd1ez042,ewpxr4kd,2
o1yxvv6q,qxk6eok8,k6q4p8zd,xd1ez042,y9mx845w,2
o1yxvv6q,qxk6eok8,k6q4p8zd,xd1ez042,5wk6p429,2
o1yxvv6q,qxk6eok8,k6q4p8zd,xd1ez042,69z2z6l9,2
o1yxvv6q,qxk6eok8,k6q4p8zd,xd1ez042,r9g4xn59,2
o1yxvv6q,qxk6eok8,k6q4p8zd,xd1ez042,o9x74o0d,2
o1yxvv6q,qxk6eok8,k6q4p8zd,xd1ez042,49554z09,2
o1yxvv6q,qxk6eok8,k6q4p8zd,xd1ez042,rdq7lok9,2
o1yxvv6q,qxk6eok8,k6q4p8zd,xd1ez042,ywe5l3yw,4
o1yxvv6q,qxk6eok8,k6q4p8zd,xd1ez042,5d748xgd,2
o1yxvv6q,qxk6eok8,pd0gzw6e,q25m41jd,None,2
o1yxvv6q,qxk6eok8,pd0gzw6e,jdrlpnnd,None,3
o1yxvv6q,qxk6eok8,m1mmex12,9d8wr6dn,z9843rwl,9
o1yxvv6q,qxk6eok8,m1mmex12,824owmd5,z9843rwl,10
o1yxvv6q,qxk6eok8,pd0gzw6e,zd3ll0yd,None,5
o1yxvv6q,qxk6eok8,pd0gzw6e,9kvjjpjk,None,3
o1yxvv6q,qxk6eok8,j1neney1,9d84m87k,None,4
o1yxvv6q,qxk6eok8,j1neney1,9d84m87k,None,3
o1yxvv6q,qxk6eok8,j1neney1,9d84m87k,None,3
o1yxvv6q,qxk6eok8,o6glxx8d,zd37oxy2,None,4
o1yxvv6q,qxk6eok8,o6glxx8d,9kvy69jk,None,7
o1yxvv6q,qxk6eok8,o6glxx8d,xd174vrd,None,4
o1yxvv6q,qxk6eok8,o6glxx8d,9d8ge37k,None,3
o1yxvv6q,qxk6eok8,o6glxx8d,9d8ge37k,None,9
o1yxvv6q,qxk6eok8,46w3xrq1,vdo8709k,None,54
o1yxvv6q,qxk6eok8,yd47mkde,xd1o87k8,29v2jqdv,7
o1yxvv6q,qxk6eok8,46w7zqdr,7kjvxm4k,5wkn185w,10
o1yxvv6q,qxk6eok8,46w7zqdr,7kjvxm4k,gdr8l2k9,8
o1yxvv6q,qxk6eok8,46w7zqdr,7kjvxm4k,xd1301y9,8
o1yxvv6q,qxk6eok8,46w7zqdr,mkezw06k,owoee8kd,8
o1yxvv6q,qxk6eok8,46w7zqdr,mkezw06k,kwj88079,7
o1yxvv6q,qxk6eok8,46w7zqdr,7kjvxm4k,owoee8kd,6
o1yxvv6q,qxk6eok8,46w7zqdr,7kjvxm4k,kwj88079,8
o1yxvv6q,qxk6eok8,46w7zqdr,7kjvxm4k,495rrx3d,9
o1yxvv6q,qxk6eok8,46w7zqdr,mkezw06k,495rrx3d,8
o1yxvv6q,qxk6eok8,46w7zqdr,7kjvxm4k,rdq3342w,11
o1yxvv6q,qxk6eok8,46w7zqdr,7kjvxm4k,5d7eep6w,10
o1yxvv6q,qxk6eok8,46w7zqdr,mkezw06k,5d7eep6w,7
o1yxvv6q,qxk6eok8,46w7zqdr,mkezw06k,r9gjjqp9,11
o1yxvv6q,qxk6eok8,46w7zqdr,7kjvxm4k,o9xzzrpw,12
o1yxvv6q,qxk6eok8,46w7zqdr,7kjvxm4k,r9gjjqp9,65
o1yxvv6q,qxk6eok8,y654q4ed,5dw8ljld,None,3
o1yxvv6q,qxk6eok8,y654q4ed,zd35xwvk,None,4
o1yxvv6q,qxk6eok8,y654q4ed,zd35xwvk,None,7
o1yxvv6q,qxk6eok8,y654q4ed,zd35xwvk,None,4
o1yxvv6q,qxk6eok8,y654q4ed,zd35xwvk,None,8
o1yxvv6q,qxk6eok8,y654q4ed,zd35xwvk,None,7
o1yxvv6q,qxk6eok8,m1mrpk62,zd36pxrd,None,1
o1yxvv6q,qxk6eok8,m1mrpk62,xd1e6vw2,None,1
o1yxvv6q,qxk6eok8,nd2e7xed,9kvmz3jk,None,2
o1yxvv6q,qxk6eok8,nd2e7xed,vdo80y6k,None,1
o1yxvv6q,qxk6eok8,nd2e7xed,zd36e4yd,None,2
o1yxvv6q,qxk6eok8,nd2e7xed,zd36e4yd,None,3
o1yxvv6q,qxk6eok8,nd2e7xed,9kvmz3jk,None,2
o1yxvv6q,qxk6eok8,nd2e7xed,9kvmz3jk,None,2
o1yxvv6q,qxk6eok8,nd2e7xed,zd36e4yd,None,2
o1yxvv6q,qxk6eok8,j1l05z1g,824m68g2,None,8
o1yxvv6q,qxk6eok8,j1nnyw1p,7dggyppd,None,21
o1yxvv6q,qxk6eok8,576rp418,vdo3yx1d,None,210
o1yxvv6q,qxk6eok8,9d34wg6l,wk6w5qx2,None,3
o1yxvv6q,qxk6eok8,yo1ywodq,wk6pqpd1,None,24
o1yxvv6q,qxk6eok8,v1ply768,zd37q4v2,None,16
o1yxvv6q,qxk6eok8,46w33971,zdn4x9xk,None,4
o1yxvv6q,qxk6eok8,m1mll362,zd3yo1v2,None,33
o1yxvv6q,qxk6eok8,268ex7o6,z27ovqod,None,8
o1yxvv6q,qxk6eok8,kdk9lx6m,824pz832,None,21
o1yxvv6q,qxk6eok8,pd0o9wde,vdoqj89k,r9g2x2jd,10
o1yxvv6q,qxk6eok8,3dxogvdy,zd3l0zed,None,16
o1yxvv6q,qxk6eok8,369xzl6l,5dwpep0k,None,9
o1yxvv6q,qxk6eok8,lde3xgx6,wk6vwgxd,5925q5g9,3
o1yxvv6q,qxk6eok8,lde3xgx6,wk6vwgxd,owoy6yv9,3
o1yxvv6q,qxk6eok8,lde3xgx6,wk6vwgxd,5d78485w,5
o1yxvv6q,qxk6eok8,lde3xgx6,wk6vwgxd,kwjpzprw,4
o1yxvv6q,qxk6eok8,lde3xgx6,wk6vwgxd,5wkp6p5d,3
o1yxvv6q,qxk6eok8,lde3xgx6,wk6vwgxd,y9m8x8ld,3
o1yxvv6q,qxk6eok8,lde3xgx6,wk6vwgxd,xd1x2xq9,4
o1yxvv6q,qxk6eok8,kdkzkgqd,9kv7633k,rdqg35k9,3
o1yxvv6q,qxk6eok8,lde3xgx6,n2y7v682,ewprxrld,3
o1yxvv6q,qxk6eok8,lde3xgx6,wk6vwgxd,ewprxrld,3
o1yxvv6q,qxk6eok8,lde3xgx6,7kj1gyxk,ewprxrld,3
o1yxvv6q,qxk6eok8,369pewg1,zd3890vk,y9my7jx9,2
o1yxvv6q,qxk6eok8,o1y94q46,wkpm4nvk,xd0lmomd,6
o1yxvv6q,qxk6eok8,y654k0ed,z27lqv5d,ldyjnvpd,3
o1yxvv6q,qxk6eok8,o1ygor1q,rklvq98d,z988yjg9,2
o1yxvv6q,qxk6eok8,268e8go6,vdom6w12,None,2
o1yxvv6q,qxk6eok8,268e8ok6,jdr7znn2,None,3
o1yxvv6q,qxk6eok8,y6543q7d,jdrr79ld,None,3
o1yxvv6q,qxk6eok8,k6q4rqzd,7kj1y0nk,None,24
o1yxvv6q,qxk6eok8,k6q4rqzd,jdz74z3k,None,30
o1yxvv6q,qxk6eok8,k6q4rqzd,9kv7gz8k,None,37
o1yxvv6q,qxk6eok8,9dowwj31,jdz87x6d,None,5
o1yxvv6q,qxk6eok8,w6jlexed,zd37q6n2,None,4
o1yxvv6q,qxk6eok8,k6qk9o6g,wk6prqqd,None,7
o1yxvv6q,qxk6eok8,pdvz9zv6,jdzvwz6k,None,2
o1yxvv6q,qxk6eok8,pdvz9zv6,9kv786jk,None,3
o1yxvv6q,qxk6eok8,y650l71e,jdr6r0d6,None,2
o1yxvv6q,qxk6eok8,o1yje41q,xd1gn4d8,None,28
o1yxvv6q,qxk6eok8,9d32ng1l,mkeoxnnd,None,16
o1yxvv6q,qxk6eok8,ldeok563,vdo41py2,None,95
o1yxvv6q,qxk6eok8,m1mgmk12,7dgg5eld,None,8
o1yxvv6q,qxk6eok8,o6glx8od,02ql9lyk,None,22
o1yxvv6q,qxk6eok8,yd4o0mk1,wk6ojpqk,None,7
o1yxvv6q,qxk6eok8,v1poylm6,vdom4592,None,2
o1yxvv6q,qxk6eok8,w6jl904d,9d8g7v6k,None,5
o1yxvv6q,qxk6eok8,lde3kwl6,q2579n8d,None,4
o1yxvv6q,qxk6eok8,m1mnmjd2,02qlz9ky,None,8
o1yxvv6q,qxk6eok8,9do09mdp,zdnr7792,None,5
o1yxvv6q,qxk6eok8,j1neyye1,mkeqjz8k,None,1
o1yxvv6q,qxk6eok8,v1poyyz6,n2y7j5z2,None,5
o1yxvv6q,qxk6eok8,v1poyyz6,7kj1zpnk,None,3
o1yxvv6q,qxk6eok8,xv1pkmd8,z27rzgd0,None,53
o1yxvv6q,qxk6eok8,v1poyyz6,7kj1zpnk,None,1
o1yxvv6q,qxk6eok8,m1m0wx62,824x3e3d,None,9
o1yxvv6q,qxk6eok8,k6q4exdg,xd13z18k,None,40
o1yxvv6q,qxk6eok8,kdk9xq6m,zdnqp9ed,None,13
o1yxvv6q,qxk6eok8,3dx25n41,02qlz5pk,None,2
o1yxvv6q,qxk6eok8,k6qxp91g,wdm4xwxd,None,15
o1yxvv6q,qxk6eok8,j1ll9qz1,9kvyxn3k,None,12
o1yxvv6q,qxk6eok8,w6j8vx1j,xd1r077k,None,42
o1yxvv6q,qxk6eok8,pdvz02v6,mker4l8d,None,14
o1yxvv6q,qxk6eok8,k6q4yrxd,zdnxq592,None,4
o1yxvv6q,qxk6eok8,lde2pxd3,9kv71eok,None,10
o1yxvv6q,qxk6eok8,o1ywmvdq,n2y1e9m2,None,8
o1yxvv6q,qxk6eok8,268lr51p,xd13r14k,None,2
o1yxvv6q,qxk6eok8,nd2q95d0,vdoonvyd,None,56
o1yxvv6q,qxk6eok8,3699o26l,zd30r7ed,None,8
o1yxvv6q,qxk6eok8,j1nx2ldp,zdn0emq2,None,3
o1yxvv6q,qxk6eok8,o6gv9962,wk6p8zpd,None,5
o1yxvv6q,qxk6eok8,369wk8dl,n2y9y8do,None,62
o1yxvv6q,qxk6eok8,o6gv9962,mkeo4gnd,None,9
o1yxvv6q,qxk6eok8,o6gv9962,5dwjgr0k,None,6
o1yxvv6q,qxk6eok8,j1nemny1,wkpvwj8k,None,9
o1yxvv6q,qxk6eok8,ldepol13,jdrp8vn2,None,5
o1yxvv6q,qxk6eok8,pdvzn3r6,5dw8wxnd,None,4
o1yxvv6q,qxk6eok8,kdkr726m,02qgo8yd,r9gyk3q9,15
o1yxvv6q,qxk6eok8,w6jler4d,zdn1ownk,xd0xl51d,1
o1yxvv6q,qxk6eok8,kdkzmrqd,824689md,None,12
o1yxvv6q,qxk6eok8,j1nrv9dp,xk9ln6gk,None,40
o1yxvv6q,qxk6eok8,j1nrv9dp,jdz5v46d,ywe488ld,31
o1yxvv6q,qxk6eok8,yd4voxde,rklxq0nk,None,7
o1yxvv6q,qxk6eok8,w6jler4d,zdn1ownk,xd4xnop9,1
o1yxvv6q,qxk6eok8,w6jler4d,02qlr0pk,592537r9,2
o1yxvv6q,qxk6eok8,w6jler4d,zdn1ownk,592537r9,1
o1yxvv6q,qxk6eok8,w6jler4d,02qlr0pk,29v2jrnd,4
o1yxvv6q,qxk6eok8,w6jler4d,02qlr0pk,xd4xnop9,3
o1yxvv6q,qxk6eok8,w6jler4d,zdn1ownk,29v2jrnd,1
o1yxvv6q,qxk6eok8,w6jler4d,zdn1ownk,5wkp87qd,1
o1yxvv6q,qxk6eok8,w6jler4d,02qlr0pk,ewpre6zd,5
o1yxvv6q,qxk6eok8,w6jler4d,zdn1ownk,ewpre6zd,1
o1yxvv6q,qxk6eok8,w6jler4d,02qlr0pk,y9m8yo1d,3
o1yxvv6q,qxk6eok8,w6jler4d,02qlr0pk,5wkp87qd,4
o1yxvv6q,qxk6eok8,w6jler4d,zdn1ownk,y9m8yo1d,1
o1yxvv6q,qxk6eok8,k6q49nzd,9d8gg66k,ewpxgjjd,1
o1yxvv6q,qxk6eok8,yd4ogpp1,xd175n4d,None,3
o1yxvv6q,qxk6eok8,k6q49nzd,9kvyymjk,xd12g75w,2
o1yxvv6q,qxk6eok8,k6q49nzd,jdzvvpgk,kwjzn579,1
o1yxvv6q,qxk6eok8,k6q49nzd,824rrmwd,kwjzn579,1
o1yxvv6q,qxk6eok8,k6q49nzd,9d8gg67k,kwjzn579,2
o1yxvv6q,qxk6eok8,k6q49nzd,zd3776y2,kwjzn579,1
o1yxvv6q,qxk6eok8,k6q49nzd,9kvyymjk,kwjzn579,1
o1yxvv6q,qxk6eok8,k6q49nzd,9d8gg66k,kwjzn579,1
o1yxvv6q,qxk6eok8,k6q49nzd,w20yplvk,rdq7x129,1
o1yxvv6q,qxk6eok8,k6q49nzd,jdr77152,rdq7x129,1
o1yxvv6q,qxk6eok8,k6q49nzd,jdzvvpgk,rdq7x129,1
o1yxvv6q,qxk6eok8,k6q49nzd,02qll8yk,rdq7x129,1
o1yxvv6q,qxk6eok8,k6q49nzd,jdr77152,owo6z0kw,4
o1yxvv6q,qxk6eok8,k6q49nzd,824rrmwd,owo6z0kw,4
o1yxvv6q,qxk6eok8,k6q49nzd,9d8gg67k,owo6z0kw,4
o1yxvv6q,qxk6eok8,k6q49nzd,zd3776y2,owo6z0kw,2
o1yxvv6q,qxk6eok8,k6q49nzd,9kvyymjk,owo6z0kw,2
o1yxvv6q,qxk6eok8,k6q49nzd,824rrmwd,rdq7x129,1
o1yxvv6q,qxk6eok8,k6q49nzd,w20yplvk,xd12g75w,5
o1yxvv6q,qxk6eok8,k6q49nzd,jdr77152,xd12g75w,2
o1yxvv6q,qxk6eok8,k6q49nzd,jdzvvpgk,xd12g75w,2
o1yxvv6q,qxk6eok8,k6q49nzd,824rrmwd,xd12g75w,4
o1yxvv6q,qxk6eok8,k6q49nzd,9kvyymjk,5d74ov6d,1
o1yxvv6q,qxk6eok8,k6q49nzd,w20yplvk,kwjzn579,1
o1yxvv6q,qxk6eok8,k6q49nzd,jdr77152,kwjzn579,1
o1yxvv6q,qxk6eok8,k6q49nzd,02qll8yk,kwjzn579,1
o1yxvv6q,qxk6eok8,nd28xed0,w20p6p8k,5d7vm6dy,7
o1yxvv6q,qxk6eok8,m1zze310,wk618gxd,None,11
o1yxvv6q,qxk6eok8,nd28xed0,xd1v6zd8,5d7vm6dy,13
o1yxvv6q,qxk6eok8,k6q49nzd,xd177erd,5d74ov6d,1
o1yxvv6q,qxk6eok8,k6q49nzd,w20yplvk,5d74ov6d,1
o1yxvv6q,qxk6eok8,k6q49nzd,jdr77152,5d74ov6d,1
o1yxvv6q,qxk6eok8,k6q49nzd,jdzvvpgk,5d74ov6d,1
o1yxvv6q,qxk6eok8,k6q49nzd,02qll8yk,5d74ov6d,1
o1yxvv6q,qxk6eok8,k6q49nzd,824rrmwd,5d74ov6d,1
o1yxvv6q,qxk6eok8,nd28xed0,n2yq0qzk,None,5
o1yxvv6q,qxk6eok8,nd28xed0,w20p6p8k,ywe177dl,5
o1yxvv6q,qxk6eok8,nd28xed0,w20p6p8k,ewpj6jwn,4
o1yxvv6q,qxk6eok8,nd28xed0,xd1v6zd8,ewpj6jwn,9
o1yxvv6q,qxk6eok8,nd28xed0,xd1v6zd8,rdqjv29x,6
o1yxvv6q,qxk6eok8,nd28xed0,w20p6p8k,rdqjv29x,4
o1yxvv6q,qxk6eok8,nd28xed0,xd1v6zd8,ywe177dl,10
o1yxvv6q,qxk6eok8,w6jler4d,jdr7nmx2,None,6
o1yxvv6q,qxk6eok8,w6jlexed,rklj5y8d,None,6
o1yxvv6q,qxk6eok8,pdvz0o96,9kvyne8k,None,8
o1yxvv6q,qxk6eok8,3dxoxydy,jdz5y7vd,None,9
o1yxvv6q,qxk6eok8,3dxoxydy,jdrpzex2,None,3
o1yxvv6q,qxk6eok8,pdvz0k46,n2y3vl8d,None,7
o1yxvv6q,qxk6eok8,268ery6p,02qgl09d,None,16
o1yxvv6q,qxk6eok8,3dxoxydy,jdrpzex2,None,3
o1yxvv6q,qxk6eok8,268ery6p,ndxm6v2q,y9mezxd5,74
o1yxvv6q,qxk6eok8,268ery6p,ndxm6v2q,rdn5g7dm,37
o1yxvv6q,qxk6eok8,268ery6p,ndxm6v2q,rw6vyg97,41
o1yxvv6q,qxk6eok8,9dowwj31,q25q3zg2,None,6
o1yxvv6q,qxk6eok8,3dx0l5dy,wkpwlvdr,None,5
o1yxvv6q,qxk6eok8,w6jlexed,9kvy8z3k,None,6
o1yxvv6q,qxk6eok8,yd4og8g1,jdzv6n3k,None,3
o1yxvv6q,qxk6eok8,yd4og8g1,824rj8md,None,2
o1yxvv6q,qxk6eok8,yd4og8g1,02qlmrjk,None,2
o1yxvv6q,qxk6eok8,o6glzpnd,wkpgn0wk,None,10
o1yxvv6q,qxk6eok8,pdvz9zv6,jdrx690d,None,2
o1yxvv6q,qxk6eok8,pdvz9zv6,z27o4m0d,None,2
o1yxvv6q,qxk6eok8,3dx20051,zd37ox82,None,2
o1yxvv6q,qxk6eok8,3dx20051,9kvy69ok,None,2
o1yxvv6q,qxk6eok8,3dx20051,xd174v7d,None,2
o1yxvv6q,qxk6eok8,kdkzvl2d,vdo36w1d,None,8
o1yxvv6q,qxk6eok8,kdkzvl2d,q257o8yd,None,1
o1yxvv6q,qxk6eok8,yd4og8g1,jdr7ong2,None,4
o1yxvv6q,qxk6eok8,3dx20051,9d8ge36k,None,2
o1yxvv6q,qxk6eok8,pd0mz26e,z2773zo2,None,22
o1yxvv6q,qxk6eok8,pd0mz26e,xk9ljzgk,None,49
o1yxvv6q,qxk6eok8,9dowwj31,zdn4xgxk,None,5
o1yxvv6q,qxk6eok8,3dx2kqp1,mkezy0nk,None,3
o1yxvv6q,qxk6eok8,3dx2kqp1,7dgryolk,None,3
o1yxvv6q,qxk6eok8,o6g2m812,7dg5xol2,None,17
o1yxvv6q,qxk6eok8,k6q49nzd,w20yplvk,49557839,1
o1yxvv6q,qxk6eok8,k6q49nzd,jdr77152,49557839,1
o1yxvv6q,qxk6eok8,k6q49nzd,jdzvvpgk,49557839,1
o1yxvv6q,qxk6eok8,k6q49nzd,jdzvvpgk,o9x7plpd,1
o1yxvv6q,qxk6eok8,k6q49nzd,02qll8yk,o9x7plpd,1
o1yxvv6q,qxk6eok8,k6q49nzd,824rrmwd,o9x7plpd,1
o1yxvv6q,qxk6eok8,k6q49nzd,9d8gg67k,o9x7plpd,1
o1yxvv6q,qxk6eok8,k6q49nzd,xd177erd,xd12g75w,4
o1yxvv6q,qxk6eok8,k6q49nzd,zd3776y2,o9x7plpd,1
o1yxvv6q,qxk6eok8,k6q49nzd,9kvyymjk,r9g4v3p9,3
o1yxvv6q,qxk6eok8,k6q49nzd,9d8gg66k,r9g4v3p9,2
o1yxvv6q,qxk6eok8,k6q49nzd,w20yplvk,o9x7plpd,3
o1yxvv6q,qxk6eok8,k6q49nzd,jdr77152,o9x7plpd,1
o1yxvv6q,qxk6eok8,k6q49nzd,xd177erd,r9g4v3p9,2
o1yxvv6q,qxk6eok8,k6q49nzd,zd3776y2,r9g4v3p9,1
o1yxvv6q,qxk6eok8,m1zjje26,q25e0qg2,592le3od,32
o1yxvv6q,qxk6eok8,k6q49nzd,jdzvvpgk,r9g4v3p9,1
o1yxvv6q,qxk6eok8,k6q49nzd,02qll8yk,r9g4v3p9,1
o1yxvv6q,qxk6eok8,k6q49nzd,824rrmwd,r9g4v3p9,1
o1yxvv6q,qxk6eok8,k6q49nzd,9d8gg67k,r9g4v3p9,1
o1yxvv6q,qxk6eok8,k6q49nzd,9kvyymjk,69z2k4g9,2
o1yxvv6q,qxk6eok8,k6q49nzd,9d8gg66k,69z2k4g9,2
o1yxvv6q,qxk6eok8,k6q49nzd,w20yplvk,r9g4v3p9,1
o1yxvv6q,qxk6eok8,k6q49nzd,jdr77152,r9g4v3p9,1
o1yxvv6q,qxk6eok8,k6q49nzd,zd3776y2,69z2k4g9,2
o1yxvv6q,qxk6eok8,k6q49nzd,jdzvvpgk,69z2k4g9,2
o1yxvv6q,qxk6eok8,k6q49nzd,02qll8yk,69z2k4g9,2
o1yxvv6q,qxk6eok8,k6q49nzd,824rrmwd,69z2k4g9,3
o1yxvv6q,qxk6eok8,k6q49nzd,9d8gg67k,69z2k4g9,1
o1yxvv6q,qxk6eok8,k6q49nzd,xd177erd,69z2k4g9,1
o1yxvv6q,qxk6eok8,k6q49nzd,w20yplvk,69z2k4g9,5
o1yxvv6q,qxk6eok8,k6q49nzd,jdr77152,69z2k4g9,3
o1yxvv6q,qxk6eok8,k6q49nzd,xd177erd,ewpxgjjd,2
o1yxvv6q,qxk6eok8,k6q49nzd,zd3776y2,ewpxgjjd,2
o1yxvv6q,qxk6eok8,k6q49nzd,9kvyymjk,ewpxgjjd,2
o1yxvv6q,qxk6eok8,k6q49nzd,w20yplvk,ewpxgjjd,2
o1yxvv6q,qxk6eok8,k6q49nzd,jdr77152,ewpxgjjd,4
o1yxvv6q,qxk6eok8,k6q49nzd,jdzvvpgk,ewpxgjjd,6
o1yxvv6q,qxk6eok8,k6q49nzd,02qll8yk,ewpxgjjd,3
o1yxvv6q,qxk6eok8,k6q49nzd,824rrmwd,ewpxgjjd,5
o1yxvv6q,qxk6eok8,k6q49nzd,9d8gg67k,ewpxgjjd,3
o1yxvv6q,qxk6eok8,m1mrpk62,q25qj682,5wkjy7vd,2
o1yxvv6q,qxk6eok8,m1mrpk62,q25qj682,29v3orqw,2
o1yxvv6q,qxk6eok8,369p7el1,wdm8wpe2,None,23
o1yxvv6q,qxk6eok8,m1mrpk62,q25qj682,495671md,1
o1yxvv6q,qxk6eok8,w6jl9wed,xk9nyy42,None,27
o1yxvv6q,qxk6eok8,k6q49nzd,9d8gg67k,xd12g75w,2
o1yxvv6q,qxk6eok8,k6q49nzd,zd3776y2,xd12g75w,2
o1yxvv6q,qxk6eok8,k6q49nzd,9d8gg66k,xd12g75w,5
o1yxvv6q,qxk6eok8,k6q49nzd,vdo36lod,None,6
o1yxvv6q,qxk6eok8,k6q49nzd,w20yplvk,owo6z0kw,1
o1yxvv6q,qxk6eok8,k6q49nzd,jdzvvpgk,owo6z0kw,6
o1yxvv6q,qxk6eok8,k6q49nzd,02qll8yk,owo6z0kw,11
o1yxvv6q,qxk6eok8,k6q49nzd,xd177erd,owo6z0kw,6
o1yxvv6q,qxk6eok8,k6q49nzd,9d8gg66k,owo6z0kw,3
o1yxvv6q,qxk6eok8,k6q49nzd,02qll8yk,xd12g75w,2
o1yxvv6q,qxk6eok8,k6q49nzd,w20y008k,None,11
o1yxvv6q,qxk6eok8,4d7rml17,z273prgd,None,52
o1yxvv6q,qxk6eok8,3699rl6l,7kjvy04k,None,16
o1yxvv6q,qxk6eok8,4d7yqzd7,xk9j514d,None,7
o1yxvv6q,qxk6eok8,y65ex46e,7kjrv032,None,466
o1yxvv6q,qxk6eok8,kdkzvmld,n2y5pv7k,None,44
o1yxvv6q,qxk6eok8,kdkzvmld,xk9gowvd,None,18
o1yxvv6q,qxk6eok8,v1poj846,7dg99vgk,None,7
o1yxvv6q,qxk6eok8,v1poj846,mkerr1jd,None,5
o1yxvv6q,qxk6eok8,j1ne9xy1,n2y35ped,None,4
o1yxvv6q,qxk6eok8,j1ne9xy1,7kjqpjgd,None,6
o1yxvv6q,qxk6eok8,y65ex46e,xk9l0zvk,None,180
o1yxvv6q,qxk6eok8,y6540e0d,7dg9rw4k,None,2
o1yxvv6q,qxk6eok8,j1lek76g,02q8mmy2,None,4
o1yxvv6q,qxk6eok8,j1lek76g,824mjjw2,None,4
o1yxvv6q,qxk6eok8,4d78jr67,wk6j07ed,None,27
o1yxvv6q,qxk6eok8,pdvzj746,wk6o79ek,None,2
o1yxvv6q,qxk6eok8,y658506e,mke5px9k,None,460
o1yxvv6q,qxk6eok8,kdkgrg1m,rklgrmnd,None,12
o1yxvv6q,qxk6eok8,pdvx4k1w,vdoql71k,None,4
o1yxvv6q,qxk6eok8,j1lene6g,vdoq8yvk,None,7
o1yxvv6q,qxk6eok8,9dokjk1p,zd3jye2n,None,44
o1yxvv6q,qxk6eok8,268gkodp,xd1eml42,None,6
o1yxvv6q,qxk6eok8,o6g8m512,wk6p3yqd,None,27
o1yxvv6q,qxk6eok8,k6q4mzzd,z2767j4d,None,17
o1yxvv6q,qxk6eok8,4d7904r1,wk6o1qok,None,5
o1yxvv6q,qxk6eok8,4d7rll17,9d8jmp3k,None,14
o1yxvv6q,qxk6eok8,m1mxxv36,7dg93xxk,None,24
o1yxvv6q,qxk6eok8,om1m3625,w20p0zkn,None,1488
o1yxvv6q,qxk6eok8,k6q4j2md,zdn1rlqk,None,2
o1yxvv6q,qxk6eok8,k6q4j2md,n2y3jg8d,None,4
o1yxvv6q,qxk6eok8,k6q4j2md,jdzvp6vk,None,6
o1yxvv6q,qxk6eok8,k6q4j2md,5dw8ygld,None,2
o1yxvv6q,qxk6eok8,k6q4j2md,mkerj46d,None,3
o1yxvv6q,qxk6eok8,4d79py31,wk6op0pk,None,6
o1yxvv6q,qxk6eok8,k6q4j2md,7kjqz6xd,None,2
o1yxvv6q,qxk6eok8,kdk872dm,w2018vzk,None,29
o1yxvv6q,qxk6eok8,4d73mg17,7kjv95zk,xd0kl0j9,7
o1yxvv6q,qxk6eok8,369243dl,mkeox49d,None,4
o1yxvv6q,qxk6eok8,pdvzj9v6,mker5g9d,None,5
o1yxvv6q,qxk6eok8,268k3o6p,q25gxpgd,None,21
o1yxvv6q,qxk6eok8,268ln71p,ndxm3xv2,None,3
o1yxvv6q,qxk6eok8,46wegn6r,n2yqj5mk,None,18
o1yxvv6q,qxk6eok8,pd0yzl6e,9kvm67jk,None,5
o1yxvv6q,qxk6eok8,4d7pg3d7,zd36qnrd,None,4
o1yxvv6q,qxk6eok8,k6q4n0dg,q25qgv2o,None,33
o1yxvv6q,qxk6eok8,o1ylvk6q,wdmw07e2,None,16
o1yxvv6q,qxk6eok8,369qk2dl,02q8lz92,None,101
o1yxvv6q,qxk6eok8,k6q4pqzd,n2y5zyzk,None,4
o1yxvv6q,qxk6eok8,76rzgqd8,z273wqgd,None,8
o1yxvv6q,qxk6eok8,4d79pxr1,zd363eyd,None,5
o1yxvv6q,qxk6eok8,pdvy89dw,zdnrovq2,None,6
o1yxvv6q,qxk6eok8,m1z8yz10,02q84zp2,None,75
o1yxvv6q,qxk6eok8,76r0o468,q254608d,None,3
o1yxvv6q,qxk6eok8,kdkpv21m,wkpyqy0k,None,26
o1yxvv6q,qxk6eok8,j1nee4e1,w20wvrjd,None,24
o1yxvv6q,qxk6eok8,76r2evd8,rkl3588k,None,12
o1yxvv6q,qxk6eok8,o1yexkdq,5dwyeg5k,None,25
o1yxvv6q,qxk6eok8,j1llwz1g,9d86ql2n,None,900
o1yxvv6q,qxk6eok8,w6jp776j,824m8032,None,8
o1yxvv6q,qxk6eok8,o6gww812,wdm9e3kq,None,26
o1yxvv6q,qxk6eok8,46w8k76r,9d8jv0qk,None,14
o1yxvv6q,qxk6eok8,v1poplz6,9d86m972,None,7
o1yxvv6q,qxk6eok8,pd0q301e,vdo8l9kp,None,13
o1yxvv6q,qxk6eok8,y6544xed,zdn4nwnk,None,8
o1yxvv6q,qxk6eok8,v1p9o768,9d8jyjwk,None,15
o1yxvv6q,qxk6eok8,4d7mjld7,824p3je2,None,33
o1yxvv6q,qxk6eok8,4d7mjld7,02qj0m7d,None,10
o1yxvv6q,qxk6eok8,pdv93v1w,9kv9j02g,None,66
o1yxvv6q,qxk6eok8,kdkvyq1m,02qjezjd,495n8xm9,12
o1yxvv6q,qxk6eok8,3694e21l,xd13ngzk,None,16
o1yxvv6q,qxk6eok8,j1lqme6g,xk9rogk0,None,23
o1yxvv6q,qxk6eok8,9doy0e6p,z27g1jg2,None,16
o1yxvv6q,qxk6eok8,46wv59dr,zd30r6ed,None,28
o1yxvv6q,qxk6eok8,ldenrjd3,rklx53wk,None,69
o1yxvv6q,qxk6eok8,j1lo7z1g,9d8zj3dn,None,21
o1yxvv6q,qxk6eok8,j1lo7z1g,zd3zlvkn,None,25
o1yxvv6q,qxk6eok8,j1lo7z1g,xd1z3428,None,15
o1yxvv6q,qxk6eok8,ldenrjd3,xk9058vk,None,10
o1yxvv6q,qxk6eok8,v1pkl8d8,7kjzr4zd,None,31
o1yxvv6q,qxk6eok8,m1z4xm60,xk9lqegk,None,9
o1yxvv6q,qxk6eok8,3695w2dl,z27qj5k0,None,44
o1yxvv6q,qxk6eok8,pd05ql1e,zdnngedq,None,29
o1yxvv6q,qxk6eok8,o1y7zk1q,zd30gmed,None,27
o1yxvv6q,qxk6eok8,268mkydp,z277p602,None,35
o1yxvv6q,qxk6eok8,46w0271r,824mg6w2,None,26
o1yxvv6q,qxk6eok8,m1mw43d2,jdz3lng2,None,16
o1yxvv6q,qxk6eok8,9doye36p,7kjv3yxk,None,309
o1yxvv6q,qxk6eok8,j1lz8z6g,z27ggx42,None,121
o1yxvv6q,qxk6eok8,3dxoxydy,jdz5y7vd,None,29
o1yxvv6q,qxk6eok8,kdkplq1m,xk9lnmgk,None,1
o1yxvv6q,qxk6eok8,y654rg0d,zdn49vek,None,5
o1yxvv6q,qxk6eok8,y654rg0d,z276jx0d,None,10
o1yxvv6q,qxk6eok8,y654rg0d,xk9g7m4d,None,5
o1yxvv6q,qxk6eok8,kdkplq1m,7kjrqnz2,None,8
o1yxvv6q,qxk6eok8,2680751p,jdrp7yl2,None,3
o1yxvv6q,qxk6eok8,2680751p,q2547zgd,None,9
o1yxvv6q,qxk6eok8,2680751p,zdnq1gxd,None,23
o1yxvv6q,qxk6eok8,m1mrpk62,q25qj682,y9mjloz9,2
o1yxvv6q,qxk6eok8,9d3rwpwd,wk67yyqd,None,3
o1yxvv6q,qxk6eok8,o1y93pr6,7dgrpj7k,None,3
o1yxvv6q,qxk6eok8,o1y93pr6,wkpozxg2,None,17
o1yxvv6q,qxk6eok8,o1y93pr6,vdoo7lyd,None,9
o1yxvv6q,qxk6eok8,m1mrpk62,q25qj682,ewpjg6yw,1
o1yxvv6q,qxk6eok8,m1mrpk62,q25qj682,rdqjxko9,2
o1yxvv6q,qxk6eok8,m1mrpk62,q25qj682,5d7vomqd,2
o1yxvv6q,qxk6eok8,m1mrpk62,q25qj682,kwj5nq09,2
o1yxvv6q,qxk6eok8,m1mrpk62,q25qj682,owo0zpjw,2
o1yxvv6q,qxk6eok8,m1mrpk62,q25qj682,xd17gqzd,2
o1yxvv6q,qxk6eok8,m1mrpk62,q25qj682,69z3kgxd,2
o1yxvv6q,qxk6eok8,m1mrpk62,q25qj682,r9g2vgjd,2
o1yxvv6q,qxk6eok8,m1mrpk62,q25qj682,o9xnpe3w,2
o1yxvv6q,qxk6eok8,o6gx78d2,zdn47o9k,ewpx7myd,4
o1yxvv6q,qxk6eok8,o6gx78d2,zdn47o9k,y9mx5qzw,3
o1yxvv6q,qxk6eok8,o6gx78d2,xd1eo182,gdrxp5ed,7
o1yxvv6q,qxk6eok8,o6gx78d2,xd1eo182,n934qrrd,4
o1yxvv6q,qxk6eok8,o6gx78d2,xd1eo182,z987rx1w,5
o1yxvv6q,qxk6eok8,o6gx78d2,9kvmgj3k,None,2
o1yxvv6q,qxk6eok8,o6gx78d2,zdn47o9k,xd12jezw,5
o1yxvv6q,qxk6eok8,m1mqjkd2,zdnlq772,None,4
o1yxvv6q,qxk6eok8,3dxrgvdy,zd3y4z82,None,16
o1yxvv6q,qxk6eok8,o6gx78d2,wkporn02,ewpx7myd,3
o1yxvv6q,qxk6eok8,o6gx78d2,wkporn02,xd12jezw,3
o1yxvv6q,qxk6eok8,o6gx78d2,zd36mlrd,None,2
o1yxvv6q,qxk6eok8,268pjodp,5dwjp6lk,None,16
o1yxvv6q,qxk6eok8,m1mrpk62,q25qj682,592zx779,2
o1yxvv6q,qxk6eok8,4d79xln1,7kjpjo3k,None,3
o1yxvv6q,qxk6eok8,o6gx78d2,wkporn02,5wk6kzv9,2
o1yxvv6q,qxk6eok8,o6gx78d2,wkporn02,y9mx5qzw,3
o1yxvv6q,qxk6eok8,3dxqw41y,wdmzrgo2,None,27
o1yxvv6q,qxk6eok8,j1nee0l1,n2y5e01k,None,13
o1yxvv6q,qxk6eok8,o1y992v6,wk67veqd,None,10
o1yxvv6q,qxk6eok8,m9do0odp,9kvxqo2g,None,446
o1yxvv6q,qxk6eok8,m1zjy5z6,7kjp063k,None,9
o1yxvv6q,qxk6eok8,268joydp,z2779r42,None,10
o1yxvv6q,qxk6eok8,ldeppj13,9d8vnxwk,None,17
o1yxvv6q,qxk6eok8,ldeppj13,9d8vnxwk,None,5
o1yxvv6q,qxk6eok8,k6qg2odg,wkpqqmgd,None,9
o1yxvv6q,qxk6eok8,k6qg2odg,9d8prylk,None,17
o1yxvv6q,qxk6eok8,m1mxn9k6,xk9g9z4d,None,14
o1yxvv6q,qxk6eok8,pd0g836e,wk61v1rd,None,6
o1yxvv6q,qxk6eok8,9do2g31p,xd1rxewk,None,2
o1yxvv6q,qxk6eok8,76rmo418,vdo4yw92,None,19
o1yxvv6q,qxk6eok8,ldeppj13,mkez849k,None,6
o1yxvv6q,qxk6eok8,m1zjk9x6,8246epnd,None,10
o1yxvv6q,qxk6eok8,kdkzzg2d,zdn486nk,None,11
o1yxvv6q,qxk6eok8,w6jl7l2d,jdrxrl5d,None,8
o1yxvv6q,qxk6eok8,y659v81e,xd1e61w2,None,9
o1yxvv6q,qxk6eok8,yd4ok5w1,5dw5nr0d,None,3
o1yxvv6q,qxk6eok8,yd4ok5w1,wk673zpd,None,4
o1yxvv6q,qxk6eok8,yd4ok5w1,n2y5n81k,None,3
o1yxvv6q,qxk6eok8,yd4ok5w1,7dgrywlk,None,3
o1yxvv6q,qxk6eok8,yd4ok5w1,wkpon882,None,3
o1yxvv6q,qxk6eok8,y659v81e,zd36pvrd,None,11
o1yxvv6q,qxk6eok8,46w32e71,vdooyvvd,None,4
o1yxvv6q,qxk6eok8,yd4okg51,9d86lxq2,None,3
o1yxvv6q,qxk6eok8,46w5236r,9kvvj8kg,None,7
o1yxvv6q,qxk6eok8,ldep5j13,02qj76jd,None,7
o1yxvv6q,qxk6eok8,9dowy71p,jdzpnvkv,None,20
o1yxvv6q,qxk6eok8,o1yxvv6q,7dg59472,None,12
o1yxvv6q,qxk6eok8,3dx2kqp1,5dw5nm0d,None,3
o1yxvv6q,qxk6eok8,yd4ok5w1,mkezygnk,None,4
o1yxvv6q,qxk6eok8,m1mxnx36,q25qj7w2,None,4
o1yxvv6q,qxk6eok8,4d79jz17,wdmw8x2q,None,237
o1yxvv6q,qxk6eok8,pd0wqw31,jdz8l7xd,None,5
o1yxvv6q,qxk6eok8,m1mlep62,z277ryg2,None,14
o1yxvv6q,qxk6eok8,m1mlep62,q254gw8d,None,4
o1yxvv6q,qxk6eok8,m1mlep62,zdnq0pqd,None,1
o1yxvv6q,qxk6eok8,268ee8k6,rklqleq2,None,2
o1yxvv6q,qxk6eok8,o1y92vk6,xd1ee082,None,3
o1yxvv6q,qxk6eok8,o1y92vk6,xd1ee082,None,1
o1yxvv6q,qxk6eok8,k6qxm91g,vdoq84ok,None,10
o1yxvv6q,qxk6eok8,268rko1p,8246x1gd,None,10
o1yxvv6q,qxk6eok8,268rko1p,vdoq716k,None,9
o1yxvv6q,qxk6eok8,268rko1p,wkpqz3jd,None,8
o1yxvv6q,qxk6eok8,268rko1p,7dg5p6g2,None,10
o1yxvv6q,qxk6eok8,4d7z5g67,q25z6v2o,None,20
o1yxvv6q,qxk6eok8,4d799yl1,9d86ol62,None,133
o1yxvv6q,qxk6eok8,268rko1p,w201ogjk,None,14
o1yxvv6q,qxk6eok8,o1y9j3v6,02qo4ejk,None,6
o1yxvv6q,qxk6eok8,y6545r7d,9kvm8rok,None,9
o1yxvv6q,qxk6eok8,4d72rl67,z273ozod,None,33
o1yxvv6q,qxk6eok8,o1ypx21q,jdz5vz6d,None,146
o1yxvv6q,qxk6eok8,nd2z5qd0,9kvpxjjk,None,1075
o1yxvv6q,qxk6eok8,9doqzo1p,z273qw4d,None,16
o1yxvv6q,qxk6eok8,m1m9rj62,wkpqm1gd,None,12
o1yxvv6q,qxk6eok8,w6jpr56j,9d8j8eqk,None,61
o1yxvv6q,qxk6eok8,j1l0gj1g,7dg59jg2,None,119
o1yxvv6q,qxk6eok8,yd4p9gde,vdoq6j1k,None,12
o1yxvv6q,qxk6eok8,26843kdp,xd170e4d,None,120
o1yxvv6q,qxk6eok8,kdk9pl6m,wk6j4eed,None,10
o1yxvv6q,qxk6eok8,k6qoqx1g,wkpyr0vk,None,2
o1yxvv6q,qxk6eok8,268jk7dp,zdnqoxnd,None,11
o1yxvv6q,qxk6eok8,369erldl,5dwjmzgk,None,20
o1yxvv6q,qxk6eok8,j1nxyldp,zd30g1nd,None,8
o1yxvv6q,qxk6eok8,268y5kdp,n2yvz3e2,None,1
o1yxvv6q,qxk6eok8,268ee8k6,5dw54ynd,None,2
o1yxvv6q,qxk6eok8,268jv7dp,z277v8g2,None,4
o1yxvv6q,qxk6eok8,lde33oe6,xk9gvqvd,None,6
o1yxvv6q,qxk6eok8,268ee8k6,5dw5g9ed,None,1
o1yxvv6q,qxk6eok8,nd2qoqd0,9d8vq97k,None,7
o1yxvv6q,qxk6eok8,j1nnrl1p,vdo4l4v2,None,8
o1yxvv6q,qxk6eok8,j1nnrl1p,mke57l9k,None,13
o1yxvv6q,qxk6eok8,j1nxpwdp,ndxjg852,None,14
o1yxvv6q,qxk6eok8,j1nxpwdp,w20plz8k,None,13
o1yxvv6q,qxk6eok8,o1y7lr1q,xd1mmerd,None,8
o1yxvv6q,qxk6eok8,4d7eog67,02qgj07d,None,111
o1yxvv6q,qxk6eok8,o1yy041q,jdz3o562,None,16
o1yxvv6q,qxk6eok8,m1zjjx26,jdz89grd,None,8
o1yxvv6q,qxk6eok8,lde3ee63,7dggqo4d,None,80
o1yxvv6q,qxk6eok8,9dowmm1p,9d86w32n,None,22
o1yxvv6q,qxk6eok8,y6544n3d,n2y5gw7k,None,7
o1yxvv6q,qxk6eok8,w6jllw4d,7kjp6x3k,None,6
o1yxvv6q,qxk6eok8,ldel0n63,7kjz0rzd,None,11
o1yxvv6q,qxk6eok8,w6jjvx6j,wdmz7032,None,7
o1yxvv6q,qxk6eok8,3dx228p1,wk67n1rd,None,6
o1yxvv6q,qxk6eok8,pd0jev6e,z277yr42,None,43
o1yxvv6q,qxk6eok8,pd0jev6e,xk9l1rvk,None,40
o1yxvv6q,qxk6eok8,pd0oo3de,jdrxqxgd,None,78
o1yxvv6q,qxk6eok8,j1lgm7dg,rklqxqr2,None,1
o1yxvv6q,qxk6eok8,j1lgm7dg,jdr18ql2,None,4
o1yxvv6q,qxk6eok8,j1lgm7dg,wdmwzw52,None,1
o1yxvv6q,qxk6eok8,j1lgm7dg,ndxmjm52,None,1
o1yxvv6q,qxk6eok8,j1lgm7dg,w20wpw8d,None,1
o1yxvv6q,qxk6eok8,nd2mo310,w2017ovk,None,8
o1yxvv6q,qxk6eok8,3693w86l,wdmq4zx2,None,13
o1yxvv6q,qxk6eok8,3693w86l,vdo4q012,None,12
o1yxvv6q,qxk6eok8,46w33j71,z276lzod,None,1
o1yxvv6q,qxk6eok8,kdknpgdm,q258egv2,None,4
o1yxvv6q,qxk6eok8,kdknpgdm,jdr1ov52,None,3
o1yxvv6q,qxk6eok8,kdknmqdm,xd13gv7k,None,4
o1yxvv6q,qxk6eok8,o6glz2xd,vdooowod,None,2
o1yxvv6q,qxk6eok8,kdkpyg1m,824pmw32,None,4
o1yxvv6q,qxk6eok8,w6j8y51j,xd1r0xzk,None,8
o1yxvv6q,qxk6eok8,kdknmqdm,9kvjo9jk,None,4
o1yxvv6q,qxk6eok8,268nj96p,z277zzz2,None,12
o1yxvv6q,qxk6eok8,369ev2dl,02qg0m9d,None,7
o1yxvv6q,qxk6eok8,w6j4k76j,xd1lm37k,None,2
o1yxvv6q,qxk6eok8,w6j4k76j,xk98xqv2,xd0lpgjd,2
o1yxvv6q,qxk6eok8,w6jw3x1j,9d8v383k,None,4
o1yxvv6q,qxk6eok8,w6jw3x1j,9kvj9qok,None,3
o1yxvv6q,qxk6eok8,k6qxqo1g,zdnrl092,None,3
o1yxvv6q,qxk6eok8,w6jw3x1j,02qjvwpd,None,8
o1yxvv6q,qxk6eok8,46wx491r,9kvx6z82,None,4
o1yxvv6q,qxk6eok8,46wx491r,rklg3ynd,None,11
o1yxvv6q,qxk6eok8,46wkr76r,jdzp4j3k,None,5
o1yxvv6q,qxk6eok8,46wkr76r,zdnr39e2,None,6
o1yxvv6q,qxk6eok8,w6j4k76j,8241pmm2,None,16
o1yxvv6q,qxk6eok8,w6j4k76j,9d8xvj62,None,14
o1yxvv6q,qxk6eok8,w6j4k76j,zd38yl8k,None,3
o1yxvv6q,qxk6eok8,w6j4k76j,9kv7xjok,None,2
o1yxvv6q,qxk6eok8,pd0mqw6e,02qjjw9d,None,10
o1yxvv6q,qxk6eok8,w6j4k76j,xk98xqv2,5d7lpve9,1
o1yxvv6q,qxk6eok8,w6j4k76j,xk98xqv2,kwj3051d,2
o1yxvv6q,qxk6eok8,w6j4k76j,xk98xqv2,rw6r246w,2
o1yxvv6q,qxk6eok8,w6j4k76j,xk98xqv2,z98ep619,1
o1yxvv6q,qxk6eok8,j1ne7jw1,wk677lod,None,5
o1yxvv6q,qxk6eok8,m1z0o0d0,zdnq79ed,None,26
o1yxvv6q,qxk6eok8,m1z0o0d0,wk6jy6ed,None,7
o1yxvv6q,qxk6eok8,46wkr76r,q258p6y2,None,10
o1yxvv6q,qxk6eok8,m1mxvpk6,jdrxx0ld,None,3
o1yxvv6q,qxk6eok8,w6j4k76j,wk6v39od,z98ep619,1
o1yxvv6q,qxk6eok8,m1mxv4p6,jdrx1oxd,None,2
o1yxvv6q,qxk6eok8,m1mxv4p6,02qo8mpk,None,1
o1yxvv6q,qxk6eok8,kdkn9ldm,7kjzo53d,None,24
o1yxvv6q,qxk6eok8,268n2y6p,q25ov6vk,None,18
o1yxvv6q,qxk6eok8,m1mxv4p6,zdn4rlqk,None,2
o1yxvv6q,qxk6eok8,k6qxqo1g,z2734rzd,None,3
o1yxvv6q,qxk6eok8,kdknmqdm,9d8j437k,None,5
o1yxvv6q,qxk6eok8,kdknmqdm,824mggw2,None,3
o1yxvv6q,qxk6eok8,k6qxqo1g,xk9jer6d,None,6
o1yxvv6q,qxk6eok8,4d7gyld7,7kjzezxd,None,8
o1yxvv6q,qxk6eok8,4d7gyld7,7kjzezxd,None,13
o1yxvv6q,qxk6eok8,4d7gyld7,xk9j4gyd,None,9
o1yxvv6q,qxk6eok8,4d7gyld7,z273q6gd,None,8
o1yxvv6q,qxk6eok8,9d3roo0d,ndxmj6j2,None,4
o1yxvv6q,qxk6eok8,kdknmqdm,9d8j437k,None,4
o1yxvv6q,qxk6eok8,kdknmqdm,9d8j437k,None,5
o1yxvv6q,qxk6eok8,y65e386e,9d8prwwk,None,13
o1yxvv6q,qxk6eok8,9d3roo0d,rklqx1w2,None,3
o1yxvv6q,qxk6eok8,w6jp8x6j,zdnr7pe2,None,10
o1yxvv6q,qxk6eok8,pd0mqw6e,02qjjw9d,None,12
o1yxvv6q,qxk6eok8,pd0mqw6e,02qjjw9d,None,10
o1yxvv6q,qxk6eok8,lderln63,q25448vd,None,15
o1yxvv6q,qxk6eok8,j1n3yldp,w20p7njk,None,38
o1yxvv6q,qxk6eok8,j1lgm7dg,xd1er772,y9mj1e09,1
o1yxvv6q,qxk6eok8,j1lgm7dg,xd1er772,ewpj0p4w,1
o1yxvv6q,qxk6eok8,j1lgm7dg,xd1er772,xd1780yd,1
o1yxvv6q,qxk6eok8,j1lgm7dg,xd1er772,owo0qk3w,1
o1yxvv6q,qxk6eok8,j1lgm7dg,xd1er772,kwj51y19,2
o1yxvv6q,qxk6eok8,j1lgm7dg,xd1er772,69z3nr4d,1
o1yxvv6q,qxk6eok8,j1lgm7dg,xd1er772,ywe1m44d,1
o1yxvv6q,qxk6eok8,j1lgm7dg,xd1er772,ldyy817d,1
o1yxvv6q,qxk6eok8,j1lgm7dg,xd1er772,5d7vz7ed,1
o1yxvv6q,qxk6eok8,j1lgm7dg,xd1er772,rdqj50g9,1
o1yxvv6q,qxk6eok8,j1lgm7dg,xd1er772,4956lj4d,1
o1yxvv6q,qxk6eok8,j1lgm7dg,xd1er772,o9xn327w,1
o1yxvv6q,qxk6eok8,j1lgm7dg,xd1er772,r9g21z2d,1
o1yxvv6q,qxk6eok8,j1lgm7dg,xd1er772,nwllp6gw,1
o1yxvv6q,qxk6eok8,j1lgm7dg,xd1er772,gdre1jk9,2
o1yxvv6q,qxk6eok8,o6g8go12,5dwj1zlk,None,7
o1yxvv6q,qxk6eok8,4d7gyld7,xk9j4gyd,None,7
o1yxvv6q,qxk6eok8,4d7gyld7,zdnrj4q2,None,7
o1yxvv6q,qxk6eok8,4d7gyld7,zdnrj4q2,None,7
o1yxvv6q,qxk6eok8,4d7gyld7,z273q6gd,None,7
o1yxvv6q,qxk6eok8,y659je1e,9d867v62,None,8
o1yxvv6q,qxk6eok8,y659je1e,jdz8q53d,None,6
o1yxvv6q,qxk6eok8,y659je1e,wkpopjg2,None,10
o1yxvv6q,qxk6eok8,y659je1e,jdrxgpgd,None,6
o1yxvv6q,qxk6eok8,9d3roo0d,9kvmpz0k,None,11
o1yxvv6q,qxk6eok8,y659je1e,n2y54qzk,None,7
o1yxvv6q,qxk6eok8,y659je1e,8246ypmd,None,8
o1yxvv6q,qxk6eok8,y659je1e,02qoqjjk,None,1
o1yxvv6q,qxk6eok8,y659je1e,wk67mpqd,None,8
o1yxvv6q,qxk6eok8,y659je1e,xd1e6m72,None,5
o1yxvv6q,qxk6eok8,y659je1e,5dw50jed,None,6
o1yxvv6q,qxk6eok8,y659je1e,xk9gy04d,None,8
o1yxvv6q,qxk6eok8,v1poe868,zdnr3x2q,None,3
o1yxvv6q,qxk6eok8,9dov476p,zdnr5j92,None,1
o1yxvv6q,qxk6eok8,m1mrpk62,zd36pxrd,None,2
o1yxvv6q,qxk6eok8,m1mrpk62,xd1e6vw2,None,5
o1yxvv6q,qxk6eok8,k6qew96g,7kjzy63d,None,368
o1yxvv6q,qxk6eok8,9dov476p,xd1jpjrd,None,1
o1yxvv6q,8l0o0p28,o1yxvv6q,jdr17vg2,None,4
o1yxvv6q,98r5ogqx,yo1yv1q5,wdm8v332,495jov2w,4
o1yxvv6q,98r5ogqx,yo1yv1q5,xk9l5yk0,None,31
o1yxvv6q,98r5ogqx,yo1yv1q5,wdm8v332,o9x25m6w,4
o1yxvv6q,98r5ogqx,yo1yv1q5,wdm8v332,rw6v88p9,7
o1yxvv6q,98r5ogqx,yo1yv1q5,wdm8v332,495jok2w,5
o1yxvv6q,98r5ogqx,o1yxvv6q,xk9jn84d,None,53
o1yxvv6q,98r5ogqx,yo1yv1q5,wdm8v332,495kqj39,4
o1yxvv6q,98r5ogqx,yo1yv1q5,wdm8v332,59206j3d,6
o1yxvv6q,98r5ogqx,yo1yv1q5,wdm8v332,owo7mkk9,5
o1yxvv6q,qxkqm6kx,n268e96p,zd3yexe2,None,1
o1yxvv6q,qxkqm6kx,qw6j21jm,wkpyjwjk,None,4
o1yxvv6q,qxkqm6kx,qw6j21jm,9zdnw9dq,None,5
o1yxvv6q,qxkqm6kx,29d30dlp,jzd3y2nq,None,51
o1yxvv6q,qxkqm6kx,nj1nee1p,jdz8m6dv,None,10
o1yxvv6q,qxkqm6kx,qw6j21jm,vdo40e62,None,7
o1yxvv6q,qxkqm6kx,n268e96p,7wkp02rm,None,13
o1yxvv6q,qxkqm6kx,xlde3j63,4xk9l6k0,None,8
o1yxvv6q,qxkqm6kx,xlde3j63,02qgeg9d,None,5
o1yxvv6q,qxkqm6kx,nj1nee1p,824ppyw2,None,3
o1yxvv6q,qxkqm6kx,29d30dlp,l9kvjkgq,None,35
o1yxvv6q,qxkqm6kx,nj1nee1p,gq254vdo,None,13
o1yxvv6q,qxkqm6kx,n4d7r172,q254wgdo,None,8
o1yxvv6q,qxkqm6kx,o1yxvv6q,7kjzq1nd,None,5
o1yxvv6q,qxkqm6kx,o1yxvv6q,7kjzq1nd,None,17
o1yxvv6q,qxkqm6kx,n268e96p,z27gypg2,None,3
o1yxvv6q,qxkqm6kx,29d30dlp,9d8v6j7k,None,11
o1yxvv6q,qxkqm6kx,n4d7r172,7wk6prd1,None,102
o1yxvv6q,qxkqm6kx,ok6qvxdg,rklgz8dn,None,9
o1yxvv6q,qxkqm6kx,ok6qvxdg,824x1rwd,None,5
o1yxvv6q,qxkqm6kx,nj1nee1p,wk6jmoqd,None,2
o1yxvv6q,qxkqm6kx,o1yxvv6q,q2581qj2,None,1
o1yxvv6q,qxkqm6kx,29d30dlp,nxd1rk8q,None,162
o1yxvv6q,qxkqm6kx,29d30dlp,02q75pdy,None,4
o1yxvv6q,qxkqm6kx,29d30dlp,9zdne7dq,None,21
o1yxvv6q,qxkqm6kx,o1yxvv6q,7kjzq1nd,None,15
o1yxvv6q,qxkqm6kx,xlde3j63,vdom8n92,None,3
o1yxvv6q,qxkqm6kx,yo1yv1q5,4xk906k0,None,93
o1yxvv6q,qxkqm6kx,m1m32j62,rklxxpwk,None,3
o1yxvv6q,qxkqm6kx,4d79z8n1,w20yelok,None,5
o1yxvv6q,qxkqm6kx,o1yxvv6q,jdr17vg2,None,6
o1yxvv6q,qxkqm6kx,29d30dlp,z2771020,None,40
o1yxvv6q,qxkqm6kx,m1m32j62,rklxxpwk,None,12
o1yxvv6q,qxkqm6kx,m1m32j62,mke7px26,None,8
o1yxvv6q,qxkqm6kx,4d79z8n1,w20yelok,None,4
o1yxvv6q,qxkqm6kx,m1m32j62,9kvy838k,None,5
o1yxvv6q,qxkqm6kx,4d79z8n1,w20yelok,None,13
o1yxvv6q,qxkqm6kx,m1m32j62,02ql4wpk,None,7
o1yxvv6q,qxkqm6kx,m1m32j62,9d8gy83k,None,8
o1yxvv6q,qxkqm6kx,j1llr41g,9d847wqk,None,8
o1yxvv6q,qxkqm6kx,y65g74de,jdr77p52,None,4
o1yxvv6q,qxkqm6kx,j1llr41g,9d847wqk,None,3
o1yxvv6q,qxkqm6kx,kdk2jgdm,jdr718l2,None,10
o1yxvv6q,qxkqm6kx,m1m32j62,mke7px26,None,71
o1yxvv6q,qxkqm6kx,kdk2jgdm,wkpjgxgk,None,31
o1yxvv6q,qxkqm6kx,yo1yv1q5,xk9g1w6d,None,74
o1yxvv6q,pj0o3l3j,m9doledp,zd304rdn,None,26
o1yxvv6q,pj0o3l3j,w6j7exe6,02q4nq9d,None,12
o1yxvv6q,pj0o3l3j,ok6q4mdg,rkl3p4nk,None,9
o1yxvv6q,pj0o3l3j,n4d7r172,p7kjv4k3,None,31
o1yxvv6q,pj0o3l3j,29d30dlp,9zdne7dq,None,27
o1yxvv6q,pj0o3l3j,yo1yv1q5,xk9g1w6d,None,84
o1yxvv6q,pj0o3l3j,xlde3j63,z279e9gd,None,5
o1yxvv6q,pj0o3l3j,o1yxvv6q,xk9jn84d,None,152
o1yxvv6q,pj0o3l3j,xlde3j63,4xk9l6k0,None,30
o1yxvv6q,pj0o3l3j,qw6j21jm,9zdnw9dq,None,22
o1yxvv6q,pj0o3l3j,29d30dlp,l9kvjkgq,None,65
o1yxvv6q,pj0o3l3j,o1yxvv6q,xk98gj42,None,10
o1yxvv6q,pj0o3l3j,o1yxvv6q,xk98gj42,None,3
o1yxvv6q,pj0o3l3j,o1yxvv6q,n2yj37z2,None,10
o1yxvv6q,pj0o3l3j,nj1nee1p,ndx8jxjk,r9g6eqjw,8
o1yxvv6q,pj0o3l3j,nj1nee1p,ndx8jxjk,69z7yexw,8
o1yxvv6q,pj0o3l3j,yo1yv1q5,vdo0nzod,None,33
o1yxvv6q,pj0o3l3j,29d30dlp,jzd3y2nq,None,83
o1yxvv6q,pj0o3l3j,ok6qvxdg,rklgz8dn,None,15
o1yxvv6q,pj0o3l3j,29d30dlp,nxd1rk8q,None,327
o1yxvv6q,pj0o3l3j,y655lg06,xd1jy6wd,None,33
o1yxvv6q,pj0o3l3j,ok6qvxdg,824x1rwd,None,6
o1yxvv6q,pj0o3l3j,nj1nee1p,gq254vdo,None,31
o1yxvv6q,pj0o3l3j,o1yxvv6q,jdr17vg2,None,12
o1yxvv6q,pj0o3l3j,nj1nee1p,ndx8jxjk,ywe0rxl9,10
o1yxvv6q,pj0o3l3j,n4d7r172,xn2yqmko,None,43
o1yxvv6q,pj0o3l3j,yo1yv1q5,4xk906k0,None,116
o1yxvv6q,pj0o3l3j,yo1yv1q5,xk9l5yk0,None,89
o1yxvv6q,pj0o3l3j,n4d7r172,7wk6prd1,None,187
o1yxvv6q,pj0o3l3j,o1yxvv6q,n2yj37z2,None,33
o1yxvv6q,pj0o3l3j,o1yxvv6q,n2yj37z2,None,20
o1yxvv6q,pj0o3l3j,n268e96p,7wkp02rm,None,37
o1yxvv6q,pj0o3l3j,nj1nee1p,9zdnq9dq,None,9
o1yxvv6q,pj0o3l3j,m9doledp,zd304rdn,None,7
o1yxvv6q,x7qmvz08,o1yxvv6q,9d8jx46k,None,29
o1yxvv6q,zx7o9d6j,29d30dlp,zd30m4yd,z98jkp1w,1
o1yxvv6q,zx7o9d6j,29d30dlp,zd30m4yd,kwjyqg1w,1
o1yxvv6q,zx7o9d6j,29d30dlp,zd30m4yd,n930jkr9,1
o1yxvv6q,zx7o9d6j,29d30dlp,zd30m4yd,rdq0k8gw,1
o1yxvv6q,zx7o9d6j,29d30dlp,zd30m4yd,owokpj3d,1
o1yxvv6q,zx7o9d6j,o1yxvv6q,7kjzq1nd,None,5
o1yxvv6q,zx7o9d6j,29d30dlp,zd30m4yd,xd005pjd,1
o1yxvv6q,zx7o9d6j,29d30dlp,zd30m4yd,xd0051jd,1
o1yxvv6q,zx7o9d6j,29d30dlp,zd30m4yd,rdq0kmgw,1
o1yxvv6q,zx7o9d6j,29d30dlp,zd30m4yd,r9gzg62d,1
o1yxvv6q,zx7o9d6j,29d30dlp,zd30m4yd,ywe4ey4d,1
o1yxvv6q,zx7o9d6j,29d30dlp,zd30m4yd,nwl6j5gw,1
o1yxvv6q,zx7o9d6j,29d30dlp,9d8v6j7k,None,3
o1yxvv6q,zx7o9d6j,29d30dlp,zd30m4yd,69zrg54d,2
o1yxvv6q,zx7o9d6j,29d30dlp,zd30m4yd,5d77mped,1
o1yxvv6q,zx7o9d6j,29d30dlp,zd30m4yd,495j1p4w,1
o1yxvv6q,zx7o9d6j,29d30dlp,zd30m4yd,owokp83d,1
o1yxvv6q,zx7o9d6j,29d30dlp,zd30m4yd,r9gzgm2d,1
o1yxvv6q,zx7o9d6j,29d30dlp,zd30m4yd,xd46op89,1
o1yxvv6q,zx7o9d6j,29d30dlp,zd30m4yd,n930j1r9,1
o1yxvv6q,zx7o9d6j,29d30dlp,zd30m4yd,rdn5136d,2
o1yxvv6q,zx7o9d6j,29d30dlp,zd30m4yd,ldyezx7w,1
o1yxvv6q,zx7o9d6j,29d30dlp,zd30m4yd,ywe4ev4d,1
o1yxvv6q,zx7o9d6j,29d30dlp,zd30m4yd,o9x2eg7w,1
o1yxvv6q,zx7o9d6j,29d30dlp,zd30m4yd,rdq0p7kw,1
o1yxvv6q,zx7o9d6j,29d30dlp,zd30m4yd,5d7qg4ew,1
o1yxvv6q,zx7o9d6j,29d30dlp,zd30m4yd,69zrg74d,2
o1yxvv6q,zx7o9d6j,29d30dlp,zd30m4yd,rw6v6269,1
o1yxvv6q,zx7o9d6j,29d30dlp,zd30m4yd,xd10qpy9,1
o1yxvv6q,zx7o9d6j,o1yxvv6q,7kjzq1nd,None,9
o1yxvv6q,zx7o9d6j,29d30dlp,zd30m4yd,495j124w,1
o1yxvv6q,zx7o9d6j,29d30dlp,zd30m4yd,o9x2e67w,1
o1yxvv6q,zx7o9d6j,29d30dlp,zd30m4yd,gdrj3nkw,1
o1yxvv6q,zx7o9d6j,29d30dlp,zd30m4yd,29vyrgx9,2
o1yxvv6q,zx7o9d6j,29d30dlp,zd30m4yd,592j7m6w,1
o1yxvv6q,zx7o9d6j,29d30dlp,z2771020,None,11
o1yxvv6q,zx7o9d6j,29d30dlp,zd30m4yd,ewp7oylw,2
o1yxvv6q,zx7o9d6j,29d30dlp,zd30m4yd,gdrj30kw,1
o1yxvv6q,zx7o9d6j,29d30dlp,zd30m4yd,kwjyq01w,1
o1yxvv6q,zx7o9d6j,29d30dlp,zd30m4yd,y9meo00d,1
o1yxvv6q,zx7o9d6j,29d30dlp,zd30m4yd,ewpp6n4w,2
o1yxvv6q,zx7o9d6j,29d30dlp,zd30m4yd,z98jk31w,1
o1yxvv6q,zx7o9d6j,29d30dlp,zd30m4yd,ywe23gqw,2
o1yxvv6q,zx7o9d6j,o1yxvv6q,7kjzq1nd,None,15
o1yxvv6q,zx7o9d6j,29d30dlp,nxd1rk8q,None,37
o1yxvv6q,zx7o9d6j,29d30dlp,zd30m4yd,o9x1oq6d,2
o1yxvv6q,zx7o9d6j,29d30dlp,zd30m4yd,rdqzormd,2
o1yxvv6q,zx7o9d6j,29d30dlp,zd30m4yd,495kzg29,2
o1yxvv6q,zx7o9d6j,29d30dlp,zd30m4yd,495j350w,2
o1yxvv6q,zx7o9d6j,29d30dlp,zd30m4yd,r9gyn5q9,3
o1yxvv6q,zx7o9d6j,o1yxvv6q,7kjzq1nd,None,12
o1yxvv6q,zx7o9d6j,29d30dlp,9zdne7dq,None,20
o1yxvv6q,zx7o9d6j,29d30dlp,jzd3y2nq,None,36
o1yxvv6q,zx7o9d6j,29d30dlp,zd30m4yd,y9meo60d,2
o1yxvv6q,zx7o9d6j,y655lg06,wkpn8wwd,592pv47w,2
o1yxvv6q,zx7o9d6j,yd487k6e,9kv4m8kg,xd45zqwm,33
o1yxvv6q,zx7o9d6j,yd487k6e,9kv4m8kg,n93x3290,16
o1yxvv6q,zx7o9d6j,yd487k6e,9kv4m8kg,r9gm5j92,32
o1yxvv6q,zx7o9d6j,o1yxvv6q,7kjzq1nd,None,7
o1yxvv6q,zx7o9d6j,29d30dlp,zd30m4yd,owokpm3d,3
o1yxvv6q,zx7o9d6j,29d30dlp,zd30m4yd,ewpp634w,1
o1yxvv6q,zx7o9d6j,29d30dlp,zd30m4yd,kwjyqk1w,1
o1yxvv6q,zx7o9d6j,29d30dlp,zd30m4yd,5wk270xw,4
o1yxvv6q,zx7o9d6j,29d30dlp,zd30m4yd,rdn5176d,1
o1yxvv6q,zx7o9d6j,29d30dlp,zd30m4yd,29vyr6x9,1
o1yxvv6q,zx7o9d6j,29d30dlp,zd30m4yd,5wk27xxw,2
o1yxvv6q,zx7o9d6j,29d30dlp,zd30m4yd,rw6v6169,1
o1yxvv6q,zx7o9d6j,29d30dlp,zd30m4yd,495j350w,1
o1yxvv6q,zx7o9d6j,29d30dlp,zd30m4yd,ldy1k6jd,1
o1yxvv6q,zx7o9d6j,29d30dlp,zd30m4yd,69zrgl4d,1
o1yxvv6q,zx7o9d6j,29d30dlp,zd30m4yd,r9gzgl2d,2
o1yxvv6q,zx7o9d6j,29d30dlp,zd30m4yd,xd1jyrqd,4
o1yxvv6q,zx7o9d6j,29d30dlp,zd30m4yd,69zp6j6w,4
o1yxvv6q,y8dyg1m8,nd22xvd0,w20pq58k,None,37
o1yxvv6q,y8dyg1m8,nd22xvd0,wdmz5752,None,11
o1yxvv6q,y8dyg1m8,w6jmye6j,q258ryy2,None,3
o1yxvv6q,y8dyg1m8,nd22xvd0,w20pq58k,None,23
o1yxvv6q,y8dyg1m8,nd22xvd0,ndx8zvjk,None,24
o1yxvv6q,y8dyg1m8,w6jmye6j,q25q98j2,None,3
o1yxvv6q,y8dyg1m8,w6jmye6j,q25q98j2,None,7
o1yxvv6q,y8dyg1m8,o1yxvv6q,9d8jx46k,None,13
o1yxvv6q,y8dyg1m8,o1yxvv6q,9d8jx46k,None,16
o1yxvv6q,y8dyg1m8,76r55vd8,w20w1lzd,None,1651
o1yxvv6q,y8dyg1m8,m1mxxw46,7kjp3wzk,None,110
o1yxvv6q,y8dyg1m8,76r55vd8,wdmw4e42,None,190
o1yxvv6q,y8dyg1m8,o1y9wo6q,7dgrrxk4,None,1055
o1yxvv6q,y8dyg1m8,o1y9wo6q,n2y55mko,None,2969
o1yxvv6q,zx71y26x,o1yxvv6q,xk9jn84d,None,184
o1yxvv6q,r5j51q8v,n4d7r172,7wk6prd1,None,103
o1yxvv6q,r5j51q8v,k6qrq91g,ndxz0okq,None,6
o1yxvv6q,r5j51q8v,j1nqoy1p,xd1memrd,ldypo5rd,2
o1yxvv6q,r5j51q8v,n268e96p,7wkp02rm,None,15
o1yxvv6q,r5j51q8v,w6jg546j,q25x7jko,None,3
o1yxvv6q,r5j51q8v,w6j3m4dj,xd1r7xwk,None,5
o1yxvv6q,r5j51q8v,m9dowk1p,p7kjr423,None,55
o1yxvv6q,r5j51q8v,8m1zg360,02qgx9dy,y9m5ezd5,4
o1yxvv6q,r5j51q8v,29d30dlp,nxd1rk8q,None,304
o1yxvv6q,r5j51q8v,nj1ne1p4,prklq2n9,None,124
o1yxvv6q,r5j51q8v,ok6q4mdg,rkl3p4nk,None,8
o1yxvv6q,r5j51q8v,o1yxvv6q,7kjzq1nd,None,4
o1yxvv6q,r5j51q8v,xlde3j63,4xk9l6k0,None,43
o1yxvv6q,r5j51q8v,n268e96p,7wkp02rm,None,54
o1yxvv6q,8v5mlg5j,l3dxogdy,7kj6mz23,None,13
o1yxvv6q,8v5mlg5j,m1m7g412,w20y74vk,None,1
o1yxvv6q,8v5mlg5j,m1m7g412,jdz9lrv2,59281pg9,4
o1yxvv6q,8v5mlg5j,m1m7g412,jdz9lrv2,n93nppnw,3
o1yxvv6q,8v5mlg5j,y655zq46,824nrnek,None,3
o1yxvv6q,8v5mlg5j,y655zq46,jdrr7rnd,None,1
o1yxvv6q,8v5mlg5j,y655zq46,jdzlvlr2,None,3
o1yxvv6q,8v5mlg5j,om1mx362,wkpn1jdr,None,46
o1yxvv6q,8v5mlg5j,o1yxvv6q,9d8jx46k,None,5
o1yxvv6q,8v5mlg5j,om1mx362,7kjvmgk3,None,109
o1yxvv6q,8v5mlg5j,om1mx362,7kjvmgk3,None,34
o1yxvv6q,8v5mlg5j,w6jl5m7d,9kv93382,None,1
o1yxvv6q,8v5mlg5j,w6jl5m7d,wk6866x2,None,1
o1yxvv6q,8v5mlg5j,w6jl5m7d,5dwgvvlk,None,3
o1yxvv6q,8v5mlg5j,om1mx362,7kjvmgk3,None,32
o1yxvv6q,8v5mlg5j,l3dxogdy,jdz3xv62,None,11
o1yxvv6q,8v5mlg5j,w6jl5m7d,ndx4llr2,None,3
o1yxvv6q,8v5mlg5j,om1mx362,7kjvmgk3,None,34
o1yxvv6q,8v5mlg5j,om1mx362,xd1mrrrd,5wk88vw4,3
o1yxvv6q,8v5mlg5j,om1mx362,7kjvmgk3,None,29
o1yxvv6q,8v5mlg5j,om1mx362,7kjvmgk3,None,50
o1yxvv6q,8v5mlg5j,w6jl222d,vdox7w9d,None,1
o1yxvv6q,8v5mlg5j,w6jl5m7d,7dg0qexk,kwj48jzw,1
o1yxvv6q,8v5mlg5j,w6jl5m7d,w203mm52,None,8
o1yxvv6q,8v5mlg5j,w6jl5m7d,7dg0qexk,ewp4zyzw,2
o1yxvv6q,8v5mlg5j,w6jl5m7d,7dg0qexk,5wk4noqd,2
o1yxvv6q,8v5mlg5j,w6jl5m7d,7dg0qexk,y9m4r319,2
o1yxvv6q,8v5mlg5j,j1nqoy1p,mke9x59d,None,40
o1yxvv6q,8v5mlg5j,om1mx362,zd3qprkn,5920lz3d,3
o1yxvv6q,8v5mlg5j,om1mx362,zd3qprkn,29vm8q19,2
o1yxvv6q,8v5mlg5j,o1yxvv6q,9d8jx46k,None,11
o1yxvv6q,8v5mlg5j,om1mx362,zd3qprkn,69zplg6w,1
o1yxvv6q,8v5mlg5j,om1mx362,zd3qprkn,y9m57x5d,4
o1yxvv6q,8v5mlg5j,om1mx362,zd3qprkn,ewp72vlw,1
o1yxvv6q,8v5mlg5j,om1mx362,zd3qprkn,kwj310dg,6
o1yxvv6q,8v5mlg5j,om1mx362,zd3qprkn,n938n2w0,2
o1yxvv6q,8v5mlg5j,om1mx362,zd3qprkn,owo7n0k9,4
o1yxvv6q,8v5mlg5j,om1mx362,zd3qprkn,z98egr9l,2
o1yxvv6q,8v5mlg5j,om1mx362,zd3qprkn,ewpezy9n,4
o1yxvv6q,8v5mlg5j,om1mx362,n2yp8m2o,None,37
o1yxvv6q,8v5mlg5j,om1mx362,zd3qprkn,n930r629,5
o1yxvv6q,8v5mlg5j,om1mx362,zd3qprkn,ldy1rvpd,2
o1yxvv6q,8v5mlg5j,om1mx362,zd3qprkn,xd4058q9,2
o1yxvv6q,8v5mlg5j,om1mx362,zd3qprkn,n93qxp2w,2
o1yxvv6q,8v5mlg5j,om1mx362,zd3qprkn,owo7mxj9,1
o1yxvv6q,8v5mlg5j,om1mx362,zd3qprkn,5wkkojpw,3
o1yxvv6q,8v5mlg5j,om1mx362,zd3qprkn,nwl61jpw,3
o1yxvv6q,8v5mlg5j,om1mx362,zd3qprkn,5wk8nvw4,3
o1yxvv6q,8v5mlg5j,om1mx362,zd3qprkn,y9myrz95,5
o1yxvv6q,8v5mlg5j,om1mx362,zd3qprkn,xd1jz1zd,2
o1yxvv6q,8v5mlg5j,om1mx362,zd3qprkn,29vm8r19,2
o1yxvv6q,8v5mlg5j,om1mx362,zd3qprkn,592061gd,4
o1yxvv6q,8v5mlg5j,om1mx362,zd3qprkn,gdrp038w,2
o1yxvv6q,8v5mlg5j,om1mx362,zd3qprkn,r9gr1jw2,5
o1yxvv6q,8v5mlg5j,om1mx362,zd3qprkn,xd4nyqwm,3
o1yxvv6q,8v5mlg5j,om1mx362,zd3qprkn,z98ro0rd,3
o1yxvv6q,8v5mlg5j,om1mx362,zd3qprkn,nwlgmjp9,1
o1yxvv6q,8v5mlg5j,om1mx362,zd3qprkn,n93qxp7w,2
o1yxvv6q,8v5mlg5j,om1mx362,7kjvmgk3,None,78
o1yxvv6q,8v5mlg5j,om1mx362,zd3qprkn,ewp7yjjw,7
o1yxvv6q,8v5mlg5j,om1mx362,zd3qprkn,29vm8pq9,4
o1yxvv6q,8v5mlg5j,om1mx362,zd3qprkn,rw6q7ypd,2
o1yxvv6q,8v5mlg5j,om1mx362,zd3qprkn,y9m5mvld,2
o1yxvv6q,8v5mlg5j,om1mx362,zd3qprkn,xd1jzoqd,3
o1yxvv6q,8v5mlg5j,om1mx362,zd3qprkn,z98ro07d,3
o1yxvv6q,8v5mlg5j,om1mx362,zd3qprkn,owolqjw6,6
o1yxvv6q,8v5mlg5j,pdvzewv6,z2710go2,None,6
o1yxvv6q,8v5mlg5j,om1mx362,zd3qprkn,z98jx1rw,2
o1yxvv6q,8v5mlg5j,om1mx362,zd3qprkn,592067gd,2
o1yxvv6q,8v5mlg5j,w6jl5m7d,zdn85wxd,None,10
o1yxvv6q,8v5mlg5j,om1mx362,zd3qprkn,owolejw6,4
o1yxvv6q,8v5mlg5j,om1mx362,zd3qprkn,5wkk562w,5
o1yxvv6q,8v5mlg5j,om1mx362,zd3qprkn,29vmx3l9,6
o1yxvv6q,8v5mlg5j,3dxz7p1y,mkex06d6,xd165y9o,1
o1yxvv6q,8v5mlg5j,pdvzewv6,82403pnd,None,1
o1yxvv6q,8v5mlg5j,pdvzewv6,rkl9jgrk,None,1
o1yxvv6q,8v5mlg5j,pdvzewv6,xk9v54gd,None,6
o1yxvv6q,8v5mlg5j,om1mx362,zd3qprkn,5wkkm75w,3
o1yxvv6q,8v5mlg5j,om1mx362,zd3qprkn,n938y2w0,7
o1yxvv6q,8v5mlg5j,l3dxogdy,xk9v3gd0,None,18
o1yxvv6q,8v5mlg5j,l3dxogdy,wk68zp21,None,102
o1yxvv6q,8v5mlg5j,om1mx362,zd3qprkn,xd166z9o,9
o1yxvv6q,8v5mlg5j,m1m7g412,w20y74vk,None,15
o1yxvv6q,8v5mlg5j,om1mx362,zd3qprkn,ywenmlwl,20
o1yxvv6q,8v5mlg5j,pd0ngw1e,q25orzwk,ywe2e57w,1
o1yxvv6q,zx70np0j,76rl7v68,q25o70wk,None,14
o1yxvv6q,zx70np0j,76rl7v68,zdnw1m7d,None,19
o1yxvv6q,zx70np0j,n26877dp,ndx895kq,None,76
o1yxvv6q,zx70np0j,pd00elde,xd17gg7d,None,3
o1yxvv6q,zx70np0j,o1yxvv6q,xk9jn84d,None,55
o1yxvv6q,qxkv1g7j,yo1yv1q5,4xk906k0,None,4
o1yxvv6q,qxkv1g7j,o1yxvv6q,xk9jn84d,None,3
o1yxvv6q,qxkv1g7j,29d30dlp,nxd1rk8q,None,75
o1yxvv6q,qxkv1g7j,n4d7r172,7wk6prd1,None,69
o1yxvv6q,qxkv1g7j,j1nqoy1p,mke9x59d,None,12
o1yxvv6q,8l02p528,ldejn951,jdrn010k,None,1
o1yxvv6q,8l02p528,268wvpy6,7kj9g9z2,None,3
o1yxvv6q,8l02p528,29d30dlp,l9kvjkgq,None,21
o1yxvv6q,8l02p528,29d30dlp,nxd1rk8q,None,102
o1yxvv6q,8l02p528,yo1yv1q5,vdo0nzod,None,25
o1yxvv6q,8l02p528,o1yxvv6q,xk9jn84d,None,85
o1yxvv6q,8l02p528,yo1yv1q5,xk9g1w6d,None,85
o1yxvv6q,8l02p528,o1yxvv6q,7kjzq1nd,None,32
o1yxvv6q,8l02p528,j1npme6p,mkeyl926,None,2267
o1yxvv6q,j0n50zr8,o1yxvv6q,xk9jn84d,None,99
o1yxvv6q,qjo94m0j,o1yxvv6q,9d8jx46k,None,42
o1yxvv6q,qjo94m0j,om1mx362,zd3qprkn,r9grjjw2,126
o1yxvv6q,e8enm680,n4d7r172,p7kjv4k3,None,1
o1yxvv6q,e8enm680,n4d7r172,wkpjll0k,ldyeo4jw,2
o1yxvv6q,e8enm680,46w22l6r,xd1r0ozk,None,3
o1yxvv6q,e8enm680,46w22l6r,wk6oork1,None,15
o1yxvv6q,e8enm680,n4d7r172,7wk6prd1,None,3
o1yxvv6q,e8enm680,o1yxvv6q,n2yj37z2,None,1
o1yxvv6q,e8enm680,o1yxvv6q,n2yj37z2,None,2
o1yxvv6q,e8enm680,o1yxvv6q,n2yj37z2,None,1
o1yxvv6q,e8enm680,9dowy731,vdomqj12,None,1
o1yxvv6q,e8enm680,29d30dlp,nxd1rk8q,None,53
o1yxvv6q,e8enm680,n4d7r172,wkpjll0k,gdrj358w,3
o1yxvv6q,e8enm680,n4d7r172,xn2yqmko,None,3
o1yxvv6q,e8enm680,9dowy731,vdomqj12,None,4
o1yxvv6q,e8enm680,o1yxvv6q,n2yj37z2,None,3
o1yxvv6q,e8enm680,9dowy731,n2y7jpe2,None,11
o1yxvv6q,e8enm680,n4d7r172,wkpjll0k,n93qljnw,3
o1yxvv6q,e8enm680,46w22l6r,jdr77526,None,203
o1yxvv6q,j9555kv8,yo1yv1q5,xk9l5yk0,None,21
o1yxvv6q,j9555kv8,o1yxvv6q,xk9jn84d,None,167
o1yxvv6q,kjp6p608,y655lg06,xd1jy6wd,None,27
o1yxvv6q,kjp6p608,om1mx362,7kjvmgk3,None,376
o1yxvv6q,kjp6p608,o1yxvv6q,xk9jn84d,None,109
o1yxvv6q,kjp6p608,o1yxvv6q,7kjzq1nd,None,23
o1yxvv6q,kjp6p608,29d30dlp,nxd1rk8q,None,182
o1yxvv6q,kjp6p608,nj1nee1p,gq254vdo,None,44
o1yxvv6q,18ql1ldj,o1yxvv6q,xk9jn84d,None,12
o1yxvv6q,18ql1ldj,yo1yv1q5,4xk906k0,None,48
o1yxvv6q,18ql1ldj,8m1zzm10,zd3lvmvd,None,2
o1yxvv6q,18ql1ldj,yo1yv1q5,wdm8v332,z98jvr7w,5
o1yxvv6q,18ql1ldj,8m1zzm10,zd3lvmvd,None,1
o1yxvv6q,18ql1ldj,j1nej091,9kv93g82,None,2
o1yxvv6q,18ql1ldj,8m1zzm10,w20z38dn,None,3
o1yxvv6q,18ql1ldj,j1nej091,rklrm8nk,None,2
o1yxvv6q,18ql1ldj,8nd2o560,7kjp68nk,None,2
o1yxvv6q,x35q0gej,yo1yv1q5,wdm8v332,rw6v88p9,22
o1yxvv6q,x35q0gej,o1yxvv6q,xk9jn84d,None,56
o1yxvv6q,x35q0gej,yo1yv1q5,xk9g1w6d,None,79
o1yxvv6q,o86v30jz,kdkz4zed,9d836332,None,3
o1yxvv6q,o86v30jz,w6jlx4dj,zd36yndn,None,6
o1yxvv6q,o86v30jz,w6jlx4dj,8246x3d5,None,17
o1yxvv6q,o86v30jz,w6jlx4dj,xd1er828,None,7
o1yxvv6q,o86v30jz,w6jlx4dj,9d86pq2n,None,26
o1yxvv6q,o86v30jz,n4d7r172,q254wgdo,None,38
o1yxvv6q,o86v30jz,n4d7r172,w20zmodn,None,12
o1yxvv6q,o86v30jz,29d30dlp,nxd1rk8q,None,285
o1yxvv6q,o86v30jz,o1yxvv6q,wk61oord,None,7
o1yxvv6q,o86v30jz,o1yxvv6q,wk61oord,None,12
o1yxvv6q,o86v30jz,m1mxnrx6,7dgr3zlk,None,1
o1yxvv6q,o86v30jz,n4d7r172,wkpjll0k,gdrj358w,5
o1yxvv6q,o86v30jz,ldemv513,xk9ln1yk,y9mep5zd,3
o1yxvv6q,o86v30jz,ldemv513,xk9ln1yk,ywem7n4d,2
o1yxvv6q,o86v30jz,ldemv513,xk9ln1yk,r9g1or29,2
o1yxvv6q,o86v30jz,ldemv513,xk9ln1yk,o9x3vk79,2
o1yxvv6q,o86v30jz,46wy8qdr,wdm4lp3d,n93qyqew,6
o1yxvv6q,o86v30jz,46wy8qdr,wdm4lp3d,rw6qeq7d,7
o1yxvv6q,o86v30jz,268yw5dp,7dg5wnl2,None,30
o1yxvv6q,o86v30jz,ldemv513,xk9ln1yk,69znvx49,2
o1yxvv6q,o86v30jz,46wy8qdr,wdm4lp3d,xd40r0p9,4
o1yxvv6q,o86v30jz,46wy8qdr,wdm4lp3d,xd0k3k19,3
o1yxvv6q,o86v30jz,46wy8qdr,wdm4lp3d,29vm5mn9,5
o1yxvv6q,o86v30jz,46wy8qdr,wdm4lp3d,5920n0rd,4
o1yxvv6q,o86v30jz,46wy8qdr,wdm4lp3d,ewp707zw,6
o1yxvv6q,o86v30jz,46wy8qdr,wdm4lp3d,y9m5151d,4
o1yxvv6q,o86v30jz,46wy8qdr,wdm4lp3d,xd1j8j6d,5
o1yxvv6q,o86v30jz,46wy8qdr,wdm4lp3d,ldy157rd,5
o1yxvv6q,o86v30jz,46wy8qdr,wdm4lp3d,z98rzvld,3
o1yxvv6q,o86v30jz,46wy8qdr,wdm4lp3d,owo7q7y9,5
o1yxvv6q,o86v30jz,46wy8qdr,wdm4lp3d,495kljj9,3
o1yxvv6q,o86v30jz,46wy8qdr,wdm4lp3d,29vm5kn9,5
o1yxvv6q,o86v30jz,46wy8qdr,wdm4lp3d,xd0k3719,2
o1yxvv6q,o86v30jz,46wy8qdr,7dg6qm4k,None,1
o1yxvv6q,o86v30jz,46wy8qdr,wk611oqd,rw6qev7d,3
o1yxvv6q,o86v30jz,4d708n17,xd1olzk8,None,45
o1yxvv6q,o86v30jz,4d708n17,z27g1902,5wkkj2xw,1
o1yxvv6q,o86v30jz,4d708n17,z27g1902,5wkkj2xw,1
o1yxvv6q,o86v30jz,4d708n17,z27g1902,y9m5jjzd,10
o1yxvv6q,o86v30jz,4d708n17,z27g1902,y9m5jjzd,10
o1yxvv6q,o86v30jz,4d708n17,z27g1902,ldy1yppd,2
o1yxvv6q,o86v30jz,n4d7r172,7wk6prd1,None,80
o1yxvv6q,o86v30jz,n4d7r172,wkpjll0k,r9gzgpjd,3
o1yxvv6q,o86v30jz,n4d7r172,wkpjll0k,592j777w,4
o1yxvv6q,o86v30jz,n4d7r172,wkpjll0k,y9meoozd,6
o1yxvv6q,o86v30jz,n4d7r172,wkpjll0k,69zrg1xd,4
o1yxvv6q,o86v30jz,n4d7r172,wkpjll0k,495j1emw,4
o1yxvv6q,o86v30jz,n4d7r172,wkpjll0k,n930jr29,4
o1yxvv6q,o86v30jz,n4d7r172,wkpjll0k,kwjyqq0w,6
o1yxvv6q,o86v30jz,n4d7r172,wkpjll0k,xd10qqz9,3
o1yxvv6q,o86v30jz,n4d7r172,wkpjll0k,ewpp66yw,5
o1yxvv6q,o86v30jz,46wy8qdr,wk61o8qd,None,5
o1yxvv6q,o86v30jz,46wy8qdr,n2yj3gz2,None,6
o1yxvv6q,o86v30jz,46wy8qdr,5dwy8gek,None,17
o1yxvv6q,o86v30jz,n4d7r172,xn2yqmko,None,29
o1yxvv6q,o86v30jz,4pdv0o1w,7wk60xk1,None,16
o1yxvv6q,o86v30jz,4pdv0o1w,q254gyjd,None,7
o1yxvv6q,o86v30jz,y65zg06e,9d8xwgw2,None,29
o1yxvv6q,o86v30jz,ldemv513,5dwnzedg,None,3
o1yxvv6q,o86v30jz,ldemv513,n2ynzzko,None,2
o1yxvv6q,o86v30jz,8nd2gv10,wz27wgk0,None,117
o1yxvv6q,o86v30jz,8m1z5z10,wz279od0,None,7
o1yxvv6q,o86v30jz,3dxx3gdy,xk9nwe62,None,1
o1yxvv6q,o86v30jz,4pdv0o1w,7wk60xk1,None,20
o1yxvv6q,o86v30jz,m9dowk1p,p7kjr423,None,19
o1yxvv6q,o86v30jz,ldemv513,q2516ydo,None,2
o1yxvv6q,o86v30jz,ldemv513,zdny9ekq,None,2
o1yxvv6q,o86v30jz,46wy8qdr,jdrmwn26,rdno25vw,2
o1yxvv6q,o86v30jz,46wy8qdr,jdrmwn26,rdnoljvw,3
o1yxvv6q,o86v30jz,46wy8qdr,jdrmwn26,ewp707zw,2
o1yxvv6q,o86v30jz,46wy8qdr,wk611oqd,rdno2p6w,2
o1yxvv6q,o86v30jz,46wy8qdr,jdrmwn26,xd0k3019,3
o1yxvv6q,o86v30jz,46wy8qdr,jdrmwn26,n93qn5ew,5
o1yxvv6q,o86v30jz,46wy8qdr,jdrmwn26,z98rzvld,2
o1yxvv6q,o86v30jz,46wy8qdr,jdrmwn26,owo7q7y9,4
o1yxvv6q,o86v30jz,46wy8qdr,wk611oqd,ldy18p7d,5
o1yxvv6q,o86v30jz,46wy8qdr,jdrmwn26,495kl649,3
o1yxvv6q,o86v30jz,46wy8qdr,jdrmwn26,xd1j806d,2
o1yxvv6q,o86v30jz,46wy8qdr,jdrmwn26,xd40r6p9,2
o1yxvv6q,o86v30jz,k6qwkz6g,zdnqn7ed,None,43
o1yxvv6q,o86v30jz,j1n97wdp,z275l4k0,None,19
o1yxvv6q,o86v30jz,9d3rr0dl,n2y180m2,None,746
o1yxvv6q,o86v30jz,xldennd3,l824v325,None,5
o1yxvv6q,98rlk538,m1zjlkm6,wkpmv8vk,None,78
o1yxvv6q,98rlk538,3dx2w9y1,n2y9zj7d,None,14
o1yxvv6q,98rlk538,y657jede,ndxp0312,None,39
o1yxvv6q,98rlk538,yo1yv1q5,wdm8v332,ldyen7pw,7
o1yxvv6q,98rlk538,o1yxvv6q,xk9jn84d,None,95
o1yxvv6q,98rlk538,268vgkdp,02qjpz9d,None,61
o1yxvv6q,98rlk538,yo1yv1q5,wdm8v332,y9meq5ld,25
o1yxvv6q,98rlk538,yo1yv1q5,wdm8v332,rw6v88p9,27
o1yxvv6q,98rlk538,yo1yv1q5,wdm8v332,495jok2w,26
o1yxvv6q,98rlk538,yo1yv1q5,xk9l5yk0,None,67
o1yxvv6q,98rlk538,yo1yv1q5,wdm8v332,gdrek7k9,9
o1yxvv6q,98rlk538,k6qew96g,7kjzy63d,None,318
o1yxvv6q,98rlk538,3dxng51y,7dg5egl2,None,7
o1yxvv6q,98rlk538,4d7l7n17,5dwp7nlk,None,54
o1yxvv6q,98rlk538,j1lewj6g,jdzpe4vk,None,91
o1yxvv6q,98rlk538,j1lewj6g,02q84592,None,6
o1yxvv6q,98rlk538,v1p90m68,9d8jnvwk,None,2
o1yxvv6q,pj0349jw,o1yxvv6q,xk9jn84d,None,17
o1yxvv6q,dx359qjl,o1yxvv6q,7kjzq1nd,None,2
o1yxvv6q,dx359qjl,n4d7r172,7wk6prd1,None,37
o1yxvv6q,dx359qjl,o1yxvv6q,n2yj37z2,None,1
o1yxvv6q,dx359qjl,m9doledp,zd304rdn,None,2
o1yxvv6q,dx359qjl,yo1yq2dq,nxd1l7k8,None,138
o1yxvv6q,dx359qjl,yo1yv1q5,4xk906k0,None,58
o1yxvv6q,dx359qjl,o1yxvv6q,xk9jn84d,None,11
o1yxvv6q,dx359qjl,ok6qvxdg,rklgz8dn,None,17
o1yxvv6q,dx359qjl,29d30dlp,jzd3y2nq,None,22
o1yxvv6q,dx359qjl,29d30dlp,nxd1rk8q,None,74
o1yxvv6q,dx359qjl,nj1nee1p,gq254vdo,None,47
o1yxvv6q,dx359qjl,268exn56,xd17jr8d,z98n7e79,1
o1yxvv6q,dx359qjl,n2680o1p,jdrx1egd,None,38
o1yxvv6q,dx359qjl,29d30dlp,l9kvjkgq,None,28
o1yxvv6q,dx359qjl,o1yxvv6q,n2yj37z2,None,16
o1yxvv6q,dx359qjl,o1yxvv6q,7kjzq1nd,None,1
o1yxvv6q,dx359qjl,o1yxvv6q,7kjzq1nd,None,1
o1yxvv6q,dx359qjl,j1nkqw1p,mke5lojk,None,5
o1yxvv6q,dx359qjl,46wwr36r,9kvp63ok,None,33
o1yxvv6q,dx359qjl,w6jve26j,9d86vww2,None,122
o1yxvv6q,dx359qjl,ok6qq06g,wkpjr8kr,None,5
o1yxvv6q,dx359qjl,m1mjox12,n2yq7qek,None,3
o1yxvv6q,dx359qjl,o6glkk8d,jdrx0end,None,6
o1yxvv6q,dx359qjl,m9doledp,zd304rdn,None,3
o1yxvv6q,dx359qjl,m9doledp,zd304rdn,None,5
o1yxvv6q,dx359qjl,29d30dlp,z2771020,None,54
o1yxvv6q,dx359qjl,46wvx7dr,5dwjvolk,None,5
o1yxvv6q,dx359qjl,om1mqkd2,xk9g5oyd,None,12
o1yxvv6q,dx359qjl,ok6qq06g,wkpjr8kr,None,25
o1yxvv6q,j929vvn8,m9dowk1p,p7kjr423,None,45
o1yxvv6q,j929vvn8,o1yxvv6q,xk9jn84d,None,5
o1yxvv6q,qjo6qy0j,j1n3exdp,7kj88e3d,ldykklrw,3
o1yxvv6q,qjo6qy0j,j1n3exdp,7kj88e3d,nwlzz4ed,3
o1yxvv6q,qjo6qy0j,j1n3exdp,zd30z38d,None,4
o1yxvv6q,qjo6qy0j,j1n3exdp,7kj88e3d,rdnxx47w,5
o1yxvv6q,qjo6qy0j,j1n3exdp,7kj88e3d,gdroo6ld,4
o1yxvv6q,qjo6qy0j,j1n3exdp,7kj88e3d,z98554p9,4
o1yxvv6q,qjo6qy0j,j1n3exdp,7kj88e3d,n93llzz9,5
o1yxvv6q,qjo6qy0j,pdvzmy46,jdz9rl32,None,3
o1yxvv6q,qjo6qy0j,8nd2qd05,jdrvnv52,jgdrpewz,6
o1yxvv6q,qjo6qy0j,8nd2qd05,9kvp063k,3nwlgo9v,8
o1yxvv6q,qjo6qy0j,o1yxvv6q,7dg59472,None,7
o1yxvv6q,qjo6qy0j,8nd2qd05,7kjrg1g2,None,5
o1yxvv6q,5j5ekvwj,o1yxvv6q,xk9jn84d,None,23
o1yxvv6q,5j5ekvwj,o1yxvv6q,xk9jn84d,None,160
o1yxvv6q,48g92r2x,m1zj0336,xd1g9ewd,None,2
o1yxvv6q,48g92r2x,om1m5kd2,vdo4my2p,None,83
o1yxvv6q,48g92r2x,om1m5kd2,jdrpx526,None,18
o1yxvv6q,48g92r2x,om1m5kd2,q254qvdo,None,21
o1yxvv6q,48g92r2x,om1m5kd2,z2776z20,None,34
o1yxvv6q,48g92r2x,pdv2jjk6,xk9ww9g2,None,6
o1yxvv6q,48g92r2x,om1m5kd2,xk9lg6k0,None,49
o1yxvv6q,48g92r2x,yd4orqp1,wdmx063k,None,5
o1yxvv6q,48g92r2x,yd4orqp1,wdmlpwek,None,7
o1yxvv6q,48g92r2x,yd4orqp1,w20gj4vk,None,6
o1yxvv6q,48g92r2x,3dxz7p1y,wk6xyek1,None,12
o1yxvv6q,48g92r2x,yd4orqp1,7kj1exxk,None,4
o1yxvv6q,48g92r2x,yd4orqp1,xk98rzg2,None,4
o1yxvv6q,48g92r2x,3dxz7p1y,5dw1llkg,5d7pxedy,5
o1yxvv6q,48g92r2x,yd4orqp1,9kv7yeek,None,1
o1yxvv6q,48g92r2x,3dxz7p1y,wkp54wdr,None,30
o1yxvv6q,48g92r2x,yd4orqp1,vdomq7o2,None,10
o1yxvv6q,48g92r2x,yd4orqp1,xd1l7qwk,None,7
o1yxvv6q,48g92r2x,yd4orqp1,wkpv6m8k,None,5
o1yxvv6q,48g92r2x,3dxz7p1y,mkex06d6,ewpnny9n,1
o1yxvv6q,48g92r2x,3dxz7p1y,zd3rmydn,None,7
o1yxvv6q,48g92r2x,3dxz7p1y,ndxjlv12,None,13
o1yxvv6q,48g92r2x,yd4orqp1,rkllnewk,None,23
o1yxvv6q,48g92r2x,3dxz7p1y,mkex06d6,592mr6w6,1
o1yxvv6q,48g92r2x,yd4orqp1,wdmxm55k,None,2
o1yxvv6q,48g92r2x,3dxz7p1y,mkex06d6,ldyqqpw3,1
o1yxvv6q,48g92r2x,3dxz7p1y,mkex06d6,ldyqxpw3,1
o1yxvv6q,48g92r2x,3dxz7p1y,mkex06d6,n93klrw0,1
o1yxvv6q,48g92r2x,3dxz7p1y,mkex06d6,xd0pnjwq,1
o1yxvv6q,48g92r2x,3dxz7p1y,mkex06d6,rdn3x6wm,1
o1yxvv6q,48g92r2x,yd4orqp1,z27or10d,None,6
o1yxvv6q,48g92r2x,9d3rnedl,zdny4nkq,rdnr1qwm,5
o1yxvv6q,48g92r2x,9d3rnedl,q251qjdo,rdnr1qwm,4
o1yxvv6q,48g92r2x,9d3rnedl,jdrnxnk6,rdnr1qwm,5
o1yxvv6q,48g92r2x,9d3rnedl,jdzn8rdv,rdnr1qwm,4
o1yxvv6q,48g92r2x,9d3rnedl,zdny4nkq,ldyjzkd3,4
o1yxvv6q,48g92r2x,9d3rnedl,q251qjdo,ldyjzkd3,5
o1yxvv6q,48g92r2x,9d3rnedl,zdny4nkq,z98ekg9l,4
o1yxvv6q,48g92r2x,9d3rnedl,zdny4nkq,ewpevk9n,3
o1yxvv6q,48g92r2x,9d3rnedl,q251qjdo,ewpevk9n,3
o1yxvv6q,48g92r2x,9d3rnedl,jdzn8rdv,ewpevk9n,2
o1yxvv6q,48g92r2x,9d3rnedl,zdny4nkq,29vl1nwv,6
o1yxvv6q,48g92r2x,9d3rnedl,zdny4nkq,xd4yvpdm,4
o1yxvv6q,48g92r2x,9d3rnedl,jdrnxnk6,ewpevk9n,2
o1yxvv6q,48g92r2x,9d3rnedl,zdny4nkq,xd4no2wm,3
o1yxvv6q,48g92r2x,9d3rnedl,q251qjdo,xd4no2wm,3
o1yxvv6q,48g92r2x,9d3rnedl,jdrnxnk6,xd4no2wm,3
o1yxvv6q,48g92r2x,9d3rnedl,jdzn8rdv,xd4no2wm,3
o1yxvv6q,48g92r2x,9d3rnedl,q251qjdo,59237od6,5
o1yxvv6q,48g92r2x,9d3rnedl,zdny4nkq,59237od6,3
o1yxvv6q,48g92r2x,9d3rnedl,zdny4nkq,59237od6,3
o1yxvv6q,48g92r2x,9d3rnedl,jdrnxnk6,59237od6,3
o1yxvv6q,48g92r2x,9d3rnedl,jdzn8rdv,59237od6,3
o1yxvv6q,48g92r2x,9d3rnedl,jdzn8rdv,29vjr39v,6
o1yxvv6q,48g92r2x,9d3rnedl,jdrnxnk6,29vjr39v,5
o1yxvv6q,48g92r2x,9d3rnedl,q251qjdo,29vjr39v,9
o1yxvv6q,48g92r2x,9d3rnedl,zdny4nkq,29vjr39v,5
o1yxvv6q,48g92r2x,9d3rnedl,q251qjdo,5wk872w4,6
o1yxvv6q,48g92r2x,9d3rnedl,zdny4nkq,5wk872w4,5
o1yxvv6q,48g92r2x,9d3rnedl,jdrnxnk6,5wk872w4,5
o1yxvv6q,48g92r2x,9d3rnedl,jdzn8rdv,5wk872w4,4
o1yxvv6q,48g92r2x,9d3rnedl,jdz87gdv,None,21
o1yxvv6q,48g92r2x,m1zj0336,vdo1wq92,gdrrxved,8
o1yxvv6q,48g92r2x,9d3rnedl,q251qjdo,5923y3d6,6
o1yxvv6q,48g92r2x,9d3rnedl,zdny4nkq,5wk8zpw4,3
o1yxvv6q,48g92r2x,9d3rnedl,q251qjdo,5wk8zpw4,5
o1yxvv6q,48g92r2x,9d3rnedl,jdrnxnk6,5wk8zpw4,3
o1yxvv6q,48g92r2x,9d3rnedl,jdzn8rdv,5wk8zpw4,3
o1yxvv6q,48g92r2x,9d3rnedl,zdny4nkq,5923g3d6,3
o1yxvv6q,48g92r2x,9d3rnedl,q251qjdo,5923g3d6,3
o1yxvv6q,48g92r2x,9d3rnedl,jdrnxnk6,5923g3d6,3
o1yxvv6q,48g92r2x,9d3rnedl,jdzn8rdv,5923g3d6,3
o1yxvv6q,48g92r2x,9d3rnedl,zdny4nkq,29vjel9v,3
o1yxvv6q,48g92r2x,9d3rnedl,q251qjdo,29vjel9v,6
o1yxvv6q,48g92r2x,9d3rnedl,jdrnxnk6,29vjel9v,4
o1yxvv6q,48g92r2x,9d3rnedl,jdzn8rdv,29vjel9v,2
o1yxvv6q,48g92r2x,9d3rnedl,zdny4nkq,xd4n7rwm,4
o1yxvv6q,48g92r2x,9d3rnedl,q251qjdo,xd4n7rwm,5
o1yxvv6q,48g92r2x,9d3rnedl,jdrnxnk6,xd4n7rwm,6
o1yxvv6q,48g92r2x,9d3rnedl,jdzn8rdv,xd4n7rwm,3
o1yxvv6q,48g92r2x,9d3rnedl,jdrnxnk6,o9xkepwl,5
o1yxvv6q,48g92r2x,9d3rnedl,jdzn8rdv,o9xkepwl,2
o1yxvv6q,48g92r2x,9d3rnedl,zdny4nkq,ywene7wl,3
o1yxvv6q,48g92r2x,9d3rnedl,q251qjdo,ywene7wl,5
o1yxvv6q,48g92r2x,9d3rnedl,jdrnxnk6,ywene7wl,5
o1yxvv6q,48g92r2x,9d3rnedl,jdzn8rdv,ywene7wl,3
o1yxvv6q,48g92r2x,9d3rnedl,zdny4nkq,o9xkepwl,2
o1yxvv6q,48g92r2x,9d3rnedl,q251qjdo,o9xkepwl,3
o1yxvv6q,48g92r2x,9d3rnedl,zdny4nkq,5wk8v2w4,3
o1yxvv6q,48g92r2x,9d3rnedl,q251qjdo,5wk8v2w4,4
o1yxvv6q,48g92r2x,9d3rnedl,jdrnxnk6,5wk8v2w4,4
o1yxvv6q,48g92r2x,9d3rnedl,jdzn8rdv,5wk8v2w4,2
o1yxvv6q,48g92r2x,9d3rnedl,q251qjdo,n93n2ew0,4
o1yxvv6q,48g92r2x,9d3rnedl,q251qjdo,z98z2l9l,6
o1yxvv6q,48g92r2x,9d3rnedl,q251qjdo,o9xoqn79,2
o1yxvv6q,48g92r2x,9d3rnedl,q251qjdo,5d7x5ve9,4
o1yxvv6q,48g92r2x,9d3rnedl,zdny4nkq,xd0l5xdq,6
o1yxvv6q,48g92r2x,9d3rnedl,q251qjdo,xd0l5xdq,9
o1yxvv6q,48g92r2x,9d3rnedl,jdrnxnk6,xd0l5xdq,5
o1yxvv6q,48g92r2x,9d3rnedl,jdzn8rdv,xd0l5xdq,6
o1yxvv6q,48g92r2x,9d3rnedl,q251qjdo,rw6r6rw7,6
o1yxvv6q,48g92r2x,9d3rnedl,zdny4nkq,rw6r6rw7,5
o1yxvv6q,48g92r2x,9d3rnedl,jdrnxnk6,rw6r6rw7,5
o1yxvv6q,48g92r2x,9d3rnedl,jdzn8rdv,rw6r6rw7,5
o1yxvv6q,48g92r2x,9d3rnedl,zdny4nkq,n938jnw0,7
o1yxvv6q,48g92r2x,9d3rnedl,q251qjdo,n938jnw0,10
o1yxvv6q,48g92r2x,9d3rnedl,jdrnxnk6,n938jnw0,8
o1yxvv6q,48g92r2x,9d3rnedl,jdzn8rdv,n938jnw0,6
o1yxvv6q,48g92r2x,9d3rnedl,zdny4nkq,r9gn522d,2
o1yxvv6q,48g92r2x,9d3rnedl,q251qjdo,r9gn522d,3
o1yxvv6q,48g92r2x,9d3rnedl,jdrnxnk6,r9gn522d,2
o1yxvv6q,48g92r2x,9d3rnedl,jdzn8rdv,r9gn522d,2
o1yxvv6q,48g92r2x,9d3rnedl,jdrnxnk6,ldyjzrd3,4
o1yxvv6q,48g92r2x,9d3rnedl,jdzn8rdv,ldyjzrd3,2
o1yxvv6q,48g92r2x,9d3rnedl,zdny4nkq,gdrg3lwz,3
o1yxvv6q,48g92r2x,9d3rnedl,q251qjdo,gdrg3lwz,7
o1yxvv6q,48g92r2x,9d3rnedl,jdrnxnk6,gdrg3lwz,7
o1yxvv6q,48g92r2x,9d3rnedl,jdzn8rdv,gdrg3lwz,4
o1yxvv6q,48g92r2x,9d3rnedl,zdny4nkq,nwlnjedv,3
o1yxvv6q,48g92r2x,9d3rnedl,q251qjdo,nwlnjedv,4
o1yxvv6q,48g92r2x,9d3rnedl,jdrnxnk6,nwlnjedv,4
o1yxvv6q,48g92r2x,9d3rnedl,jdzn8rdv,nwlnjedv,4
o1yxvv6q,48g92r2x,9d3rnedl,zdny4nkq,69zxggd1,5
o1yxvv6q,48g92r2x,9d3rnedl,q251qjdo,69zxggd1,5
o1yxvv6q,48g92r2x,9d3rnedl,jdrnxnk6,69zxggd1,7
o1yxvv6q,48g92r2x,9d3rnedl,jdzn8rdv,69zxggd1,3
o1yxvv6q,48g92r2x,9d3rnedl,zdny4nkq,r9grgpw2,4
o1yxvv6q,48g92r2x,9d3rnedl,q251qjdo,r9grgpw2,4
o1yxvv6q,48g92r2x,9d3rnedl,jdrnxnk6,r9grgpw2,3
o1yxvv6q,48g92r2x,9d3rnedl,jdzn8rdv,r9grgpw2,5
o1yxvv6q,48g92r2x,9d3rnedl,jdrnxnk6,rdq361wx,2
o1yxvv6q,48g92r2x,9d3rnedl,jdzn8rdv,rdq361wx,3
o1yxvv6q,48g92r2x,9d3rnedl,zdny4nkq,5d7e6vwy,4
o1yxvv6q,48g92r2x,9d3rnedl,q251qjdo,5d7e6vwy,3
o1yxvv6q,48g92r2x,9d3rnedl,jdrnxnk6,5d7e6vwy,3
o1yxvv6q,48g92r2x,9d3rnedl,jdzn8rdv,5d7e6vwy,2
o1yxvv6q,48g92r2x,9d3rnedl,jdzn8rdv,y9myo595,3
o1yxvv6q,48g92r2x,9d3rnedl,jdrnxnk6,y9myo595,4
o1yxvv6q,48g92r2x,9d3rnedl,zdny4nkq,ldyjzrd3,3
o1yxvv6q,48g92r2x,9d3rnedl,q251qjdo,ldyjzrd3,5
o1yxvv6q,48g92r2x,9d3rnedl,q251qjdo,ldyjzrd3,5
o1yxvv6q,48g92r2x,36987w3d,z27wwz4k,None,13
o1yxvv6q,48g92r2x,9d3rnedl,zdny4nkq,rdnr17wm,3
o1yxvv6q,48g92r2x,9d3rnedl,q251qjdo,rdnr17wm,6
o1yxvv6q,48g92r2x,9d3rnedl,jdrnxnk6,rdnr17wm,3
o1yxvv6q,48g92r2x,9d3rnedl,jdzn8rdv,rdnr17wm,4
o1yxvv6q,48g92r2x,9d3rnedl,zdny4nkq,rdq361wx,4
o1yxvv6q,48g92r2x,9d3rnedl,q251qjdo,rdq361wx,5
o1yxvv6q,48g92r2x,9d3rnedl,zdny4nkq,rdqorjgw,3
o1yxvv6q,48g92r2x,9d3rnedl,q251qjdo,rdqorjgw,4
o1yxvv6q,48g92r2x,9d3rnedl,jdrnxnk6,rdqorjgw,3
o1yxvv6q,48g92r2x,9d3rnedl,jdzn8rdv,rdqorjgw,3
o1yxvv6q,48g92r2x,9d3rnedl,jdzn8rdv,xd4yvpdm,5
o1yxvv6q,48g92r2x,9d3rnedl,jdzn8rdv,29vl1nwv,4
o1yxvv6q,48g92r2x,9d3rnedl,jdzn8rdv,o9xzm1wl,5
o1yxvv6q,48g92r2x,9d3rnedl,jdzn8rdv,495rvjdp,2
o1yxvv6q,48g92r2x,9d3rnedl,zdny4nkq,xd16oe9o,6
o1yxvv6q,48g92r2x,9d3rnedl,q251qjdo,xd16oe9o,9
o1yxvv6q,48g92r2x,9d3rnedl,jdrnxnk6,xd16oe9o,6
o1yxvv6q,48g92r2x,9d3rnedl,jdzn8rdv,xd16oe9o,3
o1yxvv6q,48g92r2x,9d3rnedl,zdny4nkq,y9myo595,3
o1yxvv6q,48g92r2x,9d3rnedl,q251qjdo,y9myo595,6
o1yxvv6q,48g92r2x,lde3l8j6,5dw6zgg2,None,9
o1yxvv6q,48g92r2x,9d38rlw1,mkevvox2,None,6
o1yxvv6q,48g92r2x,9d3rnedl,zdny4nkq,kwj3mndg,4
o1yxvv6q,48g92r2x,9d3rnedl,q251qjdo,kwj3mndg,2
o1yxvv6q,48g92r2x,9d3rnedl,jdrnxnk6,kwj3mndg,2
o1yxvv6q,48g92r2x,9d3rnedl,zdny4nkq,rdqgvk9x,6
o1yxvv6q,48g92r2x,9d3rnedl,q251qjdo,rdqgvk9x,8
o1yxvv6q,48g92r2x,9d3rnedl,jdzn8rdv,kwj3mndg,3
o1yxvv6q,48g92r2x,9d3rnedl,jdrnxnk6,rdqgvk9x,7
o1yxvv6q,48g92r2x,9d3rnedl,jdzn8rdv,rdqgvk9x,4
o1yxvv6q,48g92r2x,9d3rnedl,q251qjdo,ewpe6k9n,21
o1yxvv6q,48g92r2x,9d3rnedl,zdny4nkq,ewpe6k9n,6
o1yxvv6q,48g92r2x,9d3rnedl,jdrnxnk6,ewpe6k9n,13
o1yxvv6q,48g92r2x,9d3rnedl,jdzn8rdv,ewpe6k9n,4
o1yxvv6q,48g92r2x,9d3rnedl,zdny4nkq,owolvow6,5
o1yxvv6q,48g92r2x,9d3rnedl,q251qjdo,owolvow6,9
o1yxvv6q,48g92r2x,9d3rnedl,jdrnxnk6,owolvow6,5
o1yxvv6q,48g92r2x,9d3rnedl,jdzn8rdv,owolvow6,3
o1yxvv6q,48g92r2x,9d3rnedl,zdny4nkq,495zg649,4
o1yxvv6q,48g92r2x,9d3rnedl,zdny4nkq,o9xzm1wl,4
o1yxvv6q,48g92r2x,9d3rnedl,zdny4nkq,495rvjdp,6
o1yxvv6q,48g92r2x,9d3rnedl,zdny4nkq,69z6j34d,3
o1yxvv6q,48g92r2x,9d3rnedl,q251qjdo,o9xzm1wl,4
o1yxvv6q,48g92r2x,9d3rnedl,q251qjdo,495rvjdp,7
o1yxvv6q,48g92r2x,9d3rnedl,q251qjdo,495zg649,4
o1yxvv6q,48g92r2x,9d3rnedl,q251qjdo,69z6j34d,3
o1yxvv6q,48g92r2x,9d3rnedl,jdrnxnk6,69z6j34d,3
o1yxvv6q,48g92r2x,9d3rnedl,jdrnxnk6,o9xzm1wl,6
o1yxvv6q,48g92r2x,9d3rnedl,jdrnxnk6,495rvjdp,3
o1yxvv6q,48g92r2x,9d3rnedl,jdrnxnk6,495zg649,4
o1yxvv6q,48g92r2x,9d3rnedl,jdzn8rdv,495zg649,3
o1yxvv6q,48g92r2x,pdv2jjk6,vdo55zvk,nwl5430d,33
o1yxvv6q,48g92r2x,pdv2jjk6,5dw119lk,None,9
o1yxvv6q,48g92r2x,9d3rnedl,jdzn8rdv,r9gro5w2,6
o1yxvv6q,48g92r2x,9d3rnedl,q251qjdo,o9xkv0wl,8
o1yxvv6q,48g92r2x,9d3rnedl,zdny4nkq,o9xkv0wl,4
o1yxvv6q,48g92r2x,9d3rnedl,jdrnxnk6,o9xkv0wl,4
o1yxvv6q,48g92r2x,9d3rnedl,jdzn8rdv,o9xkv0wl,5
o1yxvv6q,48g92r2x,9d3rnedl,jdzn8rdv,xd161e9o,2
o1yxvv6q,48g92r2x,9d3rnedl,zdny4nkq,495y00wp,3
o1yxvv6q,48g92r2x,9d3rnedl,q251qjdo,495y00wp,5
o1yxvv6q,48g92r2x,9d3rnedl,jdrnxnk6,495y00wp,5
o1yxvv6q,48g92r2x,9d3rnedl,jdzn8rdv,495y00wp,4
o1yxvv6q,48g92r2x,9d3rnedl,q251qjdo,xd161e9o,3
o1yxvv6q,48g92r2x,9d3rnedl,q251qjdo,r9gro5w2,7
o1yxvv6q,48g92r2x,9d3rnedl,zdny4nkq,r9gro5w2,9
o1yxvv6q,48g92r2x,9d3rnedl,jdrnxnk6,r9gro5w2,5
o1yxvv6q,48g92r2x,9d3rnedl,jdrnxnk6,xd161e9o,2
o1yxvv6q,48g92r2x,9d3rnedl,zdny4nkq,xd161e9o,6
o1yxvv6q,48g92r2x,9d3rnedl,zdny4nkq,5d7l0g9y,5
o1yxvv6q,48g92r2x,9d3rnedl,q251qjdo,5d7l0g9y,6
o1yxvv6q,48g92r2x,9d3rnedl,jdrnxnk6,5d7l0g9y,16
o1yxvv6q,48g92r2x,9d3rnedl,jdzn8rdv,5d7l0g9y,7
o1yxvv6q,48g92r2x,9d3rnedl,jdzn8rdv,69zxvld1,7
o1yxvv6q,48g92r2x,9d3rnedl,jdrnxnk6,69zxvld1,4
o1yxvv6q,48g92r2x,9d3rnedl,q251qjdo,69zxvld1,9
o1yxvv6q,48g92r2x,9d3rnedl,zdny4nkq,69zxvld1,8
o1yxvv6q,48g92r2x,9d38e791,jdrrz4gd,None,20
o1yxvv6q,48g92r2x,pdvzlxk6,rkl3qn6k,None,5
o1yxvv6q,48g92r2x,k6q4rqzd,9kv7gz8k,None,717
o1yxvv6q,48g92r2x,369prl31,9kv6mne2,None,3
o1yxvv6q,48g92r2x,y65lp31e,q25e5982,None,4
o1yxvv6q,48g92r2x,9d3r0eed,7dg6jx4k,None,8
o1yxvv6q,48g92r2x,k6q474zd,8240o13d,None,981
o1yxvv6q,48g92r2x,nd2eored,rkl3wxnk,None,2
o1yxvv6q,48g92r2x,lde3v3x6,824053md,None,6
o1yxvv6q,48g92r2x,lde3v3x6,02qvy0jd,None,67
o1yxvv6q,48g92r2x,pd0wglw1,n2ygznm2,None,6
o1yxvv6q,48g92r2x,3dx2opy1,8240qegd,None,15
o1yxvv6q,48g92r2x,kdk47q1m,7dggo9ld,None,18
o1yxvv6q,48g92r2x,9d38e791,02q45zjd,None,63
o1yxvv6q,48g92r2x,46w0rn1r,9d8emz6d,None,15
o1yxvv6q,48g92r2x,9d38e791,jdzlyz32,None,11
o1yxvv6q,48g92r2x,268e4q56,rklr388k,nwl2gyrd,10
o1yxvv6q,48g92r2x,268e4q56,rklr388k,yweq2jrw,7
o1yxvv6q,48g92r2x,9dowg031,w203x4o2,gdryprkw,36
o1yxvv6q,48g92r2x,9dowg031,w203x4o2,nwl2g0gd,16
o1yxvv6q,48g92r2x,9dowg031,w203x4o2,r9g7y629,15
o1yxvv6q,48g92r2x,9dowg031,w203x4o2,69z8p749,10
o1yxvv6q,48g92r2x,pdvzqqk6,mke44wn2,rdqn6j2d,15
o1yxvv6q,48g92r2x,m1zovmd0,9d8v94lk,None,522
o1yxvv6q,48g92r2x,46w24e96,5dwqe7nd,None,4
o1yxvv6q,48g92r2x,nd2eq7ed,9kv9yjo2,None,169
o1yxvv6q,48g92r2x,lde3qk56,w203y4j2,None,11
o1yxvv6q,48g92r2x,76rx0v46,q25m3lwd,None,51
o1yxvv6q,48g92r2x,4d79rrr1,mke47oj2,None,274
o1yxvv6q,48g92r2x,369pxvg1,xk9v8vyd,None,815
o1yxvv6q,48g92r2x,o1y98qo6,z271olg2,69znvgl9,8
o1yxvv6q,48g92r2x,o1y98qo6,z271olg2,r9g1og59,4
o1yxvv6q,48g92r2x,o1y98qo6,z271olg2,o9x3ve09,2
o1yxvv6q,48g92r2x,o1y98qo6,z271olg2,495l010d,3
o1yxvv6q,48g92r2x,y65gv4de,02qjlwpd,None,9
o1yxvv6q,48g92r2x,o1yjyr1q,rklvmndn,None,10
o1yxvv6q,48g92r2x,lde5ljd3,n2yjqz72,None,42
o1yxvv6q,48g92r2x,pdvywrdw,jdzvwrvk,None,26
o1yxvv6q,48g92r2x,j1nr4xdp,9kvxjw02,None,11
o1yxvv6q,48g92r2x,369pe331,wdmlgy5k,5d7eyrew,7
o1yxvv6q,48g92r2x,3dx22rg1,zd37gxr2,n93o6v79,4
o1yxvv6q,48g92r2x,9d3mj96l,n2yje472,None,14
o1yxvv6q,48g92r2x,369pe331,wdmlgy5k,rw6lqy6w,5
o1yxvv6q,48g92r2x,369pe331,wdmlgy5k,n93nq3rw,6
o1yxvv6q,48g92r2x,yd4x2k1e,xd179lwd,r9gxpn2w,3
o1yxvv6q,48g92r2x,yd4x2k1e,xd179lwd,4954ez4w,1
o1yxvv6q,48g92r2x,yd4x2k1e,xd179lwd,rdqleogw,1
o1yxvv6q,48g92r2x,yd4x2k1e,xd179lwd,o9x4jo7d,1
o1yxvv6q,48g92r2x,w6jl0m7d,n2ygjye2,None,10
o1yxvv6q,48g92r2x,w6jl0m7d,02qrvr9k,None,12
o1yxvv6q,48g92r2x,4d74xld7,5dwpyynk,xd1jo25d,40
o1yxvv6q,48g92r2x,3dx0o4dy,jdr46026,None,51
o1yxvv6q,48g92r2x,3dx0o4dy,7dgg5ypd,z98j2ppw,7
o1yxvv6q,48g92r2x,3dx0o4dy,7dgg5ypd,69zrm7gd,5
o1yxvv6q,48g92r2x,3dx0o4dy,7dgg5ypd,n9302kz9,7
o1yxvv6q,48g92r2x,3dx0o4dy,7dgg5ypd,ldye4qrw,5
o1yxvv6q,48g92r2x,3dx0o4dy,7dgg5ypd,r9gzk6pd,5
o1yxvv6q,48g92r2x,3dx0o4dy,7dgg5ypd,rdq06y2w,5
o1yxvv6q,48g92r2x,3dx0o4dy,7dgg5ypd,rdn5k37d,5
o1yxvv6q,48g92r2x,3dx0o4dy,7dgg5ypd,ywe4z07d,5
o1yxvv6q,48g92r2x,3dx0o4dy,7dgg5ypd,gdrjkrlw,5
o1yxvv6q,48g92r2x,3dx0o4dy,7dgg5ypd,nwl6k0ew,6
o1yxvv6q,48g92r2x,pd04k06e,xk9q9g20,nwlgnlg9,81
o1yxvv6q,48g92r2x,j1neenw1,zd36olnd,5d7v0jqd,11
o1yxvv6q,48g92r2x,4d7zpl67,7kjq934d,nwl3nkgw,54
o1yxvv6q,48g92r2x,o1y9pyk6,mke9xe9d,5d7e0vvw,1024
o1yxvv6q,48g92r2x,w6j4e56j,zdn4n5xk,None,39
o1yxvv6q,48g92r2x,46w33n31,8246jp3d,None,6
o1yxvv6q,48g92r2x,y654my0d,7kjpz8xk,None,39
o1yxvv6q,48g92r2x,kdknmqdm,w20vl6vk,None,8
o1yxvv6q,48g92r2x,kdknmqdm,zd38g9yk,None,5
o1yxvv6q,48g92r2x,kdknmqdm,wdmleyxk,None,4
o1yxvv6q,48g92r2x,nd2ee8qd,7dgr407k,None,3
o1yxvv6q,48g92r2x,kdknmqdm,zd38g9yk,None,10
o1yxvv6q,48g92r2x,k6q4ogxd,jdrlgzgd,None,14
o1yxvv6q,48g92r2x,y65e906e,n2y11jm2,None,29
o1yxvv6q,48g92r2x,j1l34j1g,n2yj6372,None,9
o1yxvv6q,48g92r2x,m1zjjk06,wkpom0g2,None,4
o1yxvv6q,48g92r2x,76r8wvd8,wk61good,None,7
o1yxvv6q,48g92r2x,46w33en1,7dgrng4k,None,6
o1yxvv6q,48g92r2x,46wx491r,rklg3ynd,None,5
o1yxvv6q,48g92r2x,46wmyqdr,5dwyprgk,None,6
o1yxvv6q,48g92r2x,pdvzz2k6,vdoomxyd,None,5
o1yxvv6q,48g92r2x,pdvzgo96,wkpvjjgk,None,14
o1yxvv6q,48g92r2x,9dow4ze1,vdom9jv2,None,23
o1yxvv6q,48g92r2x,y654jg8d,w203pz52,None,11
o1yxvv6q,48g92r2x,268elq56,rklrm3qk,None,7
o1yxvv6q,48g92r2x,268zpy6p,5dwqmldg,None,4
o1yxvv6q,48g92r2x,ldezmld3,wk6ryqk1,None,3
o1yxvv6q,48g92r2x,o6glln8d,zd368o8d,None,1
o1yxvv6q,48g92r2x,j1n9pldp,5dwqzedg,None,6
o1yxvv6q,48g92r2x,y654yv0d,wdmlpv4k,None,5
o1yxvv6q,48g92r2x,369pp831,wdmwlv52,None,5
o1yxvv6q,48g92r2x,o1y9yxr6,9kv7190k,None,5
o1yxvv6q,48g92r2x,w6jljred,w20v93zk,None,5
o1yxvv6q,48g92r2x,yd4owgx1,jdz96w32,None,8
o1yxvv6q,48g92r2x,9doweke1,vdo8wz6k,None,16
o1yxvv6q,48g92r2x,9doweke1,jdrlgggd,y9m1go19,6
o1yxvv6q,48g92r2x,9doweke1,jdrlgggd,5wk1e7qd,4
o1yxvv6q,48g92r2x,9doweke1,jdrlgggd,592nr7r9,2
o1yxvv6q,48g92r2x,pd0wwq31,ndxm7552,None,4
o1yxvv6q,48g92r2x,lde3e0l6,zdn0nw72,None,3
o1yxvv6q,48g92r2x,w6jl0v4d,n2yo8red,None,6
o1yxvv6q,48g92r2x,46w3gjq1,02q3y97k,None,6
o1yxvv6q,48g92r2x,76rxm956,wdmxg54k,None,15
o1yxvv6q,48g92r2x,76rxx3v6,9kvm76ok,None,2
o1yxvv6q,48g92r2x,nd2ekm3d,wdmloe3k,None,1
o1yxvv6q,48g92r2x,46w332l1,xd1el472,None,3
o1yxvv6q,48g92r2x,j1lllqj1,rklqv3r2,None,3
o1yxvv6q,48g92r2x,v1pooxz6,9d86xe62,None,5
o1yxvv6q,48g92r2x,268e0z76,vdo81jok,None,1
o1yxvv6q,48g92r2x,46wkr76r,zdnr39e2,None,18
o1yxvv6q,48g92r2x,v1py5818,02qgvq7d,None,3
o1yxvv6q,48g92r2x,yd4ookg1,02qopmjk,None,3
o1yxvv6q,48g92r2x,3dx22k51,82461jmd,None,3
o1yxvv6q,48g92r2x,o6gv5562,zdnw8mnd,None,5
o1yxvv6q,48g92r2x,pdvz09v6,9d8g39lk,None,3
o1yxvv6q,48g92r2x,3dxlopdy,q2587qv2,None,2
o1yxvv6q,48g92r2x,yd4vpwde,9d8jjg6k,None,5
o1yxvv6q,48g92r2x,46wl8n1r,824x0yed,None,3
o1yxvv6q,48g92r2x,268e8296,7kjqmzxd,None,4
o1yxvv6q,48g92r2x,4d79zxl1,vdo3179d,None,2
o1yxvv6q,48g92r2x,m1zjqyx6,824r03nd,None,2
o1yxvv6q,48g92r2x,pdvz09v6,jdrvmpl2,rdql0jkw,4
o1yxvv6q,48g92r2x,nd2eg73d,zd37x1e2,None,2
o1yxvv6q,48g92r2x,m1mxxn36,jdz8763d,None,4
o1yxvv6q,48g92r2x,46w3xrq1,vdo8709k,None,256
o1yxvv6q,48g92r2x,268lm71p,ndx8g0ok,None,11
o1yxvv6q,48g92r2x,9dow97o1,824gzlw2,None,7
o1yxvv6q,48g92r2x,9doww8k1,jdrxeogd,None,4
o1yxvv6q,48g92r2x,o6g9z8d2,rkle89w2,None,4
o1yxvv6q,48g92r2x,yd4o39w1,7kj355n2,None,15
o1yxvv6q,48g92r2x,4d79lvl1,xk9rp86k,None,6
o1yxvv6q,48g92r2x,j1lk3e6g,xd1mlq4d,None,41
o1yxvv6q,48g92r2x,46wkzl6r,mkejprj2,None,5
o1yxvv6q,48g92r2x,m1ml7p62,wdmqx1o2,None,41
o1yxvv6q,48g92r2x,m1ml7p62,vdomx312,None,9
o1yxvv6q,48g92r2x,o6gmex62,5dwyxvek,None,15
o1yxvv6q,48g92r2x,o1y7pv1q,xk9l596k,None,4
o1yxvv6q,48g92r2x,o1y7pv1q,5dwprrnk,None,2
o1yxvv6q,48g92r2x,o1y7pv1q,zdnxr0q2,None,4
o1yxvv6q,48g92r2x,o1y7pv1q,7dgg137d,None,4
o1yxvv6q,48g92r2x,o1y7pv1q,ndx8rr1k,None,4
o1yxvv6q,48g92r2x,o1y7pv1q,rklg44qd,None,3
o1yxvv6q,48g92r2x,o1y7pv1q,zd3y5ry2,None,2
o1yxvv6q,48g92r2x,o1y7pv1q,824pq8w2,None,2
o1yxvv6q,48g92r2x,o1y7pv1q,rklg44qd,None,3
o1yxvv6q,48g92r2x,o1y7pv1q,rklg44qd,None,3
o1yxvv6q,48g92r2x,o1y7pv1q,n2y7el12,None,4
o1yxvv6q,48g92r2x,o1y7pv1q,rklg44qd,None,3
o1yxvv6q,48g92r2x,o1y7pv1q,wdm4j43d,None,3
o1yxvv6q,48g92r2x,o1y7pv1q,vdo4pn12,None,2
o1yxvv6q,48g92r2x,o1y7pv1q,ndx8rl5k,None,3
o1yxvv6q,48g92r2x,o1y7pv1q,xd1mword,None,1
o1yxvv6q,48g92r2x,o1y7pv1q,mke5wwxk,None,3
o1yxvv6q,48g92r2x,o1y7pv1q,xd1mwo7d,None,2
o1yxvv6q,48g92r2x,o1y7pv1q,xd1mword,None,1
o1yxvv6q,48g92r2x,o1y7pv1q,7kj1z1xk,None,2
o1yxvv6q,48g92r2x,o1y7pv1q,824pq8w2,None,2
o1yxvv6q,48g92r2x,o1y7pv1q,zdnqo79d,None,1
o1yxvv6q,48g92r2x,o1y7pv1q,n2y1rrm2,None,5
o1yxvv6q,48g92r2x,o1y7pv1q,n2y1rrm2,None,4
o1yxvv6q,48g92r2x,o1y7pv1q,jdre1vxk,None,3
o1yxvv6q,48g92r2x,o1y7pv1q,7dggllxd,None,2
o1yxvv6q,48g92r2x,o1y7pv1q,zd3y5482,None,9
o1yxvv6q,48g92r2x,o1y7pv1q,vdomqmv2,None,4
o1yxvv6q,48g92r2x,o1y7pv1q,7dggllxd,None,2
o1yxvv6q,48g92r2x,o1y7pv1q,7dggllxd,None,2
o1yxvv6q,48g92r2x,o1y7pv1q,7dggllxd,None,2
o1yxvv6q,48g92r2x,o1y7pv1q,q2545jvd,None,2
o1yxvv6q,48g92r2x,o1y7pv1q,z2775vz2,None,7
o1yxvv6q,48g92r2x,o1y7pv1q,q2545jvd,None,3
o1yxvv6q,48g92r2x,o1y7pv1q,z2775vz2,None,2
o1yxvv6q,48g92r2x,o1y7pv1q,mke5wyxk,None,4
o1yxvv6q,48g92r2x,o1y7pv1q,mke53vnk,None,58
o1yxvv6q,48g92r2x,o1y7pv1q,q2545jvd,None,5
o1yxvv6q,48g92r2x,v1pknzd8,wdm4l8xd,None,15
o1yxvv6q,48g92r2x,lde3gox6,jdz714gk,None,4
o1yxvv6q,48g92r2x,lde3gox6,jdrej05k,None,3
o1yxvv6q,48g92r2x,pdv7z9dw,5dwjr90k,None,70
o1yxvv6q,48g92r2x,pdvlzo1w,wdmwg9e2,None,33
o1yxvv6q,48g92r2x,76r2nvd8,xk904wvk,None,165
o1yxvv6q,48g92r2x,9d3p906l,jdrp7g02,None,21
o1yxvv6q,48g92r2x,m1z9pxd0,w20ym1jk,None,2
o1yxvv6q,48g92r2x,k6qxp91g,wdm4xwxd,None,23
o1yxvv6q,48g92r2x,268eew96,q25q3my2,None,4
o1yxvv6q,48g92r2x,lde3wnx6,02qo147k,None,27
o1yxvv6q,48g92r2x,yd4xmg1e,wkpqlvjd,None,9
o1yxvv6q,48g92r2x,v1powk76,w20gylvk,None,7
o1yxvv6q,48g92r2x,2688m56p,02qgjepd,None,17
o1yxvv6q,48g92r2x,yd4omwp1,jdz8pn6d,None,12
o1yxvv6q,48g92r2x,9do3p3dp,jdrqpwxk,None,8
o1yxvv6q,48g92r2x,v1pne4d8,jdr776l2,None,12
o1yxvv6q,48g92r2x,o6gq0x12,xk9nxr62,None,16
o1yxvv6q,48g92r2x,46w3yl71,xd171e8d,None,15
o1yxvv6q,48g92r2x,m1zrx3d0,zdnr98n2,None,47
o1yxvv6q,48g92r2x,lde3k2x6,824ro3md,None,9
o1yxvv6q,48g92r2x,w6j5r21j,wk61m9rd,None,4
o1yxvv6q,48g92r2x,o1y9y826,02qpwy9d,None,21
o1yxvv6q,48g92r2x,268r951p,jdrxxegd,None,7
o1yxvv6q,48g92r2x,yd4omvw1,ndxmpy12,None,15
o1yxvv6q,48g92r2x,m1zj39m6,xd17ewwd,None,15
o1yxvv6q,48g92r2x,m1zj39m6,xd17ewwd,None,5
o1yxvv6q,48g92r2x,76rpzv18,xd131w7k,None,15
o1yxvv6q,48g92r2x,3690v86l,w20zj5jd,None,5
o1yxvv6q,48g92r2x,9d39y9dl,02qoorpk,None,13
o1yxvv6q,48g92r2x,pdvz5x96,xd1ll77k,None,10
o1yxvv6q,48g92r2x,j1nlwldp,vdoqnwvk,None,19
o1yxvv6q,48g92r2x,yd4p9gde,vdoq6j1k,None,16
o1yxvv6q,48g92r2x,2685n56p,9kv5o8dg,None,25
o1yxvv6q,48g92r2x,y65k0e6e,ndx8541k,None,13
o1yxvv6q,48g92r2x,k6qlmz1g,02qjw5pd,None,58
o1yxvv6q,48g92r2x,k6qlmz1g,5dw8wmed,None,21
o1yxvv6q,48g92r2x,w6jpr56j,9d8j8eqk,None,50
o1yxvv6q,48g92r2x,369qk2dl,02q8lz92,None,72
o1yxvv6q,48g92r2x,4d72rl67,z273ozod,None,34
o1yxvv6q,48g92r2x,v1povez6,7dg47mxd,None,8
o1yxvv6q,48g92r2x,k6qzlz6g,wkpq89jd,None,24
o1yxvv6q,48g92r2x,o6g989d2,9kvm7n8k,None,4
o1yxvv6q,48g92r2x,46w3j571,8241vq32,None,10
o1yxvv6q,48g92r2x,m1zjjom6,rklq3gw2,None,3
o1yxvv6q,48g92r2x,46w3j7n1,xk9gq6xd,None,6
o1yxvv6q,48g92r2x,lde5y5d3,wk617oqd,None,83
o1yxvv6q,48g92r2x,m1zpox60,q2587582,None,20
o1yxvv6q,48g92r2x,v1pop846,n2y34g1d,None,13
o1yxvv6q,48g92r2x,y654o37d,w2083g5d,None,100
o1yxvv6q,48g92r2x,lde33jj6,zdn4x8ek,None,6
o1yxvv6q,48g92r2x,268e8296,9kvy5wok,5925yq39,4
o1yxvv6q,48g92r2x,v1poq468,mkezzxk6,None,143
o1yxvv6q,48g92r2x,j1nee8e1,z276l10d,None,3
o1yxvv6q,48g92r2x,3dxz7p1y,mkex06d6,5d7pxedy,1
o1yxvv6q,48g92r2x,3dxz7p1y,mkex06d6,5wk0ex94,4
o1yxvv6q,48g92r2x,9d3qj01l,xd1m698d,None,51
o1yxvv6q,48g92r2x,pdvz4v6w,9kvmv3kg,None,289
o1yxvv6q,48g92r2x,pdvz4v6w,9d8x6v62,None,67
o1yxvv6q,48g92r2x,2687xkdp,7kjzry3d,None,50
o1yxvv6q,48g92r2x,k6q44wmd,xk9g8v4d,None,4
o1yxvv6q,48g92r2x,3dxz7p1y,mkex06d6,ewpno49n,1
o1yxvv6q,48g92r2x,o1y7kv1q,wkpmq70k,None,38
o1yxvv6q,48g92r2x,o1y7kv1q,9kvxw502,None,39
o1yxvv6q,48g92r2x,j1llwz1g,9d86ql2n,None,866
o1yxvv6q,48g92r2x,4d795gn1,rkll6l6k,None,77
o1yxvv6q,48g92r2x,3dxz7p1y,5dw1llkg,xd1pyydo,3
o1yxvv6q,48g92r2x,3dxz7p1y,5dw1llkg,kwj061dg,1
o1yxvv6q,48g92r2x,3dxz7p1y,mkex06d6,592mm7w6,1
o1yxvv6q,48g92r2x,3dxz7p1y,5dw1llkg,592mm7w6,1
o1yxvv6q,48g92r2x,4d7m9nd7,q254p4gd,None,21
o1yxvv6q,48g92r2x,j1nw7y1p,824pewg2,None,20
o1yxvv6q,48g92r2x,3dxz7p1y,mkex06d6,ywe00l9l,1
o1yxvv6q,48g92r2x,j1n59y1p,zd3lz7rd,None,7
o1yxvv6q,48g92r2x,9dow0lm1,zdnllxe2,None,34
o1yxvv6q,48g92r2x,46wkkl6r,n2y76082,None,2
o1yxvv6q,48g92r2x,lde3gox6,02qpyxyd,None,4
o1yxvv6q,48g92r2x,3dxz7p1y,5dw1llkg,nwl00owv,3
o1yxvv6q,48g92r2x,4d794qg1,5dw8eggd,None,8
o1yxvv6q,48g92r2x,4d794qg1,wkpvl3vk,None,46
o1yxvv6q,48g92r2x,4d794qg1,mkerp49d,None,4
o1yxvv6q,48g92r2x,j1ne8kx1,jdz8rjvd,None,39
o1yxvv6q,48g92r2x,yd4orkg1,jdrx6mgd,None,7
o1yxvv6q,48g92r2x,o6go0xd2,xk9g5myd,None,22
o1yxvv6q,48g92r2x,46w32971,xk9gwmyd,None,44
o1yxvv6q,48g92r2x,yd4orkg1,q25qw6y2,None,10
o1yxvv6q,48g92r2x,yd4orkg1,zdn4p9ek,None,13
o1yxvv6q,48g92r2x,9dow8le1,rklq08r2,None,25
o1yxvv6q,48g92r2x,268ew0o6,8246qomd,None,18
o1yxvv6q,48g92r2x,l3dxogdy,wk68zp21,None,443
o1yxvv6q,48g92r2x,yd4orkg1,xk9g174d,None,10
o1yxvv6q,48g92r2x,yd4orkg1,z276yj0d,None,8
o1yxvv6q,48g92r2x,kdkzmg2d,5dw5qzld,None,19
o1yxvv6q,48g92r2x,yd4orkg1,7kjp4wnk,None,7
o1yxvv6q,48g92r2x,46wkkl6r,9kvmwjok,r9g2r7qd,4
o1yxvv6q,48g92r2x,v1p75718,wdmw5842,None,58
o1yxvv6q,48g92r2x,nd2ey85d,jdz7n7gk,None,1
o1yxvv6q,48g92r2x,yd4orkg1,wk676yqd,None,16
o1yxvv6q,48g92r2x,46wkkl6r,jdzpjxgk,None,4
o1yxvv6q,48g92r2x,46wkkl6r,jdzpjxgk,None,5
o1yxvv6q,48g92r2x,yd4orqp1,zd38noek,None,5
o1yxvv6q,48g92r2x,yd4orqp1,zd38noek,None,5
o1yxvv6q,48g92r2x,yd4orqp1,zd38noek,None,7
o1yxvv6q,48g92r2x,yd4orqp1,zd38noek,None,6
o1yxvv6q,48g92r2x,yd4orqp1,zd38noek,None,7
o1yxvv6q,48g92r2x,m1mx0qj6,rklv44rd,None,2
o1yxvv6q,48g92r2x,46w0rn1r,rklelvq2,None,28
o1yxvv6q,48g92r2x,lde3grj6,q253rggk,None,7
o1yxvv6q,48g92r2x,pd0q5p01,5dw178lk,None,3
o1yxvv6q,48g92r2x,yd4orqp1,zd38noek,None,5
o1yxvv6q,48g92r2x,y655r7e6,n2yv1re2,None,5
o1yxvv6q,48g92r2x,76r39oq6,02q4plpd,None,4
o1yxvv6q,48g92r2x,4d793yn1,rklv5xwd,None,3
o1yxvv6q,48g92r2x,4d729g67,wdm8e5e2,None,9
o1yxvv6q,48g92r2x,4d729g67,zd37gve2,None,20
o1yxvv6q,48g92r2x,4d729g67,xk9jlpyd,None,16
o1yxvv6q,48g92r2x,4d799m31,w20wxzzd,None,6
o1yxvv6q,48g92r2x,k6q44lod,vdoox81d,None,4
o1yxvv6q,48g92r2x,m1zj24m6,5dw586ld,None,9
o1yxvv6q,48g92r2x,9d3mqy6l,ndx394vd,None,27
o1yxvv6q,48g92r2x,y654ko8d,02qpn37d,None,10
o1yxvv6q,48g92r2x,268ekeo6,xd1l56zk,None,6
o1yxvv6q,48g92r2x,k6qxr01g,w2013zzk,None,1
o1yxvv6q,48g92r2x,ldelvl63,824rrjgd,None,24
o1yxvv6q,48g92r2x,ldelvl63,xd17744d,None,43
o1yxvv6q,48g92r2x,ldelvl63,9d8gge3k,None,17
o1yxvv6q,48g92r2x,46wkkl6r,q25qmyj2,None,2
o1yxvv6q,48g92r2x,ldelvl63,xd17744d,None,7
o1yxvv6q,48g92r2x,ldelvl63,xd17744d,None,2
o1yxvv6q,48g92r2x,ldelvl63,xd17744d,None,1
o1yxvv6q,48g92r2x,ldeg4x13,z2765xgd,None,54
o1yxvv6q,48g92r2x,nd22xvd0,w20pq58k,None,1302
o1yxvv6q,48g92r2x,ldelvl63,wkpvmj0k,None,6
o1yxvv6q,48g92r2x,ldelvl63,wkpvmj0k,None,5
o1yxvv6q,48g92r2x,yd4orkg1,5dw5vzed,None,19
o1yxvv6q,48g92r2x,ldelvl63,9d8gge3k,None,79
o1yxvv6q,48g92r2x,ldelvl63,xd17744d,None,8
o1yxvv6q,48g92r2x,ldelvl63,xd17744d,None,1
o1yxvv6q,48g92r2x,pd0w5821,ndx1jro2,None,14
o1yxvv6q,48g92r2x,lde39q56,w20wxn8d,None,136
o1yxvv6q,48g92r2x,k6q4wmxd,rklq5jw2,None,50
o1yxvv6q,48g92r2x,yd4orkg1,mkez8m8k,None,15
o1yxvv6q,48g92r2x,o6gyq862,9kvp3zok,None,4
o1yxvv6q,48g92r2x,268rr91p,5dwywwnk,None,14
o1yxvv6q,48g92r2x,268rr91p,9d86gzl2,None,10
o1yxvv6q,48g92r2x,ldelvl63,824rrjgd,None,41
o1yxvv6q,48g92r2x,m1zovmd0,jdz5zzgd,None,107
o1yxvv6q,48g92r2x,ldelvl63,824rrjgd,None,39
o1yxvv6q,48g92r2x,ldelvl63,824rrjgd,None,73
o1yxvv6q,48g92r2x,ldelvl63,824rrjgd,None,21
o1yxvv6q,48g92r2x,ldelvl63,824rrjgd,None,117
o1yxvv6q,48g92r2x,ldelvl63,824rrjgd,None,38
o1yxvv6q,48g92r2x,ldelvl63,824rrjgd,None,34
o1yxvv6q,48g92r2x,ldelvl63,824rrjgd,None,83
o1yxvv6q,48g92r2x,ldelvl63,824rrjgd,None,94
o1yxvv6q,48g92r2x,ldelvl63,824rrjgd,None,58
o1yxvv6q,48g92r2x,ldelvl63,824rrjgd,None,45
o1yxvv6q,48g92r2x,ldelvl63,824rrjgd,None,33
o1yxvv6q,48g92r2x,ldelvl63,824rrjgd,None,75
o1yxvv6q,48g92r2x,ldelvl63,824rrjgd,None,94
o1yxvv6q,48g92r2x,ldelvl63,824rrjgd,None,45
o1yxvv6q,48g92r2x,ldelvl63,824rrjgd,None,32
o1yxvv6q,48g92r2x,ldelvl63,824rrjgd,None,71
o1yxvv6q,48g92r2x,ldelvl63,824rrjgd,None,48
o1yxvv6q,48g92r2x,ldelvl63,824rrjgd,None,100
o1yxvv6q,48g92r2x,ldelvl63,824rrjgd,None,57
o1yxvv6q,48g92r2x,ldelvl63,824rrjgd,None,69
o1yxvv6q,48g92r2x,ldelvl63,824rrjgd,None,243
o1yxvv6q,48g92r2x,ldelvl63,824rrjgd,None,51
o1yxvv6q,48g92r2x,ldelvl63,824rrjgd,None,115
o1yxvv6q,48g92r2x,9dov7e6p,9kvmnjek,None,8
o1yxvv6q,48g92r2x,369rx26l,9d86qz72,None,8
o1yxvv6q,48g92r2x,j1lkjz6g,vdoon8od,None,94
o1yxvv6q,48g92r2x,46wkkl6r,w20w7l5d,None,1
o1yxvv6q,48g92r2x,m1mxngp6,mkezwp8k,None,31
o1yxvv6q,48g92r2x,kdkvl21m,7kj99423,None,179
o1yxvv6q,48g92r2x,yd4orkg1,vdoog7yd,None,23
o1yxvv6q,48g92r2x,yd4orkg1,7dgr3p7k,None,12
o1yxvv6q,48g92r2x,46wkkl6r,w20w7l5d,None,1
o1yxvv6q,48g92r2x,9d3mn96l,zd36z0rd,ywe55x7w,4
o1yxvv6q,48g92r2x,9d3mn96l,zd36z0rd,69z22eg9,6
o1yxvv6q,48g92r2x,9d3mn96l,xd1ezrw2,gdrxx6ld,11
o1yxvv6q,48g92r2x,3dxz7p1y,5dw1llkg,o9x6o79l,3
o1yxvv6q,48g92r2x,3dxz7p1y,mkex06d6,z98p41wl,1
o1yxvv6q,48g92r2x,3dxz7p1y,5dw1llkg,z98p41wl,1
o1yxvv6q,48g92r2x,9d3mn96l,zd36z0rd,ldygglrd,1
o1yxvv6q,48g92r2x,o1y7pv1q,mke53vnk,None,33
o1yxvv6q,48g92r2x,o1y7pv1q,mke53vnk,None,27
o1yxvv6q,48g92r2x,o1y7pv1q,mke53vnk,None,30
o1yxvv6q,48g92r2x,3dxz7p1y,5dw1llkg,69z764w1,1
o1yxvv6q,48g92r2x,j1n5ol1p,9kvmlxek,None,5
o1yxvv6q,48g92r2x,yd4xjx1e,7kj3e742,None,25
o1yxvv6q,48g92r2x,k6qeem6g,rkle11q2,None,17
o1yxvv6q,48g92r2x,m1mk0kd2,02q874y2,None,20
o1yxvv6q,48g92r2x,m1m8e4d2,xk9jrg6d,None,12
o1yxvv6q,48g92r2x,yd4orkg1,9kvm3eok,xd4235pw,8
o1yxvv6q,48g92r2x,yd4orkg1,vdooglvd,xd4235pw,6
o1yxvv6q,48g92r2x,j1llooj1,ndx15452,None,36
o1yxvv6q,48g92r2x,yd4orkg1,ndxml6r2,xd4235pw,7
o1yxvv6q,48g92r2x,76r88vd8,q258n5w2,None,5
o1yxvv6q,48g92r2x,268r8k1p,jdzpxv6k,None,45
o1yxvv6q,48g92r2x,3dx20o41,7kjq9wxd,None,33
o1yxvv6q,48g92r2x,k6qlmz1g,mke5mjnk,None,29
o1yxvv6q,48g92r2x,w6jl9g2d,7dgrlgpk,None,9
o1yxvv6q,48g92r2x,kdkzvqxd,02qlglpk,None,8
o1yxvv6q,48g92r2x,46wkkl6r,zd36pl8d,xd1764qd,3
o1yxvv6q,48g92r2x,46wkkl6r,9kvmwjok,xd1764qd,2
o1yxvv6q,48g92r2x,m1myo412,9kvj16ek,None,1
o1yxvv6q,48g92r2x,3dxz7p1y,5dw1llkg,y9m040w5,3
o1yxvv6q,48g92r2x,3dxz7p1y,5dw1llkg,ywe0349l,1
o1yxvv6q,48g92r2x,3dxz7p1y,5dw1llkg,495pz4wp,1
o1yxvv6q,48g92r2x,w6jmye6j,jdr1zgg2,None,19
o1yxvv6q,48g92r2x,3dxz7p1y,mkex06d6,495pz4wp,1
o1yxvv6q,48g92r2x,k6q4yv0d,vdomxo12,None,4
o1yxvv6q,48g92r2x,k6q4yv0d,wkpmm1gk,None,10
o1yxvv6q,48g92r2x,369r4g6l,q258eoj2,None,7
o1yxvv6q,48g92r2x,o1yxvv6q,xk9jn84d,None,50
o1yxvv6q,48g92r2x,yd4orkg1,xd1eon72,xd4235pw,11
o1yxvv6q,48g92r2x,yd4orkg1,vdoog7yd,None,13
o1yxvv6q,48g92r2x,w6jl9wed,xk9nyy42,None,37
o1yxvv6q,48g92r2x,kdkl4l6m,q2587982,None,48
o1yxvv6q,48g92r2x,9doq2e1p,zd3le8rd,None,22
o1yxvv6q,48g92r2x,w6jqm21j,9kvj8xek,None,6
o1yxvv6q,48g92r2x,w6jqm21j,ndxp38o2,None,14
o1yxvv6q,48g92r2x,w6jqm21j,zd3ljyed,None,13
o1yxvv6q,48g92r2x,w6jqm21j,xd13jmzk,None,9
o1yxvv6q,48g92r2x,9d3mn96l,zd36z0rd,gdrxx6ld,5
o1yxvv6q,48g92r2x,9d3mn96l,xd1ezrw2,nwloo4ew,6
o1yxvv6q,48g92r2x,9d3mn96l,xd1ezrw2,ywe55x7w,9
o1yxvv6q,48g92r2x,9d3mn96l,xd1ezrw2,69z22eg9,9
o1yxvv6q,48g92r2x,9d3mn96l,9d8jovqk,None,7
o1yxvv6q,48g92r2x,9d3mn96l,xd1ezrw2,ldygglrd,1
o1yxvv6q,48g92r2x,kdkzzxld,7dgrxy7k,None,2
o1yxvv6q,48g92r2x,yd4orkg1,ndxmlq52,None,2
o1yxvv6q,48g92r2x,kdkzzxld,z2768y5d,n934k4rd,3
o1yxvv6q,48g92r2x,yd4orkg1,ndxmlq52,None,2
o1yxvv6q,48g92r2x,4d7rml17,q2587nj2,None,29
o1yxvv6q,48g92r2x,4d7rml17,z273prgd,None,65
o1yxvv6q,48g92r2x,268ekeo6,zd38qpek,None,3
o1yxvv6q,48g92r2x,268jkydp,7kjrl6g2,None,29
o1yxvv6q,48g92r2x,46wkkl6r,9kvmwjok,owo0l3vw,3
o1yxvv6q,48g92r2x,j1n29w1p,zdnr7wx2,None,73
o1yxvv6q,48g92r2x,268ekeo6,xd1l56zk,None,6
o1yxvv6q,48g92r2x,nd2ey85d,zd38qwyk,None,4
o1yxvv6q,48g92r2x,76rxjrq6,z27oox4d,None,29
o1yxvv6q,48g92r2x,76rxjrq6,xk9nnmv2,None,23
o1yxvv6q,48g92r2x,9d3lrydl,ndxj7wr2,None,48
o1yxvv6q,48g92r2x,76rxjrq6,xd177rrd,None,24
o1yxvv6q,48g92r2x,y65ex46e,xk9l0zvk,None,159
o1yxvv6q,48g92r2x,3dxogvdy,zd3l0zed,None,20
o1yxvv6q,48g92r2x,369pgml1,xk9nwog2,None,94
o1yxvv6q,48g92r2x,268ekeo6,02qprq7d,None,2
o1yxvv6q,48g92r2x,46wkkl6r,zd36pl8d,r9g2r7qd,3
o1yxvv6q,48g92r2x,268ekeo6,w20vm65k,None,2
o1yxvv6q,48g92r2x,pd0ngw1e,vdo0l39d,None,32
o1yxvv6q,48g92r2x,pd0ngw1e,5dw9y52g,None,95
o1yxvv6q,48g92r2x,pd0ngw1e,mkevjj26,None,63
o1yxvv6q,48g92r2x,lde7wx13,wdm4n14d,None,37
o1yxvv6q,48g92r2x,76rxjrq6,rkljjxqd,None,26
o1yxvv6q,48g92r2x,76rxjrq6,9kvyypjk,None,9
o1yxvv6q,48g92r2x,yd4orkg1,ndxmlq52,None,2
o1yxvv6q,48g92r2x,yd4orkg1,ndxmlq52,None,2
o1yxvv6q,48g92r2x,yd4orkg1,ndxmlq52,None,3
o1yxvv6q,48g92r2x,j1l0gj1g,7dg59jg2,None,130
o1yxvv6q,48g92r2x,ldeq9nd3,ndx3gw5d,None,61
o1yxvv6q,48g92r2x,m1z8yz10,zd3lmprd,None,34
o1yxvv6q,48g92r2x,kdkzzxld,z2768y5d,xd42p28w,4
o1yxvv6q,48g92r2x,kdkzzxld,z2768y5d,xd0qpqj9,3
o1yxvv6q,48g92r2x,kdkzzxld,z2768y5d,rw6o2o6w,3
o1yxvv6q,48g92r2x,kdkzzxld,z2768y5d,5wk606x9,3
o1yxvv6q,48g92r2x,kdkzzxld,z2768y5d,592qmq69,2
o1yxvv6q,48g92r2x,kdkzzxld,z2768y5d,29v7g7x9,2
o1yxvv6q,48g92r2x,kdkzzxld,z2768y5d,ewpxnx4d,2
o1yxvv6q,48g92r2x,k6q4wn0d,ndx74jj2,None,4
o1yxvv6q,48g92r2x,w6jl7o5d,9d86yjq2,None,108
o1yxvv6q,48g92r2x,kdkzzxld,z2768y5d,kwjz0z19,3
o1yxvv6q,48g92r2x,yd4orkg1,wkpoezg2,None,23
o1yxvv6q,48g92r2x,kdkzzxld,z2768y5d,y9mx0x0w,2
o1yxvv6q,48g92r2x,kdkzzxld,z2768y5d,xd12p2yw,3
o1yxvv6q,48g92r2x,kdkzzxld,z2768y5d,owo6863w,2
o1yxvv6q,48g92r2x,kdkzzxld,z2768y5d,5d74p4ed,5
o1yxvv6q,48g92r2x,yd4orkg1,n2y5xzzk,None,3
o1yxvv6q,48g92r2x,yd4orkg1,n2y5xzzk,None,4
o1yxvv6q,48g92r2x,k6q4wn0d,q25q5v82,None,9
o1yxvv6q,48g92r2x,k6q44xxd,zd36vynd,xd4jo40d,1
o1yxvv6q,48g92r2x,m1z8yz10,02q84zp2,None,71
o1yxvv6q,48g92r2x,m1mxj8p6,zd387nnk,None,2
o1yxvv6q,48g92r2x,m1mxj8p6,7kj1o8nk,None,2
o1yxvv6q,48g92r2x,yd487k6e,02qjevzd,None,14
o1yxvv6q,48g92r2x,j1ne9el1,7kjqrgzd,None,17
o1yxvv6q,48g92r2x,j1ne9el1,z27o7wod,None,9
o1yxvv6q,48g92r2x,m1mxj8p6,wdml8e4k,xd162m59,3
o1yxvv6q,48g92r2x,m1mxj8p6,wdml8e4k,ewpex3j9,2
o1yxvv6q,48g92r2x,m1mxj8p6,wdml8e4k,y9myx6x9,2
o1yxvv6q,48g92r2x,m1mxj8p6,wdml8e4k,5wk86xpw,2
o1yxvv6q,48g92r2x,m1mxj8p6,wdml8e4k,5923qk3d,2
o1yxvv6q,48g92r2x,m1mxj8p6,wdml8e4k,29vj76l9,2
o1yxvv6q,48g92r2x,m1mxj8p6,wdml8e4k,xd4n21rw,2
o1yxvv6q,48g92r2x,m1mxj8p6,wdml8e4k,xd0lq14d,2
o1yxvv6q,48g92r2x,m1mxj8p6,wdml8e4k,rw6ro1gw,2
o1yxvv6q,48g92r2x,m1mxj8p6,wdml8e4k,z98e73p9,2
o1yxvv6q,48g92r2x,m1mxj8p6,wdml8e4k,rdnrz77w,2
o1yxvv6q,48g92r2x,m1mxj8p6,wdml8e4k,ldyjgxrd,2
o1yxvv6q,48g92r2x,m1mxj8p6,wdml8e4k,n93841ew,2
o1yxvv6q,48g92r2x,m1mxj8p6,wdml8e4k,z98e73l9,2
o1yxvv6q,48g92r2x,m1mxj8p6,wdml8e4k,rdnrz7vw,2
o1yxvv6q,48g92r2x,m1mxj8p6,wdml8e4k,ldyjgxzd,2
o1yxvv6q,48g92r2x,m1mxj8p6,wdml8e4k,gdrgxnzw,2
o1yxvv6q,48g92r2x,m1mxj8p6,wdml8e4k,ywen5yrw,2
o1yxvv6q,48g92r2x,m1mxj8p6,wdml8e4k,69zx25od,2
o1yxvv6q,48g92r2x,m1mxj8p6,wdml8e4k,r9gr4mkw,2
o1yxvv6q,48g92r2x,46wkkl6r,9kvmwjok,o9xnkx6w,2
o1yxvv6q,48g92r2x,46wkkl6r,9kvmwjok,5d7vl25d,1
o1yxvv6q,48g92r2x,46wkkl6r,zd36pl8d,5d7vl25d,3
o1yxvv6q,48g92r2x,yd4orkg1,9kvm3e8k,xd4235pw,5
o1yxvv6q,48g92r2x,yd4orkg1,n2y5xzzk,None,5
o1yxvv6q,48g92r2x,46wkkl6r,zd36pl8d,4956ym2d,3
o1yxvv6q,48g92r2x,46wkkl6r,9kvmwjok,4956ym2d,4
o1yxvv6q,48g92r2x,46wkkl6r,zd36pl8d,ewpje8lw,3
o1yxvv6q,48g92r2x,46wkkl6r,9kvmwjok,ewpje8lw,3
o1yxvv6q,48g92r2x,268y47dp,wdmw0xo2,None,18
o1yxvv6q,48g92r2x,46wkkl6r,9kvmwjok,rdqjgnm9,1
o1yxvv6q,48g92r2x,46wkkl6r,zd36pl8d,rdqjgnm9,3
o1yxvv6q,48g92r2x,k6q4wn0d,zdn4ovqk,None,4
o1yxvv6q,48g92r2x,yd4glxde,mkejx5j2,None,28
o1yxvv6q,48g92r2x,46wkkl6r,wkpg0rjk,None,2
o1yxvv6q,48g92r2x,46wkkl6r,9kvmwjok,kwj53vr9,3
o1yxvv6q,48g92r2x,46wkkl6r,zd36pl8d,kwj53vr9,4
o1yxvv6q,48g92r2x,268y47dp,ndxmy9r2,None,3
o1yxvv6q,48g92r2x,268y47dp,w20w0g5d,None,2
o1yxvv6q,48g92r2x,yd4glxde,mkeogm9d,None,53
o1yxvv6q,48g92r2x,yd4glxde,7dg8wp42,None,39
o1yxvv6q,48g92r2x,lde57xd3,wdmwej42,None,11
o1yxvv6q,48g92r2x,3dxz7p1y,mkex06d6,ywe0349l,3
o1yxvv6q,48g92r2x,k6q44xxd,zd36vynd,xd0g5m0w,2
o1yxvv6q,48g92r2x,m1mxj8p6,wdml8e4k,kwj3zg7d,8
o1yxvv6q,48g92r2x,m1mxj8p6,wdml8e4k,owol6jkw,4
o1yxvv6q,48g92r2x,y65797de,wkpq48gd,None,183
o1yxvv6q,48g92r2x,m1mxj8p6,wdml8e4k,n93841zw,2
o1yxvv6q,48g92r2x,m1mxj8p6,wdml8e4k,nwlno5rd,2
o1yxvv6q,48g92r2x,268y47dp,w20w0g5d,None,3
o1yxvv6q,48g92r2x,268y47dp,w20w0g5d,None,3
o1yxvv6q,48g92r2x,268y47dp,w20w0g5d,None,1
o1yxvv6q,48g92r2x,268y47dp,ndxmy9r2,None,3
o1yxvv6q,48g92r2x,268y47dp,ndxmy9r2,None,3
o1yxvv6q,48g92r2x,268y47dp,ndxmy9r2,None,3
o1yxvv6q,48g92r2x,268y47dp,w20w0g5d,None,4
o1yxvv6q,48g92r2x,268y47dp,w20w0g5d,None,6
o1yxvv6q,48g92r2x,268y47dp,w20w0g5d,None,4
o1yxvv6q,48g92r2x,268y47dp,w20w0g5d,None,5
o1yxvv6q,48g92r2x,268y47dp,w20w0g5d,None,4
o1yxvv6q,48g92r2x,268y47dp,ndxmy9r2,None,3
o1yxvv6q,48g92r2x,268y47dp,ndxmy9r2,None,3
o1yxvv6q,48g92r2x,268y47dp,ndxmy9r2,None,3
o1yxvv6q,48g92r2x,268ewl76,wk6743rd,None,6
o1yxvv6q,48g92r2x,268ewl76,02qo7wjk,4955jk29,3
o1yxvv6q,48g92r2x,268ewl76,02qo7wjk,rdq70zm9,3
o1yxvv6q,48g92r2x,268ewl76,02qo7wjk,5d747y5d,3
o1yxvv6q,48g92r2x,268ewl76,02qo7wjk,kwjzy7r9,2
o1yxvv6q,48g92r2x,46wkkl6r,zd36pl8d,ywe1nqqd,3
o1yxvv6q,48g92r2x,268y47dp,ndxmy9r2,None,4
o1yxvv6q,48g92r2x,268y47dp,ndxmy9r2,None,3
o1yxvv6q,48g92r2x,46wkkl6r,zd36pl8d,owo0l3vw,3
o1yxvv6q,48g92r2x,k6q44xxd,zd36vynd,592z7xg9,2
o1yxvv6q,48g92r2x,k6q44xxd,zd36vynd,29v3r41w,1
o1yxvv6q,48g92r2x,k6q44xxd,zd36vynd,5wkj7y5d,3
o1yxvv6q,48g92r2x,268ewl76,wk6743rd,None,4
o1yxvv6q,48g92r2x,k6q44xxd,zd36vynd,xd17qgqd,2
o1yxvv6q,48g92r2x,k6q44xxd,zd36vynd,y9mjoll9,1
o1yxvv6q,48g92r2x,k6q44xxd,zd36vynd,ewpj6glw,2
o1yxvv6q,48g92r2x,46wkkl6r,zd36pl8d,rdqjgnm9,2
o1yxvv6q,48g92r2x,46wkkl6r,zd36pl8d,r9g2r7qd,3
o1yxvv6q,48g92r2x,46wkkl6r,w20w7l5d,None,2
o1yxvv6q,48g92r2x,46wjv7dr,rkl0vmwk,None,28
o1yxvv6q,48g92r2x,46wjv7dr,rkl0vmwk,None,8
o1yxvv6q,48g92r2x,46wkkl6r,zd36pl8d,o9xnkx6w,3
o1yxvv6q,48g92r2x,46wkkl6r,zd36pl8d,o9xnkx6w,2
o1yxvv6q,48g92r2x,46wkkl6r,9kvmwjok,ywe1nqqd,2
o1yxvv6q,48g92r2x,46wkkl6r,zd36pl8d,ywe1nqqd,3
o1yxvv6q,48g92r2x,46wkkl6r,zd36pl8d,4956ym2d,2
o1yxvv6q,48g92r2x,268ewl76,wkpvm1gk,4955jk29,3
o1yxvv6q,48g92r2x,268ewl76,82469emd,rdq70zm9,3
o1yxvv6q,48g92r2x,268ewl76,wkpvm1gk,5d747y5d,3
o1yxvv6q,48g92r2x,268ewl76,wkpvm1gk,kwjzy7r9,3
o1yxvv6q,48g92r2x,268ewl76,wkpvm1gk,rdq70zm9,3
o1yxvv6q,48g92r2x,268ewl76,vdo3m8yd,4955jk29,3
o1yxvv6q,48g92r2x,268ewl76,wk6743rd,None,4
o1yxvv6q,48g92r2x,268ewl76,wk6743rd,None,4
o1yxvv6q,48g92r2x,268ewl76,vdo3m8yd,5d747y5d,3
o1yxvv6q,48g92r2x,268ewl76,vdo3m8yd,5d747y5d,3
o1yxvv6q,48g92r2x,268ewl76,vdo3m8yd,kwjzy7r9,3
o1yxvv6q,48g92r2x,3dxz7p1y,mkex06d6,r9g6n2w2,8
o1yxvv6q,48g92r2x,3dxz7p1y,mkex06d6,xd4ppqdm,1
o1yxvv6q,48g92r2x,268ewl76,vdo3m8yd,rdq70zm9,3
o1yxvv6q,48g92r2x,3dxz7p1y,5dw1llkg,n93klrw0,4
o1yxvv6q,48g92r2x,9d3rnedl,q251qjdo,ywen7ywl,14
o1yxvv6q,48g92r2x,9d3rnedl,zdny4nkq,ywen7ywl,14
o1yxvv6q,48g92r2x,9d3rnedl,jdrnxnk6,ywen7ywl,10
o1yxvv6q,48g92r2x,9d3rnedl,jdzn8rdv,ywen7ywl,10
o1yxvv6q,48g92r2x,3dxz7p1y,mkex06d6,xd4pg8dm,8
o1yxvv6q,48g92r2x,3dxz7p1y,mkex06d6,owo853d6,1
o1yxvv6q,48g92r2x,3dxz7p1y,mkex06d6,kwj061dg,1
o1yxvv6q,48g92r2x,3dxz7p1y,mkex06d6,y9m040w5,1
o1yxvv6q,48g92r2x,3dxz7p1y,5dw1llkg,r9g6n2w2,8
o1yxvv6q,48g92r2x,46wkkl6r,zd36pl8d,5d7vl25d,1
o1yxvv6q,48g92r2x,3dxz7p1y,mkex06d6,o9x6o79l,14
o1yxvv6q,48g92r2x,3dxz7p1y,7dgmopd4,None,26
o1yxvv6q,48g92r2x,3dxz7p1y,mkeo89jd,None,19
o1yxvv6q,48g92r2x,3dxz7p1y,mkex06d6,nwl00owv,4
o1yxvv6q,48g92r2x,3dxz7p1y,5dw1llkg,xd165y9o,4
o1yxvv6q,48g92r2x,268y47dp,w20w0g5d,None,3
o1yxvv6q,48g92r2x,k6q44xxd,zd36vynd,kwj5qnr9,5
o1yxvv6q,48g92r2x,268ewl76,9d86n862,4955jk29,3
o1yxvv6q,48g92r2x,268y47dp,ndxmy9r2,None,4
o1yxvv6q,48g92r2x,268ewl76,82469emd,4955jk29,3
o1yxvv6q,48g92r2x,268ewl76,82469emd,5d747y5d,3
o1yxvv6q,48g92r2x,3dxz7p1y,mkex06d6,xd165y9o,1
o1yxvv6q,48g92r2x,268ewl76,82469emd,kwjzy7r9,3
o1yxvv6q,48g92r2x,3dxz7p1y,mkex06d6,69z764w1,14
o1yxvv6q,48g92r2x,k6q44xxd,zd36vynd,owo0pzvw,4
o1yxvv6q,86v3km5j,369po01l,02qjgqyd,None,1
o1yxvv6q,86v3km5j,yd4og51e,wk6jqlqd,None,38
o1yxvv6q,86v3km5j,j1nej091,wkp3elw2,None,2
o1yxvv6q,86v3km5j,pd0qg21e,02q3myky,None,1
o1yxvv6q,86v3km5j,369po01l,n2yv572o,5925mg96,1
o1yxvv6q,86v3km5j,369po01l,n2yv572o,xd4x109m,1
o1yxvv6q,86v3km5j,369po01l,q25xge8k,None,2
o1yxvv6q,86v3km5j,pdvmyodw,xk9lxjvk,5d77316d,3
o1yxvv6q,86v3km5j,369po01l,wkpyjp0k,None,4
o1yxvv6q,86v3km5j,pd0qg21e,9kvq07ed,29v32vlw,1
o1yxvv6q,86v3km5j,m1zjlkm6,7dg49w4d,None,27
o1yxvv6q,86v3km5j,m1zko310,mkej5092,None,6
o1yxvv6q,86v3km5j,pd0qg21e,9kvq07ed,ewpjrvjw,1
o1yxvv6q,86v3km5j,pd0qg21e,9kvq07ed,xd17xo5d,2
o1yxvv6q,86v3km5j,pdvmyodw,xk9lxjvk,495j8p3w,2
o1yxvv6q,86v3km5j,pdvmyodw,xk9lxjvk,rdq01y2w,2
o1yxvv6q,86v3km5j,pdvmyodw,xk9lxjvk,o9x2l6pw,2
o1yxvv6q,86v3km5j,o1yxvv6q,xk9jn84d,None,134
o1yxvv6q,kj9347nj,o1yxvv6q,xk9jn84d,None,3
o1yxvv6q,kj9347nj,yo1yv1q5,4xk906k0,None,8
o1yxvv6q,kj9347nj,yo1yv1q5,wz27gz20,None,14
o1yxvv6q,kj9347nj,yo1yv1q5,wdm8v332,rw6v88p9,29
o1yxvv6q,kj9347nj,om1mx362,7kjvmgk3,None,305
o1yxvv6q,kj9347nj,o1y9wo6q,7kjpp4k3,None,249
o1yxvv6q,8143kkr8,v1pxmqm6,9kvqy5jd,None,8
o1yxvv6q,8143kkr8,o1yxvv6q,7kjzq1nd,None,11
o1yxvv6q,8143kkr8,o1yxvv6q,7kjzq1nd,None,5
o1yxvv6q,8143kkr8,29d30dlp,jzd3y2nq,None,34
o1yxvv6q,8143kkr8,29d30dlp,nxd1rk8q,None,46
o1yxvv6q,8143kkr8,n4d7r172,7wk6prd1,None,116
o1yxvv6q,8143kkr8,o1yxvv6q,7kjzq1nd,None,8
o1yxvv6q,8143kkr8,76r43l18,wkpo8v82,None,94
o1yxvv6q,8143kkr8,29d30dlp,z2771020,None,29
o1yxvv6q,86v69gqj,o1yxvv6q,9d8jx46k,None,50
o1yxvv6q,86v69gqj,pdvy2odw,rklq6v82,rw6oegnw,54
o1yxvv6q,86v69gqj,om1mx362,zd3qprkn,ywennlwl,163
o1yxvv6q,86v69gqj,k6q4ov9d,w20313o2,None,2
o1yxvv6q,86v69gqj,76rxjrq6,z27oox4d,None,5
o1yxvv6q,86v69gqj,9d3rvzwd,mke9evjd,None,27
o1yxvv6q,86v69gqj,m1mx2qj6,rklv848d,ywen7xlw,1
o1yxvv6q,86v69gqj,4d79xvg1,z27rjvzd,None,11
o1yxvv6q,86v69gqj,kdkpol1m,xd1l9ewk,None,22
o1yxvv6q,86v69gqj,m1mx0ox6,n2y7wn72,5d7lk0q9,48
o1yxvv6q,86v69gqj,m1mx0ox6,n2y7wn72,n938532w,248
o1yxvv6q,86v69gqj,268q8o6p,xd1gojrd,None,68
o1yxvv6q,86v69gqj,268q8o6p,xd1gojrd,None,389
o1yxvv6q,j4r973w8,o1yxvv6q,xk9jn84d,None,102
o1yxvv6q,xy54v1n8,w6j4426j,xd1mjjrd,29vkkexd,1
o1yxvv6q,xy54v1n8,w6j4426j,7kjonv32,None,3
o1yxvv6q,xy54v1n8,w6j4426j,xd1mjjrd,kwjyvyzw,3
o1yxvv6q,xy54v1n8,w6j4426j,zd3yjjy2,ewpp8pzw,1
o1yxvv6q,xy54v1n8,w6j4426j,zd3yjjy2,5d7727vd,1
o1yxvv6q,xy54v1n8,w6j4426j,zd3yjjy2,xd46k6p9,1
o1yxvv6q,xy54v1n8,w6j4426j,9d8j8w6k,None,1
o1yxvv6q,xy54v1n8,w6j4426j,w20z14od,None,1
o1yxvv6q,xy54v1n8,w6j4426j,w20z14od,None,3
o1yxvv6q,xy54v1n8,w6j4426j,zd3yjjy2,y9me2e1d,2
o1yxvv6q,xy54v1n8,w6j4426j,zd3yjjy2,5wk2q2qw,1
o1yxvv6q,xy54v1n8,w6j4426j,9d8j8w6k,None,1
o1yxvv6q,xy54v1n8,w6j4426j,wkp5yrvd,None,2
o1yxvv6q,xy54v1n8,w6j4426j,w20z14od,None,1
o1yxvv6q,xy54v1n8,w6j4426j,xk9pm0vd,None,1
o1yxvv6q,xy54v1n8,w6j4426j,zd3yjjy2,owok3kyd,1
o1yxvv6q,xy54v1n8,w6j4426j,zd3yjjy2,ldye3ezw,2
o1yxvv6q,xy54v1n8,w6j4426j,7dg0ozlk,ldye3ezw,1
o1yxvv6q,xy54v1n8,w6j4426j,7kj8xogd,None,2
o1yxvv6q,xy54v1n8,w6j4426j,9d8j8w6k,None,1
o1yxvv6q,xy54v1n8,w6j4426j,zd3yjjy2,xd077rjw,1
o1yxvv6q,xy54v1n8,w6j4426j,xk9pm0vd,None,1
o1yxvv6q,xy54v1n8,w6j4426j,w20z14od,None,1
o1yxvv6q,xy54v1n8,w6j4426j,zd3yjjy2,xd00401d,1
o1yxvv6q,xy54v1n8,w6j4426j,zd3yjjy2,kwjyvyzw,1
o1yxvv6q,xy54v1n8,w6j4426j,7dg0ozlk,kwjyvyzw,1
o1yxvv6q,xy54v1n8,w6j4426j,zd3yjjy2,rdn5q5vd,2
o1yxvv6q,xy54v1n8,w6j4426j,zd3yjjy2,xd104069,1
o1yxvv6q,xy54v1n8,w6j4426j,zd3yjjy2,592oog6d,2
o1yxvv6q,xy54v1n8,nd2e5xvd,9kv7y68k,29vj3rx9,1
o1yxvv6q,xy54v1n8,w6j4426j,zd3yjjy2,gdrjyjzw,2
o1yxvv6q,xy54v1n8,o6g77862,mkeo5jxd,y9ml2xw5,3
o1yxvv6q,xy54v1n8,o6g77862,mkeo5jxd,4957l3wp,3
o1yxvv6q,xy54v1n8,w6j4426j,xd1mjjrd,29vyzyn9,3
o1yxvv6q,xy54v1n8,w6j4426j,zd3yjjy2,29vyzyn9,1
o1yxvv6q,xy54v1n8,w6j4426j,zd3yjjy2,29vkkexd,1
o1yxvv6q,xy54v1n8,o6g77862,mkeo5jxd,xd1g45do,3
o1yxvv6q,xy54v1n8,o6g77862,n2yq1jmk,4957l3wp,1
o1yxvv6q,xy54v1n8,w6j4426j,7kj8xogd,None,1
o1yxvv6q,xy54v1n8,w6j4426j,wkp5yrvd,None,1
o1yxvv6q,xy54v1n8,w6j4426j,9kvj3gjk,None,3
o1yxvv6q,xy54v1n8,w6j4426j,wk6e90e2,None,3
o1yxvv6q,xy54v1n8,w6j4426j,zd3yjjy2,rw6vmv79,1
o1yxvv6q,xy54v1n8,w6j4426j,xd1mjjrd,rw6nnp6d,3
o1yxvv6q,xy54v1n8,v1pzvzd8,5dwyo8lk,None,1
o1yxvv6q,xy54v1n8,o6g77862,jdr350d6,None,4
o1yxvv6q,xy54v1n8,w6j4426j,xk9pm0vd,None,3
o1yxvv6q,xy54v1n8,w6j4426j,zd3yjjy2,592j4jrw,2
o1yxvv6q,xy54v1n8,w6j4426j,zd3yjjy2,z98jmjlw,2
o1yxvv6q,xy54v1n8,w6j4426j,zd3yjjy2,nwl626rw,2
o1yxvv6q,xy54v1n8,w6j4426j,7dg0ozlk,nwl626rw,2
o1yxvv6q,xy54v1n8,o6g77862,mkeo5jxd,o9xp3pdl,2
o1yxvv6q,xy54v1n8,nd2e5xvd,7kj1p9zk,None,2
o1yxvv6q,xy54v1n8,o6g77862,n2yq1jmk,rdqx52wx,1
o1yxvv6q,xy54v1n8,nd2e5xvd,9kv7y68k,5923z76d,1
o1yxvv6q,xy54v1n8,nd2e5xvd,9kv7y68k,69zx3g4d,1
o1yxvv6q,xy54v1n8,nd2e5xvd,02qp56yd,None,1
o1yxvv6q,xy54v1n8,o6g77862,mkeo5jxd,rdneq7dm,4
o1yxvv6q,xy54v1n8,o6g77862,n2yq1jmk,o9xp3pdl,1
o1yxvv6q,xy54v1n8,o6g77862,n2yq1jmk,owoz3kd6,1
o1yxvv6q,xy54v1n8,w6j4426j,7kj8xogd,None,1
o1yxvv6q,xy54v1n8,nd2e5xvd,9kv7y68k,z98e6k19,2
o1yxvv6q,xy54v1n8,nd2e5xvd,9kv7y68k,5wk8j7xw,1
o1yxvv6q,xy54v1n8,nd2e5xvd,9kv7y68k,o9xkne7w,1
o1yxvv6q,xy54v1n8,nd2e5xvd,9kv7y68k,5d7lvme9,1
o1yxvv6q,xy54v1n8,nd2e5xvd,9kv7y68k,r9gr2g2w,1
o1yxvv6q,xy54v1n8,nd2e5xvd,9kv7y68k,xd167qy9,1
o1yxvv6q,xy54v1n8,nd2e5xvd,9kv7y68k,xd4njo8w,1
o1yxvv6q,xy54v1n8,nd2e5xvd,9kv7y68k,owol0p3w,1
o1yxvv6q,xy54v1n8,nd2e5xvd,9kv7y68k,xd0lg5jd,1
o1yxvv6q,xy54v1n8,nd2e5xvd,02qp56yd,None,1
o1yxvv6q,xy54v1n8,o6g77862,mkeo5jxd,ldym3rd3,5
o1yxvv6q,xy54v1n8,w6j4426j,zd3yjjy2,n930m0e9,2
o1yxvv6q,xy54v1n8,w6j4426j,wkp5yrvd,None,1
o1yxvv6q,xy54v1n8,nd2e5xvd,02qp56yd,None,1
o1yxvv6q,xy54v1n8,nd2e5xvd,02qp56yd,None,1
o1yxvv6q,xy54v1n8,nd2e5xvd,02qp56yd,None,1
o1yxvv6q,xy54v1n8,nd2e5xvd,9kv7y68k,495y614w,1
o1yxvv6q,xy54v1n8,o6g77862,mkeo5jxd,rdqx52wx,3
o1yxvv6q,xy54v1n8,nd2e5xvd,9kv7y68k,y9myjo09,2
o1yxvv6q,xy54v1n8,nd2e5xvd,9kv7y68k,rw6r466w,2
o1yxvv6q,xy54v1n8,nd2e5xvd,7kj1p9zk,None,1
o1yxvv6q,xy54v1n8,o6g77862,mkeo5jxd,29vozlwv,3
o1yxvv6q,xy54v1n8,w6j4426j,9d8j8w6k,None,1
o1yxvv6q,xy54v1n8,w6j4426j,7kj8xogd,None,1
o1yxvv6q,xy54v1n8,nd2e5xvd,7kj1p9zk,None,1
o1yxvv6q,xy54v1n8,o6g77862,mkeo5jxd,xd0z449q,4
o1yxvv6q,xy54v1n8,o6g77862,mkeo5jxd,ewpg8jwn,5
o1yxvv6q,xy54v1n8,nd2e5xvd,9kv7y68k,ewpej649,2
o1yxvv6q,xy54v1n8,o6g77862,mkeo5jxd,592x43d6,3
o1yxvv6q,xy54v1n8,o6g77862,mkeo5jxd,rw6jmg97,3
o1yxvv6q,xy54v1n8,nd2e5xvd,7kj1p9zk,None,1
o1yxvv6q,xy54v1n8,nd2e5xvd,7kj1p9zk,None,1
o1yxvv6q,xy54v1n8,nd2e5xvd,9kv7y68k,rdqgjkg9,1
o1yxvv6q,xy54v1n8,o6g77862,mkeo5jxd,5wkyqpd4,4
o1yxvv6q,xy54v1n8,o6g77862,mkeo5jxd,kwjnv79g,4
o1yxvv6q,xy54v1n8,nd2e5xvd,7kj1p9zk,None,1
o1yxvv6q,xy54v1n8,nd2e5xvd,7kj1p9zk,None,1
o1yxvv6q,xy54v1n8,o6g77862,mkeo5jxd,5d7o269y,4
o1yxvv6q,xy54v1n8,o6g77862,mkeo5jxd,z981mpwl,6
o1yxvv6q,xy54v1n8,o6g77862,mkeo5jxd,n936mz90,5
o1yxvv6q,xy54v1n8,o6g77862,n2yq1jmk,nwlr4rwv,3
o1yxvv6q,xy54v1n8,o6g77862,mkeo5jxd,owoz3kd6,3
o1yxvv6q,xy54v1n8,o6g77862,n2yq1jmk,ewpg8jwn,1
o1yxvv6q,xy54v1n8,w6j4426j,vdo54nok,None,2
o1yxvv6q,xy54v1n8,o6g77862,mkeo5jxd,nwlr4rwv,4
o1yxvv6q,xy54v1n8,o6g77862,mkeo5jxd,xd4qkrwm,4
o1yxvv6q,xy54v1n8,o6g77862,mkeo5jxd,xd1g45do,6
o1yxvv6q,xy54v1n8,nd2e5xvd,7kj1p9zk,None,2
o1yxvv6q,xy54v1n8,w6j4426j,9kvj3gjk,None,1
o1yxvv6q,xy54v1n8,w6j4426j,wk6e90e2,None,2
o1yxvv6q,xy54v1n8,w6j4426j,xd1mjjrd,5wk2q2qw,3
o1yxvv6q,xy54v1n8,w6j4426j,wdmz5yo2,None,6
o1yxvv6q,xy54v1n8,w6j4426j,xk9pm0vd,None,1
o1yxvv6q,xy54v1n8,w6j4426j,wkp5yrvd,None,1
o1yxvv6q,xy54v1n8,w6j4426j,wdmz5yo2,None,3
o1yxvv6q,xy54v1n8,w6j4426j,xd1mjjrd,n930m0e9,4
o1yxvv6q,xy54v1n8,w6j4426j,7kjonv32,None,1
o1yxvv6q,xy54v1n8,w6j4426j,vdo54nok,None,1
o1yxvv6q,xy54v1n8,w6j4426j,wdmz5yo2,None,3
o1yxvv6q,xy54v1n8,w6j4426j,xd1mjjrd,owok3kyd,4
o1yxvv6q,xy54v1n8,w6j4426j,xd1mjjrd,xd104069,3
o1yxvv6q,xy54v1n8,w6j4426j,xd1mjjrd,xd46k6p9,3
o1yxvv6q,xy54v1n8,w6j4426j,7kjonv32,None,2
o1yxvv6q,xy54v1n8,w6j4426j,7dg0ozlk,y9me2e1d,2
o1yxvv6q,xy54v1n8,w6j4426j,7dg0ozlk,5wk2q2qw,1
o1yxvv6q,xy54v1n8,w6j4426j,7dg0ozlk,rw6nnp6d,1
o1yxvv6q,xy54v1n8,w6j4426j,7dg0ozlk,z98jmjlw,1
o1yxvv6q,xy54v1n8,w6j4426j,7dg0ozlk,gdrjyjzw,1
o1yxvv6q,xy54v1n8,w6j4426j,7dg0ozlk,5d7727vd,2
o1yxvv6q,xy54v1n8,w6j4426j,7dg0ozlk,owok3kyd,1
o1yxvv6q,xy54v1n8,w6j4426j,zdnrp9e2,None,1
o1yxvv6q,xy54v1n8,w6j4426j,7dg0ozlk,xd433789,2
o1yxvv6q,xy54v1n8,w6j4426j,7dg0ozlk,ewpp8pzw,2
o1yxvv6q,xy54v1n8,w6j4426j,7dg0ozlk,592oog6d,2
o1yxvv6q,xy54v1n8,w6j4426j,7dg0ozlk,29vkkexd,1
o1yxvv6q,xy54v1n8,o1yxvv6q,xk9jn84d,None,161
o1yxvv6q,xy54v1n8,w6j4426j,wdmz5yo2,None,3
o1yxvv6q,xy54v1n8,w6j4426j,xd1mjjrd,rdn5q5vd,4
o1yxvv6q,xy54v1n8,w6j4426j,xd1mjjrd,ewpp8pzw,3
o1yxvv6q,xy54v1n8,w6j4426j,zd3yjjy2,xd433789,2
o1yxvv6q,xy54v1n8,w6j4426j,wkp04p82,kwjyvyzw,3
o1yxvv6q,xy54v1n8,w6j4426j,zd3yjjy2,rw6nnp6d,2
o1yxvv6q,xy54v1n8,w6j4426j,wk6e90e2,None,2
o1yxvv6q,xy54v1n8,w6j4426j,9kvj3gjk,None,1
o1yxvv6q,xy54v1n8,w6j4426j,z273yj0d,None,2
o1yxvv6q,xy54v1n8,w6j4426j,wkp04p82,xd433789,3
o1yxvv6q,xy54v1n8,w6j4426j,wkp04p82,xd077rjw,3
o1yxvv6q,xy54v1n8,w6j4426j,wkp04p82,y9me2e1d,2
o1yxvv6q,xy54v1n8,w6j4426j,wkp04p82,gdrjyjzw,3
o1yxvv6q,xy54v1n8,w6j4426j,wkp04p82,ldye3ezw,3
o1yxvv6q,xy54v1n8,w6j4426j,wkp04p82,592j4jrw,2
o1yxvv6q,xy54v1n8,w6j4426j,wkp04p82,29vyzyn9,2
o1yxvv6q,xy54v1n8,w6j4426j,wkp04p82,z98jmjlw,2
o1yxvv6q,xy54v1n8,w6j4426j,wkp04p82,29vkkexd,3
o1yxvv6q,xy54v1n8,w6j4426j,wkp04p82,rw6nnp6d,3
o1yxvv6q,xy54v1n8,w6j4426j,7dg0ozlk,29vyzyn9,2
o1yxvv6q,xy54v1n8,w6j4426j,vdo54nok,None,3
o1yxvv6q,xy54v1n8,w6j4426j,9kvj3gjk,None,1
o1yxvv6q,xy54v1n8,w6j4426j,xd1mjjrd,gdrjyjzw,4
o1yxvv6q,xy54v1n8,w6j4426j,wk6e90e2,None,3
o1yxvv6q,xy54v1n8,w6j4426j,vdo54nok,None,1
o1yxvv6q,xy54v1n8,w6j4426j,7dg0ozlk,592j4jrw,2
o1yxvv6q,xy54v1n8,w6j4426j,7dg0ozlk,xd46k6p9,1
o1yxvv6q,xy54v1n8,w6j4426j,wkp04p82,xd46k6p9,2
o1yxvv6q,xy54v1n8,w6j4426j,7dg0ozlk,xd00401d,2
o1yxvv6q,xy54v1n8,w6j4426j,7dg0ozlk,n930m0e9,1
o1yxvv6q,xy54v1n8,w6j4426j,7dg0ozlk,xd077rjw,2
o1yxvv6q,xy54v1n8,w6j4426j,wkp04p82,5d7727vd,2
o1yxvv6q,xy54v1n8,w6j4426j,wkp04p82,owok3kyd,2
o1yxvv6q,xy54v1n8,w6j4426j,wkp04p82,xd104069,2
o1yxvv6q,xy54v1n8,w6j4426j,wkp04p82,ewpp8pzw,2
o1yxvv6q,xy54v1n8,w6j4426j,wkp04p82,xd00401d,2
o1yxvv6q,xy54v1n8,w6j4426j,wkp04p82,5wk2q2qw,2
o1yxvv6q,xy54v1n8,w6j4426j,xd1mjjrd,y9me2e1d,3
o1yxvv6q,xy54v1n8,w6j7exe6,vdo598ok,5wkmr6qd,1
o1yxvv6q,xy54v1n8,w6j7exe6,vdo598ok,r9gm3xk9,1
o1yxvv6q,xy54v1n8,w6j7exe6,vdo598ok,ewp2qjj9,5
o1yxvv6q,xy54v1n8,w6j4426j,xd1mjjrd,592j4jrw,3
o1yxvv6q,xy54v1n8,w6j7exe6,vdo598ok,xd1z575w,3
o1yxvv6q,xy54v1n8,w6j4426j,xd1mjjrd,xd00401d,4
o1yxvv6q,xy54v1n8,w6j4426j,xd1mjjrd,rw6vmv79,4
o1yxvv6q,xy54v1n8,w6j4426j,7dg0ozlk,rdn5q5vd,1
o1yxvv6q,xy54v1n8,w6j4426j,xd1mjjrd,592oog6d,4
o1yxvv6q,xy54v1n8,w6j4426j,xd1mjjrd,xd433789,4
o1yxvv6q,xy54v1n8,w6j4426j,xd1mjjrd,xd077rjw,4
o1yxvv6q,xy54v1n8,w6j4426j,7dg0ozlk,rw6vmv79,1
o1yxvv6q,xy54v1n8,w6j4426j,7dg0ozlk,xd104069,1
o1yxvv6q,xy54v1n8,w6j4426j,wkp04p82,rw6vmv79,3
o1yxvv6q,xy54v1n8,w6j4426j,wkp04p82,rdn5q5vd,3
o1yxvv6q,xy54v1n8,w6j4426j,xd1mjjrd,ldye3ezw,2
o1yxvv6q,xy54v1n8,w6j4426j,wkp04p82,n930m0e9,3
o1yxvv6q,xy54v1n8,w6j4426j,xd1mjjrd,5d7727vd,4
o1yxvv6q,xy54v1n8,w6j4426j,z273yj0d,None,2
o1yxvv6q,xy54v1n8,w6j4426j,wkp04p82,592oog6d,2
o1yxvv6q,xy54v1n8,w6j4426j,xd1mjjrd,nwl626rw,4
o1yxvv6q,xy54v1n8,w6j4426j,xd1mjjrd,z98jmjlw,4
o1yxvv6q,xy54v1n8,w6j4426j,wkp04p82,nwl626rw,3
o1yxvv6q,j5vo3dw8,yo1yv1q5,xk9g1w6d,None,34
o1yxvv6q,j5vo3dw8,o1yxvv6q,xk9jn84d,None,68
o1yxvv6q,y8dd0458,76rxljl6,vdo3g36d,None,23
o1yxvv6q,y8dd0458,v1pejmd8,wkpqnggd,xd4r0029,41
o1yxvv6q,y8dd0458,v1pejmd8,wkpqnggd,rdqj12g9,115
o1yxvv6q,y8dd0458,v1pejmd8,wkpqnggd,5d74z4qd,73
o1yxvv6q,y8dd0458,v1pejmd8,wkp11wjk,xd4r0029,25
o1yxvv6q,y8dd0458,v1pejmd8,wkpqnggd,ldyy4rzd,274
o1yxvv6q,y8dd0458,v1pejmd8,wkp11wjk,592qn6o9,6
o1yxvv6q,y8dd0458,3dxqm51y,q25ojewk,None,11
o1yxvv6q,y8dd0458,v1pejmd8,wkp11wjk,ldyy4rzd,39
o1yxvv6q,y8dd0458,v1pejmd8,wkpqnggd,592qn6o9,41
o1yxvv6q,y8dd0458,om1mx362,zd3qprkn,gdrg1ewz,4
o1yxvv6q,y8dd0458,29d30dlp,nxd1rk8q,None,275
o1yxvv6q,y8dd0458,3dxe951y,9kvq8ood,None,83
o1yxvv6q,y8dd0458,29d30dlp,zd30m4yd,ewpp6n4w,5
o1yxvv6q,y8dd0458,29d30dlp,zd30m4yd,o9x2e67w,11
o1yxvv6q,y8dd0458,29d30dlp,zd30m4yd,y9meo00d,4
o1yxvv6q,y8dd0458,om1mx362,zd3qprkn,r9grrjw2,26
o1yxvv6q,y8dd0458,om1mx362,zd3qprkn,xd4nnqwm,14
o1yxvv6q,y8dd0458,om1mx362,7kjvmgk3,None,382
o1yxvv6q,y8dd0458,om1mx362,zd3qprkn,592337d6,7
o1yxvv6q,y8dd0458,76rxljl6,vdo3g36d,None,4
o1yxvv6q,y8dd0458,yo1yv1q5,wdm8v332,n930v529,6
o1yxvv6q,y8dd0458,om1mx362,zd3qprkn,rw6rrpw7,12
o1yxvv6q,y8dd0458,om1mx362,zd3qprkn,29vj5q9v,9
o1yxvv6q,y8dd0458,yo1yv1q5,wdm8v332,xd467609,8
o1yxvv6q,y8dd0458,yo1yv1q5,wdm8v332,495jok2w,36
o1yxvv6q,y8dd0458,o1yxvv6q,n2yj37z2,None,15
o1yxvv6q,y8dd0458,om1mx362,zd3qprkn,ywennlwl,87
o1yxvv6q,y8dd0458,29d30dlp,zd30m4yd,xd005pjd,11
o1yxvv6q,y8dd0458,om1mx362,zd3qprkn,ywenmlwl,30
o1yxvv6q,7j49ydm8,o1yxvv6q,xk9jn84d,None,213
o1yxvv6q,7j49ydm8,l3dx51yv,rklxwwkn,None,238
o1yxvv6q,7j49ydm8,pd0wq31e,n2y1y72o,None,1103
o1yxvv6q,7j49ydm8,o1y9wo6q,n2y55mko,None,1664
o1yxvv6q,7j49ydm8,46w9r91r,02qe7y2y,None,4
o1yxvv6q,7j49ydm8,46w9r91r,rkl0mqkn,None,4
o1yxvv6q,7j49ydm8,46w9r91r,9d8587dn,None,4
o1yxvv6q,7j49ydm8,46w9r91r,7dg9vrgk,None,4
o1yxvv6q,7j49ydm8,46w9r91r,zd354ykn,None,5
o1yxvv6q,7j49ydm8,46w9r91r,jdrw85k6,None,5
o1yxvv6q,7j49ydm8,46w9r91r,zd354ykn,None,9
o1yxvv6q,7j49ydm8,46w9r91r,jdrw85k6,None,10
o1yxvv6q,7j49ydm8,46w9r91r,9d8587dn,None,6
o1yxvv6q,7j49ydm8,46w9r91r,rkl0mqkn,None,7
o1yxvv6q,7j49ydm8,46w9r91r,02qe7y2y,None,8
o1yxvv6q,7j49ydm8,pdvzq96w,jdrx75d6,None,109
o1yxvv6q,7j49ydm8,pdvzq96w,jdrx75d6,None,18
o1yxvv6q,0jmopoy8,o6gn38o1,zdnzynqd,None,1
o1yxvv6q,0jmopoy8,kdknvedm,9kvjonok,None,1
o1yxvv6q,0jmopoy8,w6jl2z4d,z274yw02,None,1
o1yxvv6q,0jmopoy8,o1yj0pr1,n2yv8112,None,4
o1yxvv6q,0jmopoy8,o1yj0pr1,zdnzeqxd,None,1
o1yxvv6q,0jmopoy8,w6j7exe6,vdo5906k,None,1
o1yxvv6q,0jmopoy8,4d7ywld7,vdoo1pvd,None,1
o1yxvv6q,0jmopoy8,k6qw8306,7kj9j4n2,None,1
o1yxvv6q,0jmopoy8,k6qw8306,n2ynpxzk,None,1
o1yxvv6q,0jmopoy8,v1pxv3p6,xk9xqvxk,None,3
o1yxvv6q,0jmopoy8,9do88le1,wk60q8rk,None,1
o1yxvv6q,0jmopoy8,pdv2vrv6,vdoyj1o2,None,1
o1yxvv6q,0jmopoy8,k6q45mzd,vdo1z1y2,None,1
o1yxvv6q,0jmopoy8,76rlz568,w20p018k,5wk7npd4,2
o1yxvv6q,0jmopoy8,o6glkzxd,9kvm3xek,None,1
o1yxvv6q,0jmopoy8,o6glkzxd,824jjlg2,None,1
o1yxvv6q,0jmopoy8,o6glkzxd,9kv66q82,None,1
o1yxvv6q,0jmopoy8,w6jl2z4d,z274yw02,None,1
o1yxvv6q,0jmopoy8,w6jl2z4d,z274yw02,None,1
o1yxvv6q,0jmopoy8,m1mnzexd,5dwxqrg2,ldyzolkw,1
o1yxvv6q,0jmopoy8,m1mnzexd,zdn7oe7k,ldyzolkw,1
o1yxvv6q,0jmopoy8,m1mnzexd,7kj7lmgk,ldyzolkw,1
o1yxvv6q,0jmopoy8,m1mnzexd,7kj7lmgk,xd0586x9,1
o1yxvv6q,0jmopoy8,m1mnzexd,z279585d,ldyzolkw,1
o1yxvv6q,0jmopoy8,m1mnzexd,n2ymr8e2,ldyzolkw,1
o1yxvv6q,0jmopoy8,m1mnzexd,wk64rzed,ldyzolkw,1
o1yxvv6q,0jmopoy8,76rlz568,7dg4jngd,None,1
o1yxvv6q,0jmopoy8,46w2er96,w20nyj8d,None,1
o1yxvv6q,0jmopoy8,w6jl2z4d,z274yw02,None,1
o1yxvv6q,0jmopoy8,w6jl2z4d,z274yw02,None,1
o1yxvv6q,0jmopoy8,76rlz568,mkeq69jk,None,1
o1yxvv6q,0jmopoy8,76rlz568,mkeq69jk,None,1
o1yxvv6q,0jmopoy8,4pdv0o1w,q254gyjd,None,1
o1yxvv6q,0jmopoy8,8nd2gv10,wkpmv3wk,xd0lgp4d,1
o1yxvv6q,0jmopoy8,w6jl2z4d,z274yw02,None,1
o1yxvv6q,0jmopoy8,w6jl2z4d,z274yw02,None,2
o1yxvv6q,0jmopoy8,w6jl2z4d,z274yw02,None,1
o1yxvv6q,0jmopoy8,w6jl2z4d,z274yw02,None,1
o1yxvv6q,0jmopoy8,4pdv0o1w,7wk60xk1,None,1
o1yxvv6q,0jmopoy8,w6jl2z4d,z274yw02,None,1
o1yxvv6q,0jmopoy8,3698ow2d,rklnj6q2,rw6x8gnw,1
o1yxvv6q,0jmopoy8,w6jl2z4d,z274yw02,None,1
o1yxvv6q,0jmopoy8,3698ow2d,rklnj6q2,n93ergrw,1
o1yxvv6q,0jmopoy8,3698ow2d,rklnj6q2,n93ergrw,1
o1yxvv6q,0jmopoy8,3698ow2d,rklnj6q2,n93ergrw,1
o1yxvv6q,0jmopoy8,4pdv0o1w,mkeqr46k,owol0jyw,2
o1yxvv6q,0jmopoy8,4pdv0o1w,mkeqr46k,29vj36n9,1
o1yxvv6q,0jmopoy8,8nd2gv10,wkpmv3wk,rdnr03vw,3
o1yxvv6q,0jmopoy8,46w2m36r,w20gq8kn,None,1
o1yxvv6q,0jmopoy8,3698ow2d,rklnj6q2,rw6x8gnw,1
o1yxvv6q,0jmopoy8,3698ow2d,rklnj6q2,rw6x8gnw,1
o1yxvv6q,0jmopoy8,w6jl2z4d,z274yw02,None,1
o1yxvv6q,0jmopoy8,w6jl2z4d,z274yw02,None,1
o1yxvv6q,0jmopoy8,3698ow2d,rklnj6q2,rw6x8gnw,1
o1yxvv6q,0jmopoy8,76rlz568,zd30plyd,None,1
o1yxvv6q,0jmopoy8,3698ow2d,rklnj6q2,rw6x8gnw,1
o1yxvv6q,0jmopoy8,76rlz568,ndxjyp52,owopek96,1
o1yxvv6q,0jmopoy8,76rlz568,mkeq69jk,None,1
o1yxvv6q,0jmopoy8,3698ow2d,rklnj6q2,z98qy579,1
o1yxvv6q,0jmopoy8,76rlz568,zd30plyd,None,3
o1yxvv6q,0jmopoy8,4pdv0o1w,mkeqr46k,69zx37od,1
o1yxvv6q,0jmopoy8,w6jl2z4d,z274yw02,None,1
o1yxvv6q,0jmopoy8,3698ow2d,rklnj6q2,z98qy579,1
o1yxvv6q,0jmopoy8,kdkzkeld,w2035lj2,None,1
o1yxvv6q,0jmopoy8,8nd2gv10,wkpmv3wk,5923zm3d,1
o1yxvv6q,0jmopoy8,3698ow2d,rklnj6q2,z98qy579,1
o1yxvv6q,0jmopoy8,76rlz568,zd30plyd,None,1
o1yxvv6q,0jmopoy8,4d78jr67,wk6j07ed,None,1
o1yxvv6q,0jmopoy8,76rlz568,w20p018k,y9morxw5,1
o1yxvv6q,0jmopoy8,76rlz568,7dg4jngd,None,1
o1yxvv6q,0jmopoy8,76rlz568,w20p018k,owopek96,2
o1yxvv6q,0jmopoy8,kdkm3p21,zd3v74n2,None,1
o1yxvv6q,0jmopoy8,k6q4l7md,9kv96xj2,5924vygw,1
o1yxvv6q,0jmopoy8,k6q4l7md,9kv96xj2,29vz1o1d,1
o1yxvv6q,0jmopoy8,k6q4l7md,9kv96xj2,xd4kvq0w,1
o1yxvv6q,0jmopoy8,k6q4l7md,9kv96xj2,rw6mkjn9,1
o1yxvv6q,0jmopoy8,k6q4l7md,9kv96xj2,n93m267d,1
o1yxvv6q,0jmopoy8,k6q4l7md,9kv96xj2,nwl2krpd,1
o1yxvv6q,0jmopoy8,k6q4l7md,9kv96xj2,yweqz6qw,1
o1yxvv6q,0jmopoy8,3698ow2d,rklnj6q2,ldy64ez9,1
o1yxvv6q,0jmopoy8,3698ow2d,rklnj6q2,ldy64ez9,1
o1yxvv6q,0jmopoy8,3698ow2d,rklnj6q2,ldy64ez9,1
o1yxvv6q,0jmopoy8,3698ow2d,rklnj6q2,ldy64ez9,1
o1yxvv6q,0jmopoy8,k6q4l7md,9kv96xj2,xd14vnqd,1
o1yxvv6q,0jmopoy8,3698ow2d,rklnj6q2,ldy64ez9,1
o1yxvv6q,0jmopoy8,k6q4l7md,9kv96xj2,ldy34mj9,1
o1yxvv6q,0jmopoy8,k6q4l7md,9kv96xj2,69z8mk69,1
o1yxvv6q,0jmopoy8,k6q4l7md,9kv96xj2,gdryk58w,1
o1yxvv6q,0jmopoy8,8nd2gv10,ndx5jmvk,None,2
o1yxvv6q,0jmopoy8,8nd2gv10,wz27wgk0,None,1
o1yxvv6q,0jmopoy8,76rlz568,w2011rzk,xd4oyr9m,3
o1yxvv6q,0jmopoy8,8nd2gv10,wz27wgk0,None,18
o1yxvv6q,0jmopoy8,8nd2gv10,wkpmv3wk,ywen10rw,1
o1yxvv6q,0jmopoy8,k6q4l7md,w2033lz2,None,1
o1yxvv6q,0jmopoy8,46w2m36r,w20gq8kn,None,2
o1yxvv6q,0jmopoy8,k6q4l7md,9kv96xj2,rdnqkend,1
o1yxvv6q,0jmopoy8,k6q4l7md,9kv96xj2,ewp8kll9,1
o1yxvv6q,0jmopoy8,k6q4l7md,9kv96xj2,y9m2knld,1
o1yxvv6q,0jmopoy8,k6q4l7md,9kv96xj2,5wkqg35w,1
o1yxvv6q,0jmopoy8,k6q4l7md,9kv96xj2,xd04vz0w,1
o1yxvv6q,0jmopoy8,k6q4l7md,9kv96xj2,z98m217w,1
o1yxvv6q,0jmopoy8,k6q4l7md,w2033lz2,None,1
o1yxvv6q,0jmopoy8,4d79o031,wdmxq93k,None,1
o1yxvv6q,0jmopoy8,268e5lo6,rkljy5wd,None,3
o1yxvv6q,0jmopoy8,76rlz568,w2011rzk,xd1q35wo,1
o1yxvv6q,0jmopoy8,kdkzkeld,ndx40go2,None,1
o1yxvv6q,0jmopoy8,kdkzkeld,ndx40go2,None,1
o1yxvv6q,0jmopoy8,76rlz568,w2011rzk,owopek96,3
o1yxvv6q,0jmopoy8,46wxnl1r,zdnqn47d,None,2
o1yxvv6q,0jmopoy8,w6j4y56j,xd1rjrzk,None,2
o1yxvv6q,0jmopoy8,9dowlek1,7dgnmqg2,None,2
o1yxvv6q,0jmopoy8,kdkzkeld,rklrzp6k,None,2
o1yxvv6q,0jmopoy8,kdkzkeld,rklrzp6k,None,2
o1yxvv6q,0jmopoy8,nd2ex93d,wk6nwje2,None,1
o1yxvv6q,0jmopoy8,kdkzkeld,rklrzp6k,None,5
o1yxvv6q,0jmopoy8,k6q4z2xd,zd373xe2,None,2
o1yxvv6q,0jmopoy8,4d79lz31,ndx953rd,None,1
o1yxvv6q,0jmopoy8,9dokjk1p,zd3jye2n,None,1
o1yxvv6q,0jmopoy8,9d3rv59d,jdre5jgk,None,1
o1yxvv6q,0jmopoy8,268pjodp,5dwjp6lk,None,9
o1yxvv6q,0jmopoy8,lde3ez56,02q3vyzk,None,1
o1yxvv6q,0jmopoy8,4d79lz31,9kvo67o2,None,3
o1yxvv6q,0jmopoy8,76rlz568,vdoml862,None,2
o1yxvv6q,0jmopoy8,pdvznrk6,wdm8g6e2,None,2
o1yxvv6q,0jmopoy8,pdvznrk6,wdm8g6e2,None,4
o1yxvv6q,0jmopoy8,76rlz568,w2011rzk,ldyjqkjd,5
o1yxvv6q,0jmopoy8,76rlz568,vdoml862,None,1
o1yxvv6q,0jmopoy8,9dow2071,jdz7xmvk,None,1
o1yxvv6q,0jmopoy8,4pdv0o1w,q254gyjd,None,1
o1yxvv6q,0jmopoy8,76rlz568,vdoml862,None,3
o1yxvv6q,0jmopoy8,o1ywkvdq,wdmq9842,None,2
o1yxvv6q,0jmopoy8,o1yxvv6q,xk9jn84d,None,1
o1yxvv6q,0jmopoy8,3693x36l,zdnq1yqd,None,2
o1yxvv6q,0jmopoy8,76rlz568,w2011rzk,y9morxw5,2
o1yxvv6q,0jmopoy8,4d7ywld7,xk9j696d,None,1
o1yxvv6q,0jmopoy8,m1zjv260,5dwy30kg,None,1
o1yxvv6q,0jmopoy8,3dx4846y,02q3wvyk,None,1
o1yxvv6q,0jmopoy8,4d7ywld7,vdoo1pvd,None,1
o1yxvv6q,0jmopoy8,4d7ywld7,jdzp0exk,None,1
o1yxvv6q,0jmopoy8,76rlz568,7dg4jngd,None,1
o1yxvv6q,0jmopoy8,4pdv0o1w,7wk60xk1,None,5
o1yxvv6q,0jmopoy8,m1mxjp46,zdnx1m92,None,2
o1yxvv6q,0jmopoy8,m1mxjp46,jdre70nk,None,1
o1yxvv6q,0jmopoy8,m1mxjp46,jdz7vqgk,None,1
o1yxvv6q,0jmopoy8,o1yxvv6q,n2yj37z2,None,2
o1yxvv6q,0jmopoy8,46w2m36r,w20gq8kn,None,1
o1yxvv6q,0jmopoy8,46w2m36r,w20prejk,None,2
o1yxvv6q,0jmopoy8,46w2m36r,xk90ozxk,None,3
o1yxvv6q,0jmopoy8,46w3l231,wk6vpzrd,None,1
o1yxvv6q,0jmopoy8,m9do9edp,5dwjz5kg,None,5
o1yxvv6q,0jmopoy8,j1lk3e6g,xd1mlq4d,None,13
o1yxvv6q,0jmopoy8,m1zl82d0,7dg86172,None,2
o1yxvv6q,0jmopoy8,m1zl82d0,mkeo4w8d,None,2
o1yxvv6q,0jmopoy8,o6g7m962,9d8p7j7k,None,4
o1yxvv6q,0jmopoy8,o6glkzxd,zd37lme2,None,1
o1yxvv6q,0jmopoy8,76rlz568,w2011rzk,29vrllwv,3
o1yxvv6q,0jmopoy8,o6glkzxd,xd173xzd,None,1
o1yxvv6q,0jmopoy8,yo1yv1q5,5dwp84ek,None,8
o1yxvv6q,0jmopoy8,j1llwz1g,9d86ql2n,None,254
o1yxvv6q,0jmopoy8,9d38w01l,02ql3yky,None,34
o1yxvv6q,0jmopoy8,3693x36l,824prjm2,None,2
o1yxvv6q,0jmopoy8,kdke4edm,jdzywvkv,None,3
o1yxvv6q,0jmopoy8,k6q0gm1g,rklqvqq2,None,1
o1yxvv6q,0jmopoy8,k6q0gm1g,q25on88k,None,9
o1yxvv6q,0jmopoy8,j1lj5vdg,jdz3g9v2,None,36
o1yxvv6q,0jmopoy8,k6qqkx6g,rklgq3rd,None,10
o1yxvv6q,0jmopoy8,9donwm1p,wk6pe3qd,None,9
o1yxvv6q,0jmopoy8,4d795gn1,rkll6l6k,None,32
o1yxvv6q,0jmopoy8,y65gr3de,q2544vjd,None,1
o1yxvv6q,0jmopoy8,pdv8mk6w,zd309end,None,11
o1yxvv6q,0jmopoy8,xldennd3,l824v325,None,2
o1yxvv6q,0jmopoy8,268pjodp,9kvno0dg,None,3
o1yxvv6q,0jmopoy8,268pjodp,zd3qwnkn,None,5
o1yxvv6q,0jmopoy8,pdv5wo6w,824xgzgd,None,4
o1yxvv6q,0jmopoy8,9d38w01l,02ql3yky,None,33
o1yxvv6q,0jmopoy8,pdv5wo6w,jdz39xv2,None,7
o1yxvv6q,0jmopoy8,9d38w01l,7dg8yv72,y9m5280d,6
o1yxvv6q,0jmopoy8,9d38w01l,7dg8yv72,59203mgd,5
o1yxvv6q,0jmopoy8,9d38w01l,7dg8yv72,y9m5y0ld,14
o1yxvv6q,0jmopoy8,9d38w01l,7dg8yv72,owo7l8v9,5
o1yxvv6q,0jmopoy8,9d38w01l,7dg8yv72,kwj730rw,6
o1yxvv6q,0jmopoy8,9d38w01l,7dg8yv72,29vmj619,22
o1yxvv6q,0jmopoy8,9d38w01l,7dg8yv72,rdnor7qw,3
o1yxvv6q,0jmopoy8,9d38w01l,7dg8yv72,ewp7enlw,12
o1yxvv6q,0jmopoy8,9d38w01l,7dg8yv72,5wkk805w,8
o1yxvv6q,0jmopoy8,9d38w01l,7dg8yv72,z98re3gd,23
o1yxvv6q,0jmopoy8,pdv5wo6w,02qg36pd,None,8
o1yxvv6q,0jmopoy8,76rlz568,w20p018k,29vrllwv,2
o1yxvv6q,0jmopoy8,v1poq468,mkezzxk6,None,70
o1yxvv6q,0jmopoy8,2687zkdp,5dwypyek,None,2
o1yxvv6q,0jmopoy8,yd490w1e,wkpqyogd,None,1
o1yxvv6q,0jmopoy8,46wm9ndr,02q8jlj2,None,1
o1yxvv6q,0jmopoy8,2687zkdp,zdn0xj72,None,1
o1yxvv6q,0jmopoy8,j1lqme6g,xk9rogk0,None,4
o1yxvv6q,68wlvy3j,o1yxvv6q,n2yj37z2,None,29
o1yxvv6q,68wlvy3j,n4d7r172,7wk6prd1,None,180
o1yxvv6q,68wlvy3j,n4d7r172,xn2yqmko,None,46
o1yxvv6q,68wlvy3j,o1yxvv6q,n2yj37z2,None,6
o1yxvv6q,68wlvy3j,pdvz4v6w,9kvmv3kg,None,78
o1yxvv6q,68wlvy3j,pdvz4v6w,zd3q6xrk,xd0ez7j9,6
o1yxvv6q,68wlvy3j,j1llwz1g,9d86ql2n,None,652
o1yxvv6q,68wlvy3j,9d3qj01l,xd1m698d,None,49
o1yxvv6q,68wlvy3j,o1y7kv1q,wkpmq70k,None,43
o1yxvv6q,68wlvy3j,4d795gn1,02qvrlyd,None,10
o1yxvv6q,68wlvy3j,pdvz4v6w,zd3q6xrk,29v8ojqd,24
o1yxvv6q,68wlvy3j,nd2zzqd0,jdz33gx2,None,17
o1yxvv6q,68wlvy3j,yo1yv1q5,wdm8v332,o9x2516w,11
o1yxvv6q,68wlvy3j,yo1yv1q5,wdm8v332,owoko1jd,11
o1yxvv6q,68wlvy3j,yo1yv1q5,wdm8v332,y9meq5ld,23
o1yxvv6q,68wlvy3j,yo1yv1q5,wdm8v332,ewppm7lw,9
o1yxvv6q,68wlvy3j,yo1yv1q5,wdm8v332,ywe4rkld,20
o1yxvv6q,68wlvy3j,yo1yv1q5,wdm8v332,xd10evq9,6
o1yxvv6q,68wlvy3j,yo1yv1q5,wdm8v332,xd10kez9,31
o1yxvv6q,68wlvy3j,yo1yv1q5,wdm8v332,ewppmklw,8
o1yxvv6q,68wlvy3j,yo1yv1q5,wdm8v332,xd00rk0d,12
o1yxvv6q,68wlvy3j,yo1yv1q5,wdm8v332,ldyen7pw,8
o1yxvv6q,68wlvy3j,yo1yv1q5,wdm8v332,n9305q79,5
o1yxvv6q,68wlvy3j,yo1yv1q5,wdm8v332,o9x25m6w,9
o1yxvv6q,68wlvy3j,o1yxvv6q,xk9jn84d,None,172
o1yxvv6q,68wlvy3j,o1ynvrdq,5dwjn1nk,None,2
o1yxvv6q,68wlvy3j,o1ynvrdq,wk6p3wrd,None,2
o1yxvv6q,68wlvy3j,o1ynvrdq,7kjv9g4k,None,3
o1yxvv6q,68wlvy3j,o1ynvrdq,n2yqnvmk,None,4
o1yxvv6q,68wlvy3j,yo1yv1q5,wdm8v332,rdn5jk5d,7
o1yxvv6q,68wlvy3j,o1ynvrdq,mkeoyxxd,None,5
o1yxvv6q,68wlvy3j,3dxv5y6y,wk6p41pd,None,43
o1yxvv6q,18qgzr7x,j1l9nz1g,7dg714d4,None,52
o1yxvv6q,18qgzr7x,369prg1l,q25qw82o,None,3
o1yxvv6q,18qgzr7x,46wx531r,jdzvz6xk,None,1
o1yxvv6q,18qgzr7x,o1yxvv6q,xk9jn84d,None,190
o1yxvv6q,18qgzr7x,j1lmkjdg,xk9g1z4d,None,61
o1yxvv6q,18qgzr7x,9j1lov1g,gq25x8ko,None,7
o1yxvv6q,18qgzr7x,46wx531r,jdzvz6xk,None,1
o1yxvv6q,18qgzr7x,46wx531r,jdzvz6xk,None,1
o1yxvv6q,18qgzr7x,46wx531r,jdzvz6xk,None,2
o1yxvv6q,18qgzr7x,46wx531r,jdzvz6xk,None,2
o1yxvv6q,18qgzr7x,v1py0718,vdoqg9vk,None,17
o1yxvv6q,18qgzr7x,46wx531r,jdzvz6xk,None,2
o1yxvv6q,18qgzr7x,m9dok1pr,pmker8d6,None,148
o1yxvv6q,18qgzr7x,46wx531r,jdzvz6xk,None,2
o1yxvv6q,18qgzr7x,46wx531r,jdzvz6xk,None,2
o1yxvv6q,18qgzr7x,46wx531r,jdzvz6xk,None,2
o1yxvv6q,18qgzr7x,46wx531r,jdzvz6xk,None,2
o1yxvv6q,18qgzr7x,46wx531r,jdzvz6xk,None,3
o1yxvv6q,18qgzr7x,46wx531r,jdzvz6xk,None,3
o1yxvv6q,18qgzr7x,268e0o6p,xk9l39vk,None,74
o1yxvv6q,18qgzr7x,369prg1l,5dw5xxed,None,5
o1yxvv6q,18qgzr7x,369prg1l,z276ygd0,None,18
o1yxvv6q,18qgzr7x,369prg1l,jdrx6xd6,None,6
o1yxvv6q,18qgzr7x,y650r81e,zd35zykn,None,13
o1yxvv6q,18qgzr7x,ldev9x13,9d8jx9lk,None,2
o1yxvv6q,18qgzr7x,ldev9x13,824m14n2,None,6
o1yxvv6q,18qgzr7x,pdvj74dw,z27y3o20,None,3
o1yxvv6q,dx3q1lkj,yo1yv1q5,vdo46qy2,None,2
o1yxvv6q,dx3q1lkj,yo1yv1q5,4xk906k0,None,28
o1yxvv6q,dx3q1lkj,o1yxvv6q,xk9jn84d,None,31
o1yxvv6q,dx3q1lkj,yo1yv1q5,wdm8v332,rw6v88p9,4
o1yxvv6q,dx3q1lkj,o1yxvv6q,xk9jn84d,None,2
o1yxvv6q,dx3q1lkj,yo1yv1q5,wdm8v332,ewp72pjw,6
o1yxvv6q,dx3q1lkj,yo1yv1q5,wdm8v332,gdrj4j8w,3
o1yxvv6q,dx3q1lkj,yo1yv1q5,5dwp84ek,None,7
o1yxvv6q,dx3q1lkj,yo1yv1q5,wdm8v332,ywe4k2qd,6
o1yxvv6q,dx3q1lkj,yo1yv1q5,wdm8v332,nwl6qxow,6
o1yxvv6q,dx3q1lkj,yo1yv1q5,wdm8v332,495jok2w,7
o1yxvv6q,dx3q1lkj,yo1yv1q5,wdm8v332,n9305279,3
o1yxvv6q,dx3q1lkj,yo1yv1q5,wdm8v332,o9x2853w,4
o1yxvv6q,dx3q1lkj,yo1yv1q5,xk9l5yk0,None,24
o1yxvv6q,dx3q1lkj,yo1yv1q5,wdm8v332,owoko1jd,9
o1yxvv6q,dx3q1lkj,yo1yv1q5,wdm8v332,rdn02n5w,3
o1yxvv6q,dx3q1lkj,yo1yv1q5,wdm8v332,o9x25m6w,5
o1yxvv6q,dx3q1lkj,yo1yv1q5,wdm8v332,o9x2516w,4
o1yxvv6q,dx3q1lkj,yo1yv1q5,wdm8v332,n9305q79,3
o1yxvv6q,dx3q1lkj,yo1yv1q5,wdm8v332,xd00rk0d,9
o1yxvv6q,dx3q1lkj,yo1yv1q5,wdm8v332,y9meq5ld,16
o1yxvv6q,dx3q1lkj,yo1yv1q5,wdm8v332,xd10kez9,23
o1yxvv6q,dx3q1lkj,yo1yv1q5,wdm8v332,ywe4rkld,6
o1yxvv6q,zx7ql708,o1y9o0k6,wdm8gyx2,None,1
o1yxvv6q,zx7ql708,w6jez71j,7dgvoxd4,None,2
o1yxvv6q,zx7ql708,9d38xmg1,ndx060rd,None,2
o1yxvv6q,zx7ql708,268w4496,n2ymrqm2,None,1
o1yxvv6q,zx7ql708,3690g86l,7dggl5pd,None,3
o1yxvv6q,zx7ql708,k6qw8oz6,9kvne0ed,None,1
o1yxvv6q,zx7ql708,76r30456,w205xnjd,None,8
o1yxvv6q,zx7ql708,k6qw8oz6,9kvne0ed,None,1
o1yxvv6q,zx7ql708,k6qw8oz6,9kvne0ed,None,1
o1yxvv6q,zx7ql708,kdkrx26m,7dg9mg4k,None,1
o1yxvv6q,zx7ql708,kdkrx26m,7kjvpp4k,None,1
o1yxvv6q,zx7ql708,kdkrx26m,5dwy9ygk,None,1
o1yxvv6q,zx7ql708,k6qw8mo6,zd3qmlnk,None,1
o1yxvv6q,zx7ql708,y655lg06,xd1jy6wd,None,15
o1yxvv6q,zx7ql708,46w2y7n6,wk6w5po2,None,1
o1yxvv6q,zx7ql708,kdkmmqx1,zd3vrmv2,None,1
o1yxvv6q,zx7ql708,k6qpl0dg,w20x752n,None,4
o1yxvv6q,zx7ql708,lde30ex6,mkern4nd,None,1
o1yxvv6q,zx7ql708,lde30ex6,mkern4nd,None,1
o1yxvv6q,zx7ql708,76r34k46,02q4grzd,None,2
o1yxvv6q,zx7ql708,kdk0eg6m,q25jo8gd,None,5
o1yxvv6q,zx7ql708,lde30ex6,z27onogd,None,1
o1yxvv6q,zx7ql708,o1y94k26,5dw7renk,None,1
o1yxvv6q,zx7ql708,lde30ex6,z27onogd,None,2
o1yxvv6q,zx7ql708,o1y9vrr6,5dw91yn2,None,2
o1yxvv6q,zx7ql708,pd09qwde,q25ozryk,None,2
o1yxvv6q,zx7ql708,yd4onp1e,mkej3j26,None,1
o1yxvv6q,zx7ql708,kdkrx26m,7kjvpp4k,None,1
o1yxvv6q,zx7ql708,o1y9vrr6,jdrlzw0d,None,1
o1yxvv6q,zx7ql708,pd0wvw01,rklrr7wk,None,3
o1yxvv6q,zx7ql708,pd0wvw01,xk9vn04d,None,3
o1yxvv6q,zx7ql708,kdk0eg6m,9d8vxrwk,None,2
o1yxvv6q,zx7ql708,lde3oz56,ndx9lvrd,None,1
o1yxvv6q,zx7ql708,y65lk41e,vdoe91kp,None,1
o1yxvv6q,zx7ql708,kdkrx26m,5dwy9ygk,None,1
o1yxvv6q,zx7ql708,o1yxvv6q,xk9jn84d,None,182
o1yxvv6q,zx7ql708,lde3q9n6,q25mq8yd,None,2
o1yxvv6q,zx7ql708,o1yemkdq,rklez4n2,None,4
o1yxvv6q,zx7ql708,kdkz9kgd,wk6n9qr2,None,3
o1yxvv6q,zx7ql708,y65lk41e,zdnwywxd,None,2
o1yxvv6q,zx7ql708,kdk80qdm,5dw3ln2g,None,1
o1yxvv6q,zx7ql708,k6q40kmd,9d8xmz72,None,3
o1yxvv6q,zx7ql708,lde3oz56,ndx9lvrd,None,2
o1yxvv6q,zx7ql708,y65lk41e,ndx9ljod,None,1
o1yxvv6q,zx7ql708,yd4on0x1,w20gz5jk,None,14
o1yxvv6q,zx7ql708,4d79lkn1,9d844o3k,None,11
o1yxvv6q,zx7ql708,m1zj7oz6,jdz9v0r2,None,9
o1yxvv6q,zx7ql708,y65x231e,w201355k,None,5
o1yxvv6q,zx7ql708,k6q40qmd,zd38n5nk,None,4
o1yxvv6q,zx7ql708,3dxmm56y,jdrq5qgk,None,2
o1yxvv6q,zx7ql708,y654337d,zd38lovk,None,2
o1yxvv6q,zx7ql708,j1ne4g91,w20w4o8d,None,2
o1yxvv6q,zx7ql708,j1ne25x1,824146e2,None,1
o1yxvv6q,zx7ql708,y654337d,xd1l344k,None,1
o1yxvv6q,zx7ql708,o6gll8d2,z277zo20,None,11
o1yxvv6q,zx7ql708,29d30dlp,nxd1rk8q,None,218
o1yxvv6q,zx7ql708,w6jl387d,wk6vm7xd,None,7
o1yxvv6q,zx7ql708,pdvzr0k6,rkljm5qd,None,6
o1yxvv6q,zx7ql708,369rr36l,wkpq9ngd,None,2
o1yxvv6q,zx7ql708,kdk0eg6m,7kjvn5nk,None,4
o1yxvv6q,j2ye2m78,o1yxvv6q,n2yj37z2,None,16
o1yxvv6q,368w63jg,n4d7r172,q254wgdo,None,9
o1yxvv6q,368w63jg,n4d7r172,7wk6prd1,None,32
o1yxvv6q,368w63jg,n4d7r172,wkpjll0k,495jev2w,3
o1yxvv6q,368w63jg,n4d7r172,wkpjll0k,n93qljnw,3
o1yxvv6q,368w63jg,n4d7r172,wkpjll0k,rdn51y5d,5
o1yxvv6q,368w63jg,n4d7r172,wkpjll0k,o9x2ej3w,5
o1yxvv6q,368w63jg,n4d7r172,wkpjll0k,29vyrrq9,1
o1yxvv6q,368w63jg,n4d7r172,wkpjll0k,xd40eo29,4
o1yxvv6q,368w63jg,n4d7r172,wkpjll0k,xd0kn5x9,4
o1yxvv6q,368w63jg,n4d7r172,wkpjll0k,z98r5kgd,3
o1yxvv6q,368w63jg,n4d7r172,wkpjll0k,29vm0r39,5
o1yxvv6q,368w63jg,29d30dlp,nxd1rk8q,None,318
o1yxvv6q,368w63jg,o1yxvv6q,n2yj37z2,None,11
o1yxvv6q,zx7wzqv8,v1pokj46,n2ygyee2,None,20
o1yxvv6q,zx7wzqv8,ok6q4mdg,7kj15n4k,None,1
o1yxvv6q,zx7wzqv8,nd2e5xvd,02qp56yd,None,1
o1yxvv6q,zx7wzqv8,nd2e5xvd,02qp56yd,None,2
o1yxvv6q,zx7wzqv8,o6g77862,jdrpj352,None,4
o1yxvv6q,zx7wzqv8,n4d7r172,q254wgdo,None,22
o1yxvv6q,zx7wzqv8,29d30dlp,nxd1rk8q,None,72
o1yxvv6q,zx7wzqv8,o1yxvv6q,7kjzq1nd,None,31
o1yxvv6q,zx7wzqv8,29d30dlp,jzd3y2nq,None,84
o1yxvv6q,zx7wzqv8,268x051p,9d86mm62,None,4
o1yxvv6q,zx7wzqv8,268x051p,9d86mm62,None,5
o1yxvv6q,zx7wzqv8,268x051p,9d86mm62,None,4
o1yxvv6q,zx7wzqv8,m1zj7oz6,jdz9v0r2,None,11
o1yxvv6q,8r7nplwj,o1yxvv6q,xk9jn84d,None,6
o1yxvv6q,8l04ln78,ok6qvxdg,rklgz8dn,None,2
o1yxvv6q,8l04ln78,n4d7r172,7wk6prd1,None,26
o1yxvv6q,8l04ln78,o1yxvv6q,n2yj37z2,None,6
o1yxvv6q,8l04ln78,o1yxvv6q,7kjzq1nd,None,3
o1yxvv6q,8l04ln78,29d30dlp,l9kvjkgq,None,6
o1yxvv6q,8l04ln78,o1yxvv6q,7kjzq1nd,None,5
o1yxvv6q,8l04ln78,29d30dlp,nxd1rk8q,None,51
o1yxvv6q,8l04ln78,yo1yv1q5,vdo0nzod,None,8
o1yxvv6q,8l04ln78,yo1yv1q5,5dwp84ek,None,6
o1yxvv6q,8l04ln78,yo1yv1q5,xk9g1w6d,None,10
o1yxvv6q,8l04ln78,yo1yv1q5,4xk906k0,None,16
o1yxvv6q,8l04ln78,nj1nee1p,gq254vdo,None,37
o1yxvv6q,8l04ln78,o1yxvv6q,xk9jn84d,None,15
o1yxvv6q,8l04ln78,xlde3j63,4xk9l6k0,None,16
o1yxvv6q,8l04ln78,n268e96p,7wkp02rm,None,19
o1yxvv6q,8l04ln78,nj1nee1p,jdz8m6dv,None,16
o1yxvv6q,8l04ln78,o1yj0pr1,n2yv8112,None,7
o1yxvv6q,8l04ln78,y655lg06,xd1jy6wd,None,8
o1yxvv6q,8l04ln78,w6j7exe6,n2yv0q72,None,1
o1yxvv6q,8l04ln78,w6j7exe6,02q4nq9d,None,3
o1yxvv6q,8l04ln78,yo1yv1q5,xk9l5yk0,None,19
o1yxvv6q,8l04ln78,yo1yv1q5,vdo46qy2,None,3
o1yxvv6q,8l04ln78,yo1yv1q5,zdnq1pqd,None,4
o1yxvv6q,8l04ln78,yo1yv1q5,7kjr19x2,None,6
o1yxvv6q,48gg6n28,v1pxjz68,n2y3r8do,None,1341
o1yxvv6q,48gg6n28,4d77gld7,8246pggd,rdn0qn5w,3
o1yxvv6q,48gg6n28,o1yxvv6q,7kjzq1nd,None,41
o1yxvv6q,48gg6n28,nd22xvd0,w20pq58k,None,620
o1yxvv6q,48gg6n28,4pd04v6e,mkej9826,None,48
o1yxvv6q,48gg6n28,m1zj7k36,rkllx7qk,None,4
o1yxvv6q,48gg6n28,om1m3625,w20p0zkn,None,913
o1yxvv6q,48gg6n28,pdvzvqo6,xd1lxv8k,rdnrg1qw,2
o1yxvv6q,48gg6n28,o1y9wo6q,7dgrrxk4,None,531
o1yxvv6q,48gg6n28,y65x541e,rklel182,None,4
o1yxvv6q,48gg6n28,j1np0w6p,zd35lrkn,None,68
o1yxvv6q,48gg6n28,y65x541e,rklel182,None,14
o1yxvv6q,48gg6n28,y65x541e,9d8xwn62,None,4
o1yxvv6q,48gg6n28,y65x541e,9d8xwn62,None,1
o1yxvv6q,48gg6n28,m1ml7p62,wdmqx1o2,None,70
o1yxvv6q,48gg6n28,y65x541e,rklel182,None,5
o1yxvv6q,8v55qwej,o1yxvv6q,n2yj37z2,None,16
o1yxvv6q,8v55qwej,m9dowk1p,p7kjr423,None,38
o1yxvv6q,8e9o3rpj,3dxkyp41,vdo5439k,None,5
o1yxvv6q,8e9o3rpj,3dxkyp41,9kv8w4od,None,10
o1yxvv6q,8e9o3rpj,29d30dlp,zd30m4yd,xd005pjd,5
o1yxvv6q,8e9o3rpj,o1yxvv6q,7kjzq1nd,None,6
o1yxvv6q,8e9o3rpj,29d30dlp,rkle7mw2,None,27
o1yxvv6q,8e9o3rpj,29d30dlp,z2771020,None,53
o1yxvv6q,8e9o3rpj,29d30dlp,9zdne7dq,None,32
o1yxvv6q,8e9o3rpj,29d30dlp,zd30m4yd,rw6n44pd,4
o1yxvv6q,8e9o3rpj,o1yxvv6q,7kjzq1nd,None,30
o1yxvv6q,8e9o3rpj,o1yxvv6q,7kjzq1nd,None,4
o1yxvv6q,8e9o3rpj,29d30dlp,nxd1rk8q,None,169
o1yxvv6q,8e9o3rpj,29d30dlp,zd30m4yd,ewpp634w,3
o1yxvv6q,8e9o3rpj,29d30dlp,zd30m4yd,xd10qpy9,4
o1yxvv6q,8e9o3rpj,76rxovv6,zdnxo092,None,5
o1yxvv6q,8e9o3rpj,ldemjl13,n2yo398d,None,7
o1yxvv6q,8e9o3rpj,o1yxvv6q,xk9jn84d,None,26
o1yxvv6q,8e9o3rpj,o1yxvv6q,7kjzq1nd,None,24
o1yxvv6q,jpr0gr58,o1yxvv6q,xk9jn84d,None,72
o1yxvv6q,816ll3rx,3dx0l5dy,wkpwlvdr,None,104
o1yxvv6q,816ll3rx,m1mngwxd,7kjlyx32,None,3
o1yxvv6q,816ll3rx,m1mngwxd,wdmmpz4d,None,1
o1yxvv6q,816ll3rx,m1mngwxd,wdmmpz4d,None,1
o1yxvv6q,816ll3rx,m1mngwxd,wdmmpz4d,None,1
o1yxvv6q,816ll3rx,m1mngwxd,wdmmpz4d,None,1
o1yxvv6q,816ll3rx,m1mngwxd,wdmmpz4d,None,1
o1yxvv6q,816ll3rx,m1mngwxd,wdmmpz4d,None,1
o1yxvv6q,816ll3rx,m1mngwxd,wdmmpz4d,None,1
o1yxvv6q,816ll3rx,m1mngwxd,wdmmpz4d,None,1
o1yxvv6q,816ll3rx,m1mngwxd,wdmmpz4d,None,1
o1yxvv6q,816ll3rx,m1mngwxd,wdmmpz4d,None,1
o1yxvv6q,816ll3rx,m1mngwxd,w205n9jd,r9ggoe29,1
o1yxvv6q,816ll3rx,m1mngwxd,wdm7rped,r9ggoe29,1
o1yxvv6q,816ll3rx,m1mngwxd,wdmmpz4d,None,1
o1yxvv6q,816ll3rx,m1mngwxd,w205n9jd,rdqkv2gd,1
o1yxvv6q,816ll3rx,m1mngwxd,wdm7rped,rdqkv2gd,1
o1yxvv6q,816ll3rx,m1mngwxd,wdmmpz4d,None,1
o1yxvv6q,816ll3rx,m1mngwxd,02qex572,None,2
o1yxvv6q,816ll3rx,m1mngwxd,wdmmpz4d,None,1
o1yxvv6q,816ll3rx,m1mngwxd,02qex572,None,3
o1yxvv6q,816ll3rx,m1mngwxd,02qex572,None,4
o1yxvv6q,816ll3rx,m1mngwxd,02qex572,None,2
o1yxvv6q,816ll3rx,3dx2j9y1,wkpooxj2,None,26
o1yxvv6q,816ll3rx,3dx2j9y1,wdm9wl3k,None,6
o1yxvv6q,816ll3rx,qw6j21jm,02qm1mzd,None,5
o1yxvv6q,816ll3rx,v1pxmqm6,9kvqy5jd,None,12
o1yxvv6q,816ll3rx,m9dowk1p,p7kjr423,None,61
o1yxvv6q,816ll3rx,qw6j21jm,ndx8gnok,n93057n9,1
o1yxvv6q,816ll3rx,qw6j21jm,ndx8gnok,495jo60w,2
o1yxvv6q,816ll3rx,w6j7exe6,9d8yq7lk,None,4
o1yxvv6q,816ll3rx,ok6q4mdg,7kj15n4k,None,13
o1yxvv6q,816ll3rx,o1yxvv6q,xk98gj42,None,9
o1yxvv6q,816ll3rx,o1yxvv6q,wk61oord,None,9
o1yxvv6q,816ll3rx,o1yxvv6q,wk61oord,None,11
o1yxvv6q,816ll3rx,76rxo2v6,zdnx8672,None,10
o1yxvv6q,816ll3rx,qw6j21jm,5dwjw40k,o9x25n0w,2
o1yxvv6q,816ll3rx,y655lg06,wkpn8wwd,29vp1zq9,2
o1yxvv6q,816ll3rx,y655lg06,wkpn8wwd,rdqq6ood,2
o1yxvv6q,816ll3rx,y655lg06,zd3j9pe2,None,3
o1yxvv6q,816ll3rx,w6j7exe6,wkp541vd,rdnmpnv9,3
o1yxvv6q,816ll3rx,w6j7exe6,wkp541vd,495q84j9,2
o1yxvv6q,816ll3rx,w6j7exe6,wkp541vd,5d7j34vd,1
o1yxvv6q,816ll3rx,w6j7exe6,wkp541vd,495q8l49,1
o1yxvv6q,816ll3rx,y655lg06,xd1jy6zd,None,4
o1yxvv6q,816ll3rx,o1yxvv6q,n2yj37z2,None,8
o1yxvv6q,816ll3rx,o1yj0pr1,n2yv8112,None,2
o1yxvv6q,816ll3rx,o1yxvv6q,n2yj37z2,None,10
o1yxvv6q,816ll3rx,w6j7exe6,wkp541vd,69zl4n4d,1
o1yxvv6q,816ll3rx,76rxovv6,8241lx32,None,217
o1yxvv6q,816ll3rx,9do9jedp,wk6j8pod,495l4y0d,16
o1yxvv6q,816ll3rx,9do9jedp,wk6j8pod,rdq5lgkd,19
o1yxvv6q,816ll3rx,9do9jedp,wk6r7grk,None,3
o1yxvv6q,816ll3rx,9do9jedp,wk6j8pod,5d7z8lgw,7
o1yxvv6q,816ll3rx,9do9jedp,wk6j8pod,kwj1p3nw,11
o1yxvv6q,816ll3rx,9do9jedp,wk6j8pod,owoqylod,8
o1yxvv6q,816ll3rx,9do9jedp,wk6j8pod,ewp0rzkd,10
o1yxvv6q,816ll3rx,9do9jedp,wk6j8pod,5wk1pn2d,6
o1yxvv6q,816ll3rx,o1yj0pr1,jdzl1562,y9mmy7l9,1
o1yxvv6q,816ll3rx,o1yj0pr1,jdzl1562,ldyrj7j9,1
o1yxvv6q,816ll3rx,o1yj0pr1,jdzl1562,ldyrjmj9,3
o1yxvv6q,816ll3rx,o1yj0pr1,jdzl1562,59263ggd,2
o1yxvv6q,816ll3rx,o1yj0pr1,jdzl1562,z98oev7d,3
o1yxvv6q,816ll3rx,o1yj0pr1,jdzl1562,ewp2eml9,2
o1yxvv6q,816ll3rx,w6j7exe6,wkp541vd,kwjke119,1
o1yxvv6q,816ll3rx,w6j7exe6,wkp541vd,xd453ypw,1
o1yxvv6q,816ll3rx,w6j7exe6,wkp541vd,69zlgr4d,1
o1yxvv6q,816ll3rx,o1yj0pr1,jdzl1562,r9gmrvq9,3
o1yxvv6q,816ll3rx,o1yj0pr1,jdzl1562,o9xyk86d,2
o1yxvv6q,816ll3rx,o1yj0pr1,jdzl1562,69zlxk6d,1
o1yxvv6q,816ll3rx,w6j7exe6,wkp541vd,xd1z566w,1
o1yxvv6q,816ll3rx,w6j7exe6,wkp541vd,rdqm1z29,1
o1yxvv6q,816ll3rx,w6j7exe6,wkp541vd,n93xgne9,3
o1yxvv6q,816ll3rx,w6j7exe6,wkp541vd,gdr0q2zd,2
o1yxvv6q,816ll3rx,w6j7exe6,wkp541vd,xd1z505w,1
o1yxvv6q,816ll3rx,o1yxvv6q,n2yj37z2,None,14
o1yxvv6q,816ll3rx,y655lg06,wkpn8wwd,xd0ov3md,3
o1yxvv6q,816ll3rx,y655lg06,wkpn8wwd,ldy045p9,3
o1yxvv6q,816ll3rx,y655lg06,wkpn8wwd,kwjro80d,3
o1yxvv6q,816ll3rx,y655lg06,wkpn8wwd,owoxgejw,3
o1yxvv6q,816ll3rx,y655lg06,wkpn8wwd,gdr7k1ew,3
o1yxvv6q,816ll3rx,y655lg06,wkpn8wwd,ywepzmld,3
o1yxvv6q,816ll3rx,y655lg06,wkpn8wwd,69z0mnxd,3
o1yxvv6q,816ll3rx,y655lg06,wkpn8wwd,o9x0m339,3
o1yxvv6q,816ll3rx,y655lg06,wkpn8wwd,495nvlm9,4
o1yxvv6q,816ll3rx,y655lg06,wkpn8wwd,rw6ykep9,3
o1yxvv6q,816ll3rx,y655lg06,wkpn8wwd,kwjrov0d,2
o1yxvv6q,816ll3rx,y655lg06,wkpn8wwd,5d7r62q9,2
o1yxvv6q,816ll3rx,w6jlw74d,xd1gomzd,None,44
o1yxvv6q,816ll3rx,w6j7exe6,wkp541vd,z98o87ld,2
o1yxvv6q,816ll3rx,w6j7exe6,wkp541vd,5d7j376d,1
o1yxvv6q,816ll3rx,w6j7exe6,wkp541vd,rw67nvg9,4
o1yxvv6q,816ll3rx,o1yj0pr1,jdzl1562,z98oe17d,3
o1yxvv6q,816ll3rx,268wjky6,vdon3e1k,None,3
o1yxvv6q,816ll3rx,9d3rxn0d,xd1v8ezd,None,4
o1yxvv6q,816ll3rx,9d3rxn0d,zd3x36ed,None,5
o1yxvv6q,816ll3rx,9d3rxn0d,ndx4omo2,None,3
o1yxvv6q,816ll3rx,9d3rxn0d,w203rwj2,None,3
o1yxvv6q,816ll3rx,o1yj0pr1,jdzl1562,5wkm8z5d,3
o1yxvv6q,816ll3rx,w6j7exe6,wkp541vd,y9mmpy19,1
o1yxvv6q,816ll3rx,w6j7exe6,wkp541vd,n93xg0z9,2
o1yxvv6q,816ll3rx,y655lg06,wkpn8wwd,rdngk459,3
o1yxvv6q,816ll3rx,y655lg06,wkpn8wwd,gdr7k68w,2
o1yxvv6q,816ll3rx,y655lg06,wkpn8wwd,z98l25rd,2
o1yxvv6q,816ll3rx,y655lg06,wkpn8wwd,n9332l29,2
o1yxvv6q,816ll3rx,y655lg06,wkpn8wwd,rw6ykmp9,2
o1yxvv6q,816ll3rx,y655lg06,wkpn8wwd,n9332z29,2
o1yxvv6q,816ll3rx,w6j7exe6,wkp541vd,owom2q39,1
o1yxvv6q,816ll3rx,w6j7exe6,wkp541vd,o9xyl37d,3
o1yxvv6q,816ll3rx,o1yj0pr1,jdzl1562,n93x8v79,2
o1yxvv6q,816ll3rx,o1yj0pr1,jdzl1562,5d7jlk5d,1
o1yxvv6q,816ll3rx,o1yj0pr1,jdzl1562,nwlmnqp9,1
o1yxvv6q,816ll3rx,o1yj0pr1,jdzl1562,69zlxo6d,1
o1yxvv6q,816ll3rx,o1yj0pr1,jdzl1562,kwjk3lr9,1
o1yxvv6q,816ll3rx,o1yj0pr1,jdzl1562,592632gd,4
o1yxvv6q,816ll3rx,o1yj0pr1,jdzl1562,o9xyk56d,2
o1yxvv6q,816ll3rx,o1yj0pr1,jdzl1562,y9mmyll9,1
o1yxvv6q,816ll3rx,w6j7exe6,wkp541vd,ewp2qpj9,3
o1yxvv6q,816ll3rx,o1yj0pr1,jdzl1562,5d7jlo5d,2
o1yxvv6q,816ll3rx,w6j7exe6,wkp541vd,rdnmp079,1
o1yxvv6q,816ll3rx,w6j7exe6,wkp541vd,y9mmpex9,3
o1yxvv6q,816ll3rx,w6j7exe6,wkp541vd,kwjkey79,1
o1yxvv6q,816ll3rx,w6j7exe6,wkp541vd,ywev827d,2
o1yxvv6q,816ll3rx,w6j7exe6,wkp541vd,o9xyllpd,2
o1yxvv6q,816ll3rx,w6j7exe6,wkp541vd,ldyrpyz9,2
o1yxvv6q,816ll3rx,w6j7exe6,wkp541vd,rdnmp0v9,1
o1yxvv6q,816ll3rx,w6j7exe6,wkp541vd,o9xyl2pd,2
o1yxvv6q,816ll3rx,w6j7exe6,wkp541vd,xd4532pw,1
o1yxvv6q,816ll3rx,w6j7exe6,wkp541vd,5wkmrpqd,4
o1yxvv6q,816ll3rx,w6j7exe6,wkp541vd,rdqm1319,1
o1yxvv6q,816ll3rx,w6j7exe6,wkp541vd,ywev85rd,2
o1yxvv6q,816ll3rx,w6j7exe6,wkp541vd,o9xyl1pd,2
o1yxvv6q,816ll3rx,o1yj0pr1,jdzl1562,xd1z6eqw,2
o1yxvv6q,816ll3rx,w6j7exe6,wkp541vd,n93xg7e9,3
o1yxvv6q,816ll3rx,w6j7exe6,wkp541vd,ldyrper9,2
o1yxvv6q,816ll3rx,w6j7exe6,wkp541vd,xd0e7g49,4
o1yxvv6q,816ll3rx,w6j7exe6,wkp541vd,5wkmrjpd,5
o1yxvv6q,816ll3rx,w6j7exe6,wkp541vd,29v8k3ld,2
o1yxvv6q,816ll3rx,w6j7exe6,wkp541vd,n93xg7z9,3
o1yxvv6q,816ll3rx,w6j7exe6,wkp541vd,ldyrpyr9,2
o1yxvv6q,816ll3rx,w6j7exe6,wkp541vd,xd453jrw,3
o1yxvv6q,816ll3rx,w6j7exe6,wkp541vd,y9mmpjx9,1
o1yxvv6q,816ll3rx,w6j7exe6,wkp541vd,5926oz3d,4
o1yxvv6q,816ll3rx,o1yj0pr1,jdzl1562,59263xgd,3
o1yxvv6q,816ll3rx,o1yj0pr1,jdzl1562,xd45n40w,3
o1yxvv6q,816ll3rx,o1yj0pr1,jdzl1562,r9gmr0q9,3
o1yxvv6q,816ll3rx,o1yj0pr1,jdzl1562,xd0e2v09,4
o1yxvv6q,816ll3rx,w6j7exe6,wkp541vd,xd1z58yw,2
o1yxvv6q,816ll3rx,w6j7exe6,wkp541vd,ewp2qez9,2
o1yxvv6q,816ll3rx,w6j7exe6,wkp541vd,29v8klnd,2
o1yxvv6q,816ll3rx,w6j7exe6,wkp541vd,nwlm77e9,2
o1yxvv6q,816ll3rx,y655lg06,wkpn8wwd,ldy04lp9,2
o1yxvv6q,816ll3rx,y655lg06,wkpn8wwd,ewp5koy9,1
o1yxvv6q,816ll3rx,y655lg06,wkpn8wwd,xd11vyzd,2
o1yxvv6q,816ll3rx,y655lg06,wkpn8wwd,nwlekzod,2
o1yxvv6q,816ll3rx,y655lg06,wkpn8wwd,y9mzkgzd,2
o1yxvv6q,816ll3rx,y655lg06,wkpn8wwd,ywepz3ld,2
o1yxvv6q,816ll3rx,w6j7exe6,wkp541vd,ewp2qjj9,4
o1yxvv6q,816ll3rx,w6j7exe6,wkp541vd,5wkmrnqd,1
o1yxvv6q,816ll3rx,w6j7exe6,wkp541vd,rdnmplv9,1
o1yxvv6q,816ll3rx,w6j7exe6,wkp541vd,y9mmppx9,2
o1yxvv6q,816ll3rx,w6j7exe6,wkp541vd,nwlm7nr9,3
o1yxvv6q,816ll3rx,w6j7exe6,wkp541vd,y9mmpr19,3
o1yxvv6q,816ll3rx,w6j7exe6,wkp541vd,z98o88pd,3
o1yxvv6q,816ll3rx,w6j7exe6,vdo5906k,None,2
o1yxvv6q,816ll3rx,o1yj0pr1,jdzl1562,29v8l11d,1
o1yxvv6q,816ll3rx,w6j7exe6,wkp541vd,gdr0qezd,3
o1yxvv6q,816ll3rx,w6j7exe6,wkp541vd,xd4533rw,2
o1yxvv6q,816ll3rx,o1yxvv6q,xk9jn84d,None,13
o1yxvv6q,816ll3rx,w6j7exe6,wkp541vd,xd0e7749,3
o1yxvv6q,816ll3rx,w6j7exe6,wkp541vd,xd1z575w,4
o1yxvv6q,816ll3rx,w6j7exe6,wkp541vd,gdr0qxzd,2
o1yxvv6q,816ll3rx,w6j7exe6,wkp541vd,xd1z536w,2
o1yxvv6q,816ll3rx,9d3rxn0d,jdrl8l5d,None,3
o1yxvv6q,816ll3rx,o1yj0pr1,zdnzeqxd,None,1
o1yxvv6q,816ll3rx,w6j7exe6,wkp541vd,gdr0qgzd,3
o1yxvv6q,816ll3rx,y655lg06,wkpn8wwd,nwlek2od,2
o1yxvv6q,816ll3rx,o1yj0pr1,jdzl1562,ywevnrqd,3
o1yxvv6q,816ll3rx,o1yj0pr1,jdzl1562,y9mmyql9,3
o1yxvv6q,816ll3rx,o1yj0pr1,jdzl1562,n93xn279,3
o1yxvv6q,816ll3rx,o1yj0pr1,jdzl1562,495qy329,2
o1yxvv6q,816ll3rx,o1yj0pr1,jdzl1562,ywevn6qd,1
o1yxvv6q,816ll3rx,o1yj0pr1,jdzl1562,29v8j41d,2
o1yxvv6q,816ll3rx,o1yxvv6q,xk9jn84d,None,5
o1yxvv6q,816ll3rx,o1yj0pr1,jdzl1562,ewp2egl9,3
o1yxvv6q,816ll3rx,qw6j21jm,5dwjw40k,n93057n9,3
o1yxvv6q,816ll3rx,qw6j21jm,5dwjw40k,rw6vp4n9,3
o1yxvv6q,816ll3rx,o1yxvv6q,xk9jn84d,None,5
o1yxvv6q,816ll3rx,y655lg06,xd1jy6wd,None,7
o1yxvv6q,816ll3rx,w6j7exe6,wkp541vd,z98o8zld,3
o1yxvv6q,816ll3rx,ldej05e1,7kjlp3z2,None,1
o1yxvv6q,816ll3rx,ldej05e1,zd3qowvk,None,1
o1yxvv6q,816ll3rx,y655lg06,wkpn8wwd,nwlek4pd,2
o1yxvv6q,816ll3rx,y655lg06,wkpn8wwd,5wklgev9,2
o1yxvv6q,816ll3rx,9do9jedp,wk6j8pod,nwlpyrg9,4
o1yxvv6q,816ll3rx,9do9jedp,wk6j8pod,ldy85o7w,5
o1yxvv6q,816ll3rx,y655lg06,wkpn8wwd,z98l2mrd,6
o1yxvv6q,816ll3rx,9do9jedp,xd1mvrzd,kwj1p3nw,4
o1yxvv6q,816ll3rx,9do9jedp,xd1mvrzd,5d7z8lgw,4
o1yxvv6q,816ll3rx,9do9jedp,xd1mvrzd,xd03x2xd,3
o1yxvv6q,eo86658z,o1yxvv6q,n2yj37z2,None,4
o1yxvv6q,eo86658z,n4d7r172,7wk6prd1,None,100
o1yxvv6q,eo86658z,29d30dlp,nxd1rk8q,None,338
o1yxvv6q,eo86658z,yo1yv1q5,4xk906k0,None,108
o1yxvv6q,dx3ydpq8,o1yxvv6q,xk9jn84d,None,149
o1yxvv6q,814mqrp8,o1yxvv6q,xk9jn84d,None,138
o1yxvv6q,8lpmvl4j,m9dowk1p,p7kjr423,None,52
o1yxvv6q,8lpmvl4j,o1yxvv6q,824gzem2,None,2
o1yxvv6q,8lpmvl4j,9d3rvp0d,wk6867e2,None,1
o1yxvv6q,8lpmvl4j,o1yxvv6q,7dg59472,None,13
o1yxvv6q,8lpmvl4j,o1yxvv6q,ndx1oyr2,None,1
o1yxvv6q,1xyrmwwj,om1mx362,wkpn1jdr,None,82
o1yxvv6q,1xyrmwwj,om1mx362,wkpn1jdr,None,17
o1yxvv6q,1xyrmwwj,o1yxvv6q,jdr17vg2,None,8
o1yxvv6q,1xyrmwwj,om1mx362,7kjvmgk3,None,273
o1yxvv6q,j5vk5qw8,o1yxvv6q,xk9jn84d,None,156
o1yxvv6q,qj2edwnj,o1yxvv6q,xk9jn84d,None,203
o1yxvv6q,j92r5pv8,o1yxvv6q,xk9jn84d,None,178
o1yxvv6q,j92r5pv8,m1zv8260,7dg8epx2,None,5
o1yxvv6q,j92r5pv8,9dor97dp,zd3e8rkn,None,24
o1yxvv6q,o864de0j,qw6j04dj,9d8l5wl2,None,7
o1yxvv6q,o864de0j,yo1yyr1q,5dwj0gkg,None,72
o1yxvv6q,o864de0j,268zz96p,9d8506dn,None,1
o1yxvv6q,o864de0j,n4d7r172,7wk6prd1,None,117
o1yxvv6q,o864de0j,om1m24d2,9d8133kn,r9g87kd2,2
o1yxvv6q,o864de0j,m9do271p,mkeoy6d6,None,8
o1yxvv6q,o864de0j,m9do271p,7dgl6pk4,29vp0n9v,2
o1yxvv6q,o864de0j,y657jede,ndx19452,z987vv7w,10
o1yxvv6q,o864de0j,y657jede,ndx19452,owo611vw,10
o1yxvv6q,o864de0j,yo1yyr1q,jdzpx6rk,xd40lm89,14
o1yxvv6q,o864de0j,o1yxvv6q,n2yj37z2,None,23
o1yxvv6q,o864de0j,m1zjjg36,zd36xmvd,None,6
o1yxvv6q,o864de0j,o1yxvv6q,n2yj37z2,None,7
o1yxvv6q,o864de0j,o1yxvv6q,xk9jn84d,None,159
o1yxvv6q,pj0934rj,o1yxvv6q,n2yj37z2,None,2
o1yxvv6q,8d4114o8,yo1yv1q5,xk9l5yk0,None,73
o1yxvv6q,8d4114o8,o1yxvv6q,n2yj37z2,None,41
o1yxvv6q,8d4114o8,o1yxvv6q,xk9jn84d,None,186
o1yxvv6q,8d4114o8,o1yxvv6q,wk61oord,None,13
o1yxvv6q,8d4114o8,ok6q4mdg,gq25ovko,None,6
o1yxvv6q,8d4114o8,o1yxvv6q,xk98gj42,None,8
o1yxvv6q,8d4114o8,ok6q4mdg,7kj15n4k,None,12
o1yxvv6q,8d4114o8,ok6q4mdg,ndx1elr2,None,9
o1yxvv6q,8d4114o8,v1po33z6,jdr76r52,None,1
o1yxvv6q,8d4114o8,v1po33z6,wkpveg0k,o9x4ox6d,2
o1yxvv6q,8d4114o8,v1po33z6,wkpveg0k,rdqlonmw,2
o1yxvv6q,8d4114o8,v1po33z6,wkpveg0k,4954zm2w,2
o1yxvv6q,8d4114o8,v1po33z6,wkpveg0k,ywel3qq9,2
o1yxvv6q,8d4114o8,v1po33z6,wkpveg0k,69zz6869,2
o1yxvv6q,8d4114o8,yd4o88g1,zdn1pz9k,None,2
o1yxvv6q,8d4114o8,v1po33z6,wkpveg0k,gdr2oy89,3
o1yxvv6q,8d4114o8,v1po33z6,wkpveg0k,nwl3z2pw,2
o1yxvv6q,8d4114o8,yd4o88g1,vdo13w12,rdn21j7d,1
o1yxvv6q,8d4114o8,yd4o88g1,vdo13w12,495l1o3d,1
o1yxvv6q,8d4114o8,yd4o88g1,vdo13w12,ldy8z7rw,2
o1yxvv6q,8d4114o8,yd4o88g1,vdo13w12,rdq5k22d,1
o1yxvv6q,8d4114o8,yd4o88g1,vdo13w12,gdr134lw,1
o1yxvv6q,8d4114o8,yd4o88g1,vdo13w12,5d7zg66w,1
o1yxvv6q,8d4114o8,yd4o88g1,vdo13w12,nwlpjxe9,1
o1yxvv6q,8d4114o8,yd4o88g1,vdo13w12,kwj12o7w,1
o1yxvv6q,8d4114o8,yd4o88g1,vdo13w12,ywemek7d,2
o1yxvv6q,8d4114o8,yd4o88g1,vdo13w12,xd18nv5w,1
o1yxvv6q,8d4114o8,yd4o88g1,vdo13w12,69zngog9,1
o1yxvv6q,8d4114o8,yd4o88g1,vdo13w12,owoqrgkd,1
o1yxvv6q,8d4114o8,yd4o88g1,vdo13w12,r9g1g0p9,1
o1yxvv6q,8d4114o8,yd4o88g1,vdo13w12,z98gkvpw,1
o1yxvv6q,8d4114o8,yd4o88g1,vdo13w12,o9x3e5p9,1
o1yxvv6q,8d4114o8,o1yxvv6q,xk98gj42,None,5
o1yxvv6q,8d4114o8,o1yxvv6q,xk98gj42,None,8
o1yxvv6q,8d4114o8,ok6q4mdg,9d86gp72,n93q3yew,3
o1yxvv6q,8d4114o8,w6jjr76j,q25op5wk,z98r537d,1
o1yxvv6q,8d4114o8,ok6q4mdg,9d86gp72,nwlge3e9,3
o1yxvv6q,8d4114o8,ok6q4mdg,9d86gp72,owo7xlk9,3
o1yxvv6q,8d4114o8,ok6q4mdg,9d86gp72,ywe2pl7w,3
o1yxvv6q,8d4114o8,ok6q4mdg,9d86gp72,kwj7r37w,2
o1yxvv6q,8d4114o8,ok6q4mdg,9d86gp72,69zp0zgw,3
o1yxvv6q,8d4114o8,ok6q4mdg,9d86gp72,xd1j165d,2
o1yxvv6q,8d4114o8,ok6q4mdg,9d86gp72,r9gy8xp9,2
o1yxvv6q,8d4114o8,ok6q4mdg,9d86gp72,ewp75ejw,3
o1yxvv6q,8d4114o8,ok6q4mdg,9d86gp72,o9x104pd,3
o1yxvv6q,8d4114o8,ok6q4mdg,9d86gp72,495kn439,3
o1yxvv6q,8d4114o8,ok6q4mdg,9d86gp72,rdqzql2d,3
o1yxvv6q,8d4114o8,ok6q4mdg,9d86gp72,5d7yrl6d,3
o1yxvv6q,8d4114o8,w6jjr76j,ndxr36jd,None,1
o1yxvv6q,8d4114o8,w6jjr76j,824xoq3d,None,1
o1yxvv6q,8d4114o8,m9dowk1p,p7kjr423,None,64
o1yxvv6q,dkjpekxq,o6grxxd2,vdo4xyy2,495jy3jw,1
o1yxvv6q,dkjpekxq,o6grxxd2,9kvppr3k,None,3
o1yxvv6q,dkjpekxq,j1nqoy1p,mke9x59d,None,6
o1yxvv6q,dkjpekxq,j1nqoy1p,mke9x59d,None,7
o1yxvv6q,dkjpekxq,o6grxxd2,9d84m6lk,None,2
o1yxvv6q,dkjpekxq,o6grxxd2,xk9lgxyk,None,2
o1yxvv6q,dkjpekxq,o6grxxd2,824p1lm2,None,2
o1yxvv6q,dkjpekxq,o6grxxd2,vdo4xyy2,5wk285qw,2
o1yxvv6q,dkjpekxq,ok6qvxdg,rklgz8dn,None,18
o1yxvv6q,dkjpekxq,o1yxvv6q,n2yj37z2,None,23
o1yxvv6q,dkjpekxq,o1yxvv6q,n2yj37z2,None,1
o1yxvv6q,dkjpekxq,k6qqgx6g,ndxp8j12,None,6
o1yxvv6q,dkjpekxq,o6grxxd2,xk9lg1gk,None,1
o1yxvv6q,dkjpekxq,o6grxxd2,vdo4xyy2,rdq0gp1w,2
o1yxvv6q,dkjpekxq,o1yxvv6q,n2yj37z2,None,8
o1yxvv6q,dkjpekxq,o6grxxd2,z277p702,None,2
o1yxvv6q,dkjpekxq,o6grxxd2,9d8vlgwk,None,1
o1yxvv6q,dkjpekxq,46w2on6r,w2044vkn,None,24
o1yxvv6q,dkjpekxq,9d3pmg6l,5dwp7jgk,None,1
o1yxvv6q,dkjpekxq,k6qqgx6g,xk9lgzgk,None,2
o1yxvv6q,dkjpekxq,ok6qvxdg,rklgz8dn,None,10
o1yxvv6q,dkjpekxq,yo1yv1q5,wz27gz20,None,30
o1yxvv6q,dkjpekxq,o1yxvv6q,n2yj37z2,None,6
o1yxvv6q,dkjpekxq,o1yxvv6q,n2yj37z2,None,4
o1yxvv6q,68wpdzxg,76rl7v68,z27g6n42,None,4
o1yxvv6q,68wpdzxg,jy65g3de,z27gyo20,None,27
o1yxvv6q,68wpdzxg,pd03m3de,xk9npmg2,None,1
o1yxvv6q,68wpdzxg,3694331l,7kjqonzd,None,3
o1yxvv6q,68wpdzxg,3694331l,wkpv9z8k,None,5
o1yxvv6q,68wpdzxg,pd03m3de,zd3ypvr2,None,5
o1yxvv6q,68wpdzxg,o1yxvv6q,xk9jn84d,None,206
o1yxvv6q,68wpdzxg,o1yxvv6q,xk9jn84d,None,22
o1yxvv6q,68wpdzxg,m9dok1pr,pmker8d6,None,113
o1yxvv6q,68wpdzxg,m1zelx10,xk90p7yk,n93qoqrw,6
o1yxvv6q,68wpdzxg,m1zelx10,wk6p0qxd,n93qoqrw,8
o1yxvv6q,68wpdzxg,m1zelx10,n2yqel8k,n93qoqrw,7
o1yxvv6q,68wpdzxg,m1zelx10,7dg8q0l2,n93qoqrw,5
o1yxvv6q,68wpdzxg,76rl7v68,zdnw1m7d,None,3
o1yxvv6q,68wpdzxg,m1zelx10,xk90p7yk,z98rnr1d,5
o1yxvv6q,68wpdzxg,76rl7v68,q25o70wk,None,2
o1yxvv6q,68wpdzxg,9do78e6p,vdox0vod,None,18
o1yxvv6q,joolkv3j,k6q4rqzd,z27lez0d,None,14
o1yxvv6q,joolkv3j,k6q4rqzd,z27lez0d,None,433
o1yxvv6q,joolkv3j,k6q4rqzd,8241o4m2,None,172
o1yxvv6q,joolkv3j,y655zq46,jdrr7rnd,None,1
o1yxvv6q,joolkv3j,y655zq46,824nrnek,None,2
o1yxvv6q,joolkv3j,o1yxvv6q,xk9jn84d,None,7
o1yxvv6q,vqxke7x0,y655lg06,zd3j9pe2,None,5
o1yxvv6q,vqxke7x0,o1yxvv6q,n2yj37z2,None,2
o1yxvv6q,vqxke7x0,w6jl04xd,jdzwqnrd,None,1
o1yxvv6q,vqxke7x0,qw6j21jm,02qm1mzd,None,7
o1yxvv6q,vqxke7x0,nj1nee1p,ndx8jxjk,owo3413w,4
o1yxvv6q,vqxke7x0,yo1yv1q5,wdm8v332,49588ej9,2
o1yxvv6q,vqxke7x0,o1yxvv6q,xk9jn84d,None,7
o1yxvv6q,vqxke7x0,nj1nee1p,jdz8m6dv,None,18
o1yxvv6q,vqxke7x0,29d30dlp,zd30m4yd,xd10qmy9,3
o1yxvv6q,vqxke7x0,kdkql2dm,xk90556k,None,3
o1yxvv6q,vqxke7x0,w6j7exe6,02q4nq9d,None,7
o1yxvv6q,vqxke7x0,m1zn0210,vdog162p,None,6
o1yxvv6q,vqxke7x0,n4d7r172,w20zmodn,None,6
o1yxvv6q,vqxke7x0,29d30dlp,zd30m4yd,5d77mjed,1
o1yxvv6q,vqxke7x0,n4d7r172,wkpjll0k,rw6v6zp9,2
o1yxvv6q,vqxke7x0,yo1yv1q5,wdm8v332,z98jv27w,3
o1yxvv6q,vqxke7x0,o1yxvv6q,n2yj37z2,None,1
o1yxvv6q,vqxke7x0,k6q2zm6g,5dw3xg2g,None,1
o1yxvv6q,vqxke7x0,k6q2zm6g,vdooqrod,5d7vqn6d,1
o1yxvv6q,vqxke7x0,k6q2zm6g,vdooqrod,rw6458g9,1
o1yxvv6q,vqxke7x0,k6q2zm6g,vdooqrod,kwj54l79,1
o1yxvv6q,vqxke7x0,n4d7r172,wkpjll0k,rdq0kxmw,2
o1yxvv6q,vqxke7x0,k6q2zm6g,vdooqrod,5d7vqk6d,1
o1yxvv6q,vqxke7x0,k6q2zm6g,vdooqrod,n937zvzd,1
o1yxvv6q,vqxke7x0,k6q2zm6g,vdooqrod,rdn0467w,1
o1yxvv6q,vqxke7x0,k6q2zm6g,vdooqrod,nwll4qew,1
o1yxvv6q,vqxke7x0,k6q2zm6g,vdooqrod,rdqj4p29,1
o1yxvv6q,vqxke7x0,k6q2zm6g,vdooqrod,ywe1xr7d,1
o1yxvv6q,vqxke7x0,k6q2zm6g,wk6777qd,rdqj4x29,1
o1yxvv6q,vqxke7x0,k6q2zm6g,vdooqrod,owo04okw,2
o1yxvv6q,vqxke7x0,k6q2zm6g,vdooqrod,y9mj47x9,1
o1yxvv6q,vqxke7x0,k6q2zm6g,vdooqrod,29v3n4lw,2
o1yxvv6q,vqxke7x0,k6q2zm6g,vdooqrod,4956x73d,1
o1yxvv6q,vqxke7x0,k6q2zm6g,wk6777qd,o9xnrppw,1
o1yxvv6q,vqxke7x0,k6q2zm6g,vdooqrod,r9g2qvpd,1
o1yxvv6q,vqxke7x0,yo1yv1q5,wdm8v332,rdq0p2ow,2
o1yxvv6q,vqxke7x0,n4d7r172,p7kjv4k3,None,7
o1yxvv6q,vqxke7x0,n4d7r172,wkpjll0k,ldyeo4jw,3
o1yxvv6q,vqxke7x0,n4d7r172,wkpjll0k,rw6v68n9,3
o1yxvv6q,vqxke7x0,n4d7r172,wkpjll0k,xd0058md,5
o1yxvv6q,vqxke7x0,29d30dlp,zd30m4yd,kwjyqg1w,7
o1yxvv6q,vqxke7x0,n4d7r172,wkpjll0k,nwl6jrpw,1
o1yxvv6q,vqxke7x0,29d30dlp,rkle7mw2,None,33
o1yxvv6q,vqxke7x0,qw6j21jm,5dwjw40k,5d7yrevd,2
o1yxvv6q,vqxke7x0,yo1yv1q5,zdnq1pqd,None,7
o1yxvv6q,vqxke7x0,yo1yv1q5,vdo46qy2,None,14
o1yxvv6q,vqxke7x0,ok6q4mdg,9kvpeqek,5wkklppw,3
o1yxvv6q,vqxke7x0,ok6q4mdg,9kvpeqek,495kn439,2
o1yxvv6q,vqxke7x0,ok6q4mdg,9kvpeqek,xd408xr9,3
o1yxvv6q,vqxke7x0,ok6q4mdg,9kvpeqek,ewp75ejw,3
o1yxvv6q,vqxke7x0,ok6q4mdg,9kvpeqek,r9gy8xp9,5
o1yxvv6q,vqxke7x0,ok6q4mdg,9kvpeqek,rdnogr7w,2
o1yxvv6q,vqxke7x0,ok6q4mdg,9kvpeqek,5920p53d,3
o1yxvv6q,vqxke7x0,ok6q4mdg,9kvpeqek,z98rlepd,2
o1yxvv6q,vqxke7x0,ok6q4mdg,9kvpeqek,xd1j1x5d,3
o1yxvv6q,vqxke7x0,ok6q4mdg,9kvpeqek,xd1j165d,4
o1yxvv6q,vqxke7x0,ok6q4mdg,9kvpeqek,owo7xyk9,3
o1yxvv6q,vqxke7x0,ok6q4mdg,9kvpeqek,n93q38ew,3
o1yxvv6q,vqxke7x0,ok6q4mdg,9kvpeqek,xd0kox49,2
o1yxvv6q,vqxke7x0,ok6q4mdg,9kvpeqek,ewp75rjw,4
o1yxvv6q,vqxke7x0,ok6q4mdg,9kvpeqek,o9x104pd,4
o1yxvv6q,vqxke7x0,ok6q4mdg,9kvpeqek,kwj7r37w,4
o1yxvv6q,vqxke7x0,ok6q4mdg,9kvpeqek,rdqzql2d,3
o1yxvv6q,vqxke7x0,ok6q4mdg,9kvpeqek,69zp0zgw,2
o1yxvv6q,vqxke7x0,ok6q4mdg,9kvpeqek,nwlge3e9,5
o1yxvv6q,vqxke7x0,ok6q4mdg,9kvpeqek,ywe2pl7w,4
o1yxvv6q,vqxke7x0,ok6q4mdg,9kvpeqek,owo7xlk9,3
o1yxvv6q,vqxke7x0,ok6q4mdg,9kvpeqek,ldy10jrd,2
o1yxvv6q,vqxke7x0,ok6q4mdg,9kvpeqek,5d7yrl6d,3
o1yxvv6q,vqxke7x0,ok6q4mdg,9kvpeqek,ewp72rzw,1
o1yxvv6q,vqxke7x0,ok6q4mdg,9kvpeqek,kwj7rp7w,3
o1yxvv6q,vqxke7x0,ok6q4mdg,9kvpeqek,xd1jzx6d,2
o1yxvv6q,vqxke7x0,ok6q4mdg,9kvpeqek,5d7yr86d,4
o1yxvv6q,vqxke7x0,ok6q4mdg,9kvpeqek,69zpl2ow,2
o1yxvv6q,vqxke7x0,ok6q4mdg,9kvpeqek,r9gymxk9,4
o1yxvv6q,vqxke7x0,ok6q4mdg,9kvpeqek,owo7myy9,4
o1yxvv6q,vqxke7x0,ok6q4mdg,9kvpeqek,o9x1y41d,2
o1yxvv6q,vqxke7x0,ok6q4mdg,9kvpeqek,ywe2v5rw,2
o1yxvv6q,vqxke7x0,ok6q4mdg,rkl3p4nk,None,9
o1yxvv6q,vqxke7x0,ok6q4mdg,9kvpeqek,rdqzml1d,2
o1yxvv6q,vqxke7x0,ok6q4mdg,9kvpeqek,kwj7kpzw,3
o1yxvv6q,vqxke7x0,ok6q4mdg,9kvpeqek,5d7yj8vd,2
o1yxvv6q,vqxke7x0,ok6q4mdg,9kvpeqek,495kq4j9,3
o1yxvv6q,vqxke7x0,xlde3j63,4xk9l6k0,None,25
o1yxvv6q,vqxke7x0,xlde3j63,02qgeg9d,None,7
o1yxvv6q,vqxke7x0,n4d7r172,q254wgdo,None,34
o1yxvv6q,vqxke7x0,n4d7r172,7wk6prd1,None,59
o1yxvv6q,vqxke7x0,k6qk2x6g,9kvplm3k,None,6
o1yxvv6q,vqxke7x0,2688376p,jdrqgnlk,None,9
o1yxvv6q,vqxke7x0,29d30dlp,nxd1rk8q,None,314
o1yxvv6q,vqxke7x0,kdk83gdm,9kvgl0kg,None,5
o1yxvv6q,vqxke7x0,29d30dlp,z2771020,None,81
o1yxvv6q,jp6rg558,yo1yv1q5,xk9g1w6d,None,75
o1yxvv6q,jp6rg558,o1yxvv6q,xk9jn84d,None,117
o1yxvv6q,1xyzqnv8,4d79zg17,824g7n25,ldyyvrd3,10
o1yxvv6q,1xyzqnv8,4d79zg17,zd3l8ydn,None,4
o1yxvv6q,1xyzqnv8,4d79zg17,824g7n25,rdn0v7wm,9
o1yxvv6q,1xyzqnv8,4d79zg17,824g7n25,xd0gj4wq,12
o1yxvv6q,1xyzqnv8,4d79zg17,824g7n25,29v3vlwv,2
o1yxvv6q,1xyzqnv8,3dxkyz51,w208rwjd,r9g65y2w,1
o1yxvv6q,1xyzqnv8,4d79zg17,824g7n25,rw640g97,15
o1yxvv6q,1xyzqnv8,o1yxvv6q,xk9jn84d,None,130
o1yxvv6q,1xyzqnv8,4d79zg17,824g7n25,n937pzd0,7
o1yxvv6q,1xyzqnv8,4d79zg17,824g7n25,z9860pdl,12
o1yxvv6q,1xyzqnv8,4d79zg17,824g7n25,xd4jmrdm,14
o1yxvv6q,1xyzqnv8,9d3rkgdl,z27wr5k0,rdq1po19,18
o1yxvv6q,1xyzqnv8,nd2egvd0,5dwjw3gk,n93qx12w,5
o1yxvv6q,1xyzqnv8,9d3rkgdl,z27wr5k0,592ko396,2
o1yxvv6q,1xyzqnv8,9d3rkgdl,z27wr5k0,n93gv8zd,5
o1yxvv6q,1xyzqnv8,nd2egvd0,5dwjw3gk,rdnom75w,2
o1yxvv6q,1xyzqnv8,nd2egvd0,5dwjw3gk,495kq2m9,3
o1yxvv6q,1xyzqnv8,nd2egvd0,5dwjw3gk,gdrp0new,3
o1yxvv6q,1xyzqnv8,nd2egvd0,5dwjw3gk,ywe2vylw,1
o1yxvv6q,1xyzqnv8,nd2egvd0,5dwjw3gk,r9gymlj9,4
o1yxvv6q,1xyzqnv8,nd2egvd0,5dwjw3gk,rw6q726d,4
o1yxvv6q,1xyzqnv8,nd2egvd0,5dwjw3gk,z98ro3rd,5
o1yxvv6q,1xyzqnv8,nd2egvd0,5dwjw3gk,rdnom36w,3
o1yxvv6q,1xyzqnv8,9d3rkgdl,z27wr5k0,xd416rdm,9
o1yxvv6q,1xyzqnv8,nd2egvd0,5dwjw3gk,69zpl5xw,3
o1yxvv6q,1xyzqnv8,9d3rkgdl,z27wr5k0,ldypnjrd,8
o1yxvv6q,1xyzqnv8,9d3rkgdl,z27wr5k0,ywe8rn7w,7
o1yxvv6q,1xyzqnv8,9d3rkgdl,z27wr5k0,owo50yd6,8
o1yxvv6q,1xyzqnv8,9d3rkgdl,z27wr5k0,z98n0p9l,14
o1yxvv6q,1xyzqnv8,9d3rkgdl,z27wr5k0,5wk44vd4,3
o1yxvv6q,1xyzqnv8,9d3rkgdl,z27wr5k0,592em796,9
o1yxvv6q,1xyzqnv8,9d3rkgdl,z27wr5k0,z988yep9,4
o1yxvv6q,1xyzqnv8,9d3rkgdl,z27wr5k0,rdnnv7dm,11
o1yxvv6q,1xyzqnv8,9d3rkgdl,z27wr5k0,29v6klwv,7
o1yxvv6q,1xyzqnv8,9d3rkgdl,z27wr5k0,gdrqmgl9,9
o1yxvv6q,1xyzqnv8,9d3rkgdl,z27wr5k0,rw6n8rgd,13
o1yxvv6q,1xyzqnv8,9d3rkgdl,z27wr5k0,rdnp6r79,10
o1yxvv6q,1xyzqnv8,9d3rkgdl,z27wr5k0,xd4mj2dm,16
o1yxvv6q,1xyzqnv8,9d3rkgdl,z27wr5k0,ldy2vrw3,7
o1yxvv6q,1xyzqnv8,9d3rkgdl,z27wr5k0,n93opz90,14
o1yxvv6q,1xyzqnv8,nd2egvd0,5dwjw3gk,nwlgm5o9,3
o1yxvv6q,1xyzqnv8,nd2egvd0,5dwjw3gk,o9x1yg3d,4
o1yxvv6q,1zxzy9jq,o6gnnl81,w20851zd,None,1
o1yxvv6q,1zxzy9jq,o6gnnl81,ndxe0pjk,None,1
o1yxvv6q,1zxzy9jq,xkdko26m,w20peokn,None,49
o1yxvv6q,1zxzy9jq,xkdko26m,w20peokn,None,26
o1yxvv6q,1zxzy9jq,m1m77312,mkev3n26,None,4
o1yxvv6q,1zxzy9jq,o6gnnl81,w20870jd,None,2
o1yxvv6q,1zxzy9jq,m1mxew46,wk6ozopk,None,3
o1yxvv6q,1zxzy9jq,m1mxew46,n2y3831d,None,2
o1yxvv6q,1zxzy9jq,n4d7r172,q254wgdo,None,6
o1yxvv6q,1zxzy9jq,w6j7y76j,n2y7q72o,None,111
o1yxvv6q,1zxzy9jq,yo1yv1q5,4xk906k0,None,112
o1yxvv6q,1zxzy9jq,y655lg06,xd1jy6wd,None,8
o1yxvv6q,1zxzy9jq,o1yj0pr1,n2yv8112,None,8
o1yxvv6q,1zxzy9jq,n4d7r172,7wk6prd1,None,121
o1yxvv6q,1zxzy9jq,n4d7r172,7wk6prd1,None,27
o1yxvv6q,1zxzy9jq,om1mx362,7kjvmgk3,None,712
o1yxvv6q,1zxzy9jq,29d30dlp,rkle7mw2,None,50
o1yxvv6q,1zxzy9jq,29d30dlp,z2771020,None,52
o1yxvv6q,1zxzy9jq,o1yxvv6q,jdr17vg2,None,10
o1yxvv6q,1zxzy9jq,o1y3mo6q,jdzevrdv,None,5
o1yxvv6q,1zxzy9jq,n4d7r172,7wk6prd1,None,143
o1yxvv6q,1zxzy9jq,n4d7r172,xn2yqmko,None,31
o1yxvv6q,1zxzy9jq,29d30dlp,nxd1rk8q,None,204
o1yxvv6q,1zxzy9jq,29d30dlp,02q75pdy,None,7
o1yxvv6q,1zxzy9jq,o1yxvv6q,n2yj37z2,None,7
o1yxvv6q,1zxzy9jq,o1yxvv6q,n2yj37z2,None,2
o1yxvv6q,1zxzy9jq,n4d7r172,p7kjv4k3,None,36
o1yxvv6q,1zxzy9jq,29d30dlp,l9kvjkgq,None,58
o1yxvv6q,1zxzy9jq,n4d7r172,q254wgdo,None,43
o1yxvv6q,8e61r1dj,o1yxvv6q,n2yj37z2,None,38
o1yxvv6q,8e61r1dj,n4d7r172,7wk6prd1,None,204
o1yxvv6q,3qjooej6,xlde4513,vdo0w8vd,None,1
o1yxvv6q,3qjooej6,xlde4513,xd1mg7d8,None,6
o1yxvv6q,3qjooej6,3dx24451,rkl366nk,None,1
o1yxvv6q,3qjooej6,8m1zpm60,q2543ydo,None,17
o1yxvv6q,3qjooej6,8m1zpm60,zdnqxedq,None,36
o1yxvv6q,3qjooej6,om1m9k62,wkpy1gkr,None,14
o1yxvv6q,3qjooej6,om1m9k62,9d8gow3k,None,4
o1yxvv6q,3qjooej6,29d30ydl,jdz593dv,None,14
o1yxvv6q,3qjooej6,29d30ydl,xd1e5428,None,2
o1yxvv6q,3qjooej6,o1yxvv6q,n2yj37z2,None,1
o1yxvv6q,3qjooej6,ok6qvxdg,ndx80vkq,None,1
o1yxvv6q,3qjooej6,n4d7r172,p7kjv4k3,None,4
o1yxvv6q,3qjooej6,o1yxvv6q,7kjzq1nd,None,1
o1yxvv6q,3qjooej6,29d30dlp,l9kvjkgq,None,14
o1yxvv6q,3qjooej6,yo1yv1q5,wz27gz20,None,9
o1yxvv6q,3qjooej6,4d7x7317,9kvomy82,None,17
o1yxvv6q,3qjooej6,4d7x7317,zdnrgve2,5wkkjm2w,3
o1yxvv6q,3qjooej6,4d7x7317,zdnrgve2,5920z6od,4
o1yxvv6q,3qjooej6,kyd49x1e,wk6jrxd1,None,7
o1yxvv6q,3qjooej6,kyd49x1e,7dggn7d4,None,21
o1yxvv6q,3qjooej6,n26877dp,w20zg8dn,None,8
o1yxvv6q,3qjooej6,o1yxvv6q,n2yj37z2,None,4
o1yxvv6q,3qjooej6,4d7x7317,z2770n02,None,2
o1yxvv6q,3qjooej6,n26877dp,ndx895kq,None,58
o1yxvv6q,3qjooej6,y654yred,zd38qrvk,None,1
o1yxvv6q,3qjooej6,4d7x7317,zdnrgve2,y9m5jm5d,4
o1yxvv6q,3qjooej6,4d7x7317,zdnrgve2,rdno0mqw,3
o1yxvv6q,3qjooej6,4d7x7317,zdnrgve2,xd0kgex9,4
o1yxvv6q,3qjooej6,4d7x7317,zdnrgve2,xd40j529,5
o1yxvv6q,3qjooej6,4d7x7317,q25qnvv2,None,6
o1yxvv6q,3qjooej6,4d7x7317,zdnrgve2,n93q7xnw,5
o1yxvv6q,3qjooej6,4d7x7317,zdnrgve2,xd1j7med,4
o1yxvv6q,3qjooej6,4d7x7317,zdnrgve2,29vm3839,3
o1yxvv6q,3qjooej6,4d7x7317,zdnrgve2,xd1j7med,4
o1yxvv6q,3qjooej6,4d7x7317,zdnrgve2,ldy1yrkd,3
o1yxvv6q,3qjooej6,4d7x7317,zdnrgve2,n93q7xzw,3
o1yxvv6q,3qjooej6,4d7x7317,zdnrgve2,ewp7j2kw,6
o1yxvv6q,3qjooej6,4d7x7317,zdnrgve2,owo70jo9,5
o1yxvv6q,3qjooej6,4d7x7317,zdnrgve2,z98r6ogd,6
o1yxvv6q,3qjooej6,4d7x7317,zdnrgve2,rw6q47rd,4
o1yxvv6q,3qjooej6,4d7x7317,5dw8m70d,None,6
o1yxvv6q,3qjooej6,29d30dlp,nxd1rk8q,None,103
o1yxvv6q,3qjooej6,29d30dlp,rkle7mw2,None,20
o1yxvv6q,3qjooej6,k6q0xz1g,rklx7z6k,None,22
o1yxvv6q,3qjooej6,29d30dlp,jzd3y2nq,None,59
o1yxvv6q,3qjooej6,n4d7r172,z27g8520,None,13
o1yxvv6q,3qjooej6,n26877dp,z27lr5gd,None,21
o1yxvv6q,3qjooej6,n4d7r172,xn2yqmko,None,19
o1yxvv6q,3qjooej6,n4d7r172,7wk6prd1,None,89
o1yxvv6q,18q3rzdj,nd2vge10,q2581682,None,3
o1yxvv6q,18q3rzdj,yo1yv1q5,wdm8v332,ewp72pjw,11
o1yxvv6q,18q3rzdj,369vz81l,824x6nmd,None,6
o1yxvv6q,18q3rzdj,4d7eyz67,xk9086yk,None,37
o1yxvv6q,18q3rzdj,om1mx362,7kjvmgk3,None,396
o1yxvv6q,18q3rzdj,j1nqoy1p,zd30e6vd,gdrprm6w,14
o1yxvv6q,18q3rzdj,o1yxvv6q,xk9jn84d,None,100
o1yxvv6q,18q3rzdj,lde2nld3,w20p54vk,None,1
o1yxvv6q,98r7gyqj,w6j8p71j,n2y7yw82,None,9
o1yxvv6q,98r7gyqj,29d30dlp,nxd1rk8q,None,313
o1yxvv6q,98r7gyqj,n4d7r172,7wk6prd1,None,96
o1yxvv6q,98r7gyqj,ok6q4mdg,9kvpeqek,r9gy8xp9,3
o1yxvv6q,98r7gyqj,ok6q4mdg,9kvpeqek,ywe2pl7w,1
o1yxvv6q,98r7gyqj,ok6q4mdg,9kvpeqek,nwlge3e9,2
o1yxvv6q,98r7gyqj,o1y90rk6,7kj37gn2,None,6
o1yxvv6q,98r7gyqj,o1yxvv6q,n2yj37z2,None,10
o1yxvv6q,98r7gyqj,n4d7r172,wkpjll0k,xd10qnz9,3
o1yxvv6q,98r7gyqj,o6gn7o12,wkp3yj2r,None,140
o1yxvv6q,98r7gyqj,nj1nee1p,ndx8jxjk,5d7zglew,1
o1yxvv6q,98r7gyqj,nj1nee1p,ndx8jxjk,ywe2r5yw,3
o1yxvv6q,98r7gyqj,nj1nee1p,ndx8jxjk,nwlgqo09,3
o1yxvv6q,98r7gyqj,n4d7r172,q254wgdo,None,32
o1yxvv6q,98r7gyqj,o6gn7o12,q253ojko,None,50
o1yxvv6q,98r7gyqj,m1m3yk62,zd3mzy2n,None,90
o1yxvv6q,98r7gyqj,m1m3yk62,ndxjl7o2,xd0k4qj9,14
o1yxvv6q,98r7gyqj,n4d7r172,wkpjll0k,n930jr29,5
o1yxvv6q,98r7gyqj,m1m3yk62,ndxjl7o2,29vmz7x9,15
o1yxvv6q,98r7gyqj,m1m3yk62,ndxjl7o2,ewp78x4w,31
o1yxvv6q,98r7gyqj,n4d7r172,wkpjll0k,5d77mgqd,5
o1yxvv6q,98r7gyqj,qw6j21jm,ndx8gnok,xd00rqxd,1
o1yxvv6q,98r7gyqj,n4d7r172,wkpjll0k,xd0055md,5
o1yxvv6q,98r7gyqj,pdvz4v6w,9kvmv3kg,None,238
o1yxvv6q,98r7gyqj,pdvz4v6w,9d8x6v62,None,31
o1yxvv6q,98r7gyqj,o1yxvv6q,7kjzq1nd,None,16
o1yxvv6q,98r7gyqj,nj1nee1p,ndx8jxjk,69zpy2lw,3
o1yxvv6q,98r7gyqj,o1yxvv6q,n2yj37z2,None,45
o1yxvv6q,98r7gyqj,3dxenv1y,9d8vq4lk,None,3
o1yxvv6q,98r7gyqj,29d30dlp,zd30m4yd,kwjyqg1w,7
o1yxvv6q,98r7gyqj,29d30dlp,zd30m4yd,xd005pjd,12
o1yxvv6q,98r7gyqj,3dxenv1y,9kvxvo32,None,1
o1yxvv6q,qj2yq68k,y655lg06,xd1jy6wd,None,5
o1yxvv6q,qj2yq68k,n4d7r172,7wk6prd1,None,12
o1yxvv6q,qj2yq68k,29d30dlp,nxd1rk8q,None,15
o1yxvv6q,qj2yq68k,k6q4rqzd,zd38mevk,y9myvy09,3
o1yxvv6q,qj2yq68k,29d30dlp,l9kvjkgq,None,15
o1yxvv6q,qj2yq68k,29d30dlp,jzd3y2nq,None,6
o1yxvv6q,qj2yq68k,o6glq25d,ndx973vd,None,3
o1yxvv6q,qj2yq68k,3690g86l,7dggl5pd,None,4
o1yxvv6q,qj2yq68k,y650j01e,rklmr6dn,None,7
o1yxvv6q,qj2yq68k,m1zj7oz6,jdz9v0r2,None,3
o1yxvv6q,qj2yq68k,9d3rypgd,9kv73rjk,None,4
o1yxvv6q,qj2yq68k,y657jede,wdm475xd,None,53
o1yxvv6q,qj2yq68k,nj1nee1p,gq254vdo,None,14
o1yxvv6q,qj2yq68k,yo1yv1q5,4xk906k0,None,41
o1yxvv6q,qj2yq68k,ok6qvxdg,rklgz8dn,None,5
o1yxvv6q,qj2yq68k,kdkrx26m,7kjvpp4k,None,4
o1yxvv6q,qj2yq68k,pdvzr0k6,rkljm5qd,None,7
o1yxvv6q,qj2yq68k,w6jg756j,9kv98j2g,None,9
o1yxvv6q,qj2yq68k,9d3el01l,jdz3o1v2,None,5
o1yxvv6q,qj2yq68k,yo1yv1q5,xk9g1w6d,None,38
o1yxvv6q,qj2yq68k,kdkrx26m,5dwy9ygk,None,3
o1yxvv6q,qj2yq68k,ok6qlo1g,xd1rxxrk,None,25
o1yxvv6q,qj2yq68k,o1yxvv6q,xk9jn84d,None,54
o1yxvv6q,qj2yq68k,n268nk6p,7dg8xp24,None,179
o1yxvv6q,qj2yq68k,o1yxvv6q,7kjzq1nd,None,9
o1yxvv6q,qj2yq68k,29d30dlp,rkle7mw2,None,30
o1yxvv6q,qj2yq68k,pdv5vk6w,824x1zgd,None,34
o1yxvv6q,qj2yq68k,ok6q991g,9d8x7el2,None,108
o1yxvv6q,qj2yq68k,3dxz351y,5dw6mp02,None,187
o1yxvv6q,qj2yq68k,4pd0n31e,7wkp6v2r,None,529
o1yxvv6q,qj2yq68k,29d3w01l,w9d846kn,None,202
o1yxvv6q,qj2yq68k,nd28xed0,n2yq0qzk,None,6
o1yxvv6q,xz9yd148,om1mx362,xk9436d0,None,3
o1yxvv6q,xz9yd148,om1mx362,xk9436d0,None,2
o1yxvv6q,xz9yd148,om1mx362,7kjvmgk3,None,5
o1yxvv6q,xz9yd148,om1mx362,wkpn1jdr,None,4
o1yxvv6q,xz9yd148,om1mx362,7kjvmgk3,None,1
o1yxvv6q,xz9yd148,om1mx362,w205pr5d,None,2
o1yxvv6q,xz9yd148,om1mx362,wkpn1jdr,None,2
o1yxvv6q,xz9yd148,om1mx362,7kjvmgk3,None,3
o1yxvv6q,xz9yd148,om1mx362,7kjvmgk3,None,6
o1yxvv6q,xz9yd148,46w35xn1,9d8x4qw2,None,47
o1yxvv6q,xz9yd148,om1mx362,7kjvmgk3,None,4
o1yxvv6q,xz9yd148,om1mx362,7kjvmgk3,None,1
o1yxvv6q,xz9yd148,om1mx362,7kjvmgk3,None,2
o1yxvv6q,xz9yd148,om1mx362,7kjvmgk3,None,2
o1yxvv6q,xz9yd148,om1mx362,wkpn1jdr,None,3
o1yxvv6q,xz9yd148,om1mx362,xk9436d0,None,2
o1yxvv6q,xz9yd148,om1mx362,n2yp8m2o,None,22
o1yxvv6q,xz9yd148,om1mx362,rklzx7n2,None,12
o1yxvv6q,xz9yd148,om1mx362,9d8vge6k,None,10
o1yxvv6q,xz9yd148,o1yxvv6q,9d8jx46k,None,9
o1yxvv6q,xz9yd148,o1yxvv6q,9d8jx46k,None,9
o1yxvv6q,xz9yd148,om1mx362,zd3qprkn,gdrg8ewz,2
o1yxvv6q,xz9yd148,om1mx362,zd3qprkn,y9myrz95,3
o1yxvv6q,xz9yd148,om1mx362,zd3qprkn,rdqg5o9x,4
o1yxvv6q,xz9yd148,om1mx362,zd3qprkn,y9m53jxd,3
o1yxvv6q,xz9yd148,om1mx362,zd3qprkn,29vjlq9v,5
o1yxvv6q,xz9yd148,om1mx362,zd3qprkn,z98ezr9l,2
o1yxvv6q,xz9yd148,om1mx362,zd3qprkn,r9gr1jw2,4
o1yxvv6q,xz9yd148,om1mx362,zd3qprkn,n938y2w0,5
o1yxvv6q,xz9yd148,om1mx362,zd3qprkn,rdnr25wm,4
o1yxvv6q,xz9yd148,om1mx362,zd3qprkn,gdrg1ewz,1
o1yxvv6q,xz9yd148,om1mx362,zd3qprkn,592387d6,3
o1yxvv6q,xz9yd148,om1mx362,zd3qprkn,ewpezy9n,5
o1yxvv6q,xz9yd148,om1mx362,zd3qprkn,rdqg3o9x,4
o1yxvv6q,xz9yd148,om1mx362,zd3qprkn,5wk88vw4,4
o1yxvv6q,xz9yd148,om1mx362,xd1mrrrd,ywenmlwl,9
o1yxvv6q,xz9yd148,om1mx362,zd3qprkn,ywenmlwl,12
o1yxvv6q,xz9yd148,om1mx362,zd3qprkn,nwlnyodv,2
o1yxvv6q,xz9yd148,om1mx362,zd3qprkn,rdnrl5wm,7
o1yxvv6q,xz9yd148,om1mx362,zd3qprkn,495ylmwp,1
o1yxvv6q,xz9yd148,om1mx362,zd3qprkn,rw6rlpw7,4
o1yxvv6q,xz9yd148,om1mx362,zd3qprkn,kwj380dg,1
o1yxvv6q,xz9yd148,om1mx362,zd3qprkn,495kqqm9,1
o1yxvv6q,xz9yd148,om1mx362,zd3qprkn,r9grjjw2,6
o1yxvv6q,j92kz2r8,46w9v71r,zd30zeyd,z98jnnrw,1
o1yxvv6q,j92kz2r8,46w9v71r,zd30zeyd,z98jnnrw,2
o1yxvv6q,j92kz2r8,46w9v71r,zd30zeyd,29vy27q9,2
o1yxvv6q,j92kz2r8,46w9v71r,zd30zeyd,xd00xqmd,2
o1yxvv6q,j92kz2r8,46w9v71r,wkprl02r,None,4
o1yxvv6q,j92kz2r8,46w9v71r,02qg6zyd,None,1
o1yxvv6q,j92kz2r8,46w9v71r,zd30zeyd,rw6v3op9,1
o1yxvv6q,j92kz2r8,46w9v71r,zd30zeyd,xd00xqmd,1
o1yxvv6q,j92kz2r8,46w9v71r,zd30zeyd,ldye22pw,1
o1yxvv6q,j92kz2r8,46w9v71r,zd30zeyd,xd46x2q9,1
o1yxvv6q,j92kz2r8,46w9v71r,zd30zeyd,n930oo29,1
o1yxvv6q,j92kz2r8,46w9v71r,02qg6zyd,None,1
o1yxvv6q,j92kz2r8,46w9v71r,zd30zeyd,z98jnnrw,1
o1yxvv6q,j92kz2r8,46w9v71r,zd30zeyd,rdn5nn5d,1
o1yxvv6q,j92kz2r8,46w9v71r,02qg6zyd,None,1
o1yxvv6q,j92kz2r8,46w9v71r,zd30zeyd,z98jnnrw,1
o1yxvv6q,j92kz2r8,46w9v71r,zd30zeyd,rdn5nn5d,1
o1yxvv6q,j92kz2r8,46w9v71r,zd30zeyd,ldye22pw,1
o1yxvv6q,j92kz2r8,46w9v71r,02qg6zyd,None,1
o1yxvv6q,j92kz2r8,46w9v71r,zd30zeyd,n930oo29,1
o1yxvv6q,j92kz2r8,46w9v71r,zd30zeyd,29vy27q9,1
o1yxvv6q,j92kz2r8,46w9v71r,02qg6zyd,None,1
o1yxvv6q,j92kz2r8,46w9v71r,02qg6zyd,None,2
o1yxvv6q,j92kz2r8,46w9v71r,zd30zeyd,rw6v3op9,1
o1yxvv6q,j92kz2r8,46w9v71r,zd30zeyd,xd46x2q9,1
o1yxvv6q,j92kz2r8,46w9v71r,zd30zeyd,29vy27q9,1
o1yxvv6q,j92kz2r8,46w9v71r,zd30zeyd,rdn5nn5d,1
o1yxvv6q,j92kz2r8,46w9v71r,zd30zeyd,z98jnnrw,1
o1yxvv6q,j92kz2r8,46w9v71r,zd30zeyd,29vy27q9,1
o1yxvv6q,j92kz2r8,46w9v71r,zd30zeyd,rdn5nn5d,1
o1yxvv6q,j92kz2r8,46w9v71r,zd30zeyd,xd00xqmd,1
o1yxvv6q,j92kz2r8,46w9v71r,zd30zeyd,xd00xqmd,1
o1yxvv6q,j92kz2r8,46w9v71r,zd30zeyd,ldye22pw,1
o1yxvv6q,j92kz2r8,46w9v71r,zd30zeyd,rdn5nn5d,2
o1yxvv6q,j92kz2r8,46w9v71r,zd30zeyd,xd46x2q9,1
o1yxvv6q,j92kz2r8,46w9v71r,zd30zeyd,n930oo29,1
o1yxvv6q,j92kz2r8,o1yxvv6q,xk9jn84d,None,133
o1yxvv6q,j92kz2r8,j1nm8w6p,mkeqpm6k,None,15
o1yxvv6q,j92kz2r8,j1nm8w6p,mkeqpm6k,None,21
o1yxvv6q,y8d0zzlx,o1yxvv6q,xk9jn84d,None,65
o1yxvv6q,wzx7wq87,o1yj0pr1,7kjgmrzk,None,4
o1yxvv6q,wzx7wq87,n268e96p,7wkp02rm,None,5
o1yxvv6q,wzx7wq87,n4d7r172,7wk6prd1,None,6
o1yxvv6q,wzx7wq87,ok6q4mdg,gq25ovko,None,6
o1yxvv6q,wzx7wq87,n4d7r172,xn2yqmko,None,5
o1yxvv6q,wzx7wq87,yo1yv1q5,xk9g1w6d,None,22
o1yxvv6q,wzx7wq87,nj1nee1p,gq254vdo,None,10
o1yxvv6q,wzx7wq87,ok6qvxdg,rklgz8dn,None,4
o1yxvv6q,wzx7wq87,29d30dlp,nxd1rk8q,None,137
o1yxvv6q,wzx7wq87,yo1yv1q5,4xk906k0,None,46
o1yxvv6q,wzx7wq87,yo1yv1q5,wdm8v332,495jq5jw,1
o1yxvv6q,wzx7wq87,n4d7r172,wkpjll0k,ldyezopw,2
o1yxvv6q,wzx7wq87,n4d7r172,wkpjll0k,gdrj3zew,5
o1yxvv6q,wzx7wq87,n4d7r172,wkpjll0k,69zrg1xd,3
o1yxvv6q,wzx7wq87,n4d7r172,wkpjll0k,r9gzgpjd,1
o1yxvv6q,wzx7wq87,n4d7r172,wkpjll0k,o9x2ej3w,3
o1yxvv6q,wzx7wq87,n4d7r172,wkpjll0k,ldyezmjw,1
o1yxvv6q,wzx7wq87,n4d7r172,wkpjll0k,n930j679,1
o1yxvv6q,wzx7wq87,n4d7r172,wkpjll0k,ywe4eold,3
o1yxvv6q,wzx7wq87,n4d7r172,wkpjll0k,z98jk1rw,2
o1yxvv6q,wzx7wq87,n4d7r172,wkpjll0k,ldyezmpw,2
o1yxvv6q,wzx7wq87,n4d7r172,wkpjll0k,5wk27y5w,1
o1yxvv6q,wzx7wq87,n4d7r172,wkpjll0k,29vyrqq9,2
o1yxvv6q,wzx7wq87,n4d7r172,wkpjll0k,xd46olq9,4
o1yxvv6q,wzx7wq87,n4d7r172,wkpjll0k,592j7xgw,1
o1yxvv6q,wzx7wq87,n4d7r172,wkpjll0k,kwjyq20w,2
o1yxvv6q,wzx7wq87,n4d7r172,wkpjll0k,ewpp6glw,1
o1yxvv6q,wzx7wq87,n4d7r172,wkpjll0k,xd10qnz9,2
o1yxvv6q,wzx7wq87,n4d7r172,wkpjll0k,rw6v6zp9,3
o1yxvv6q,wzx7wq87,n4d7r172,wkpjll0k,y9meolld,2
o1yxvv6q,wzx7wq87,n4d7r172,wkpjll0k,5wk277vw,1
o1yxvv6q,wzx7wq87,n4d7r172,wkpjll0k,495j172w,4
o1yxvv6q,wzx7wq87,n4d7r172,wkpjll0k,rdq0kxmw,4
o1yxvv6q,wzx7wq87,29d30dlp,zd30m4yd,rdq0kmgw,2
o1yxvv6q,wzx7wq87,n4d7r172,wkpjll0k,xd005m0d,1
o1yxvv6q,wzx7wq87,29d30dlp,zd30m4yd,ewpp634w,2
o1yxvv6q,wzx7wq87,n4d7r172,wkpjll0k,n930jv79,2
o1yxvv6q,wzx7wq87,29d30dlp,zd30m4yd,5d77mjed,5
o1yxvv6q,wzx7wq87,n4d7r172,wkpjll0k,rdn51e5d,1
o1yxvv6q,wzx7wq87,29d30dlp,zd30m4yd,5d77mped,3
o1yxvv6q,wzx7wq87,n4d7r172,wkpjll0k,5wk273vw,3
o1yxvv6q,wzx7wq87,n4d7r172,wkpjll0k,y9meonzd,2
o1yxvv6q,wzx7wq87,n4d7r172,wkpjll0k,owokprjd,3
o1yxvv6q,wzx7wq87,x369386l,7kjv7zk3,None,13
o1yxvv6q,wzx7wq87,y65rw31e,wk634rk1,None,3
o1yxvv6q,wzx7wq87,xlde3j63,4xk9l6k0,None,21
o1yxvv6q,wzx7wq87,n4d7r172,wkpjll0k,ldyeo4jw,4
o1yxvv6q,wzx7wq87,n4d7r172,p7kjv4k3,None,13
o1yxvv6q,wzx7wq87,n4d7r172,wkpjll0k,z98jk17w,2
o1yxvv6q,wzx7wq87,n4d7r172,wkpjll0k,592j7y7w,2
o1yxvv6q,wzx7wq87,n4d7r172,wkpjll0k,xd46o409,3
o1yxvv6q,wzx7wq87,n4d7r172,wkpjll0k,xd40eo29,1
o1yxvv6q,wzx7wq87,n4d7r172,wkpjll0k,n93qljnw,6
o1yxvv6q,wzx7wq87,n4d7r172,wkpjll0k,xd0kn5x9,7
o1yxvv6q,wzx7wq87,n4d7r172,wkpjll0k,rw6qg6rd,1
o1yxvv6q,wzx7wq87,29d30dlp,jzd3y2nq,None,55
o1yxvv6q,wzx7wq87,o1y3mo6q,jdzevrdv,None,2
o1yxvv6q,wzx7wq87,j1l9qz1g,jdrwr0k6,None,97
o1yxvv6q,wzx7wq87,ok6q4mdg,rkl3p4nk,None,4
o1yxvv6q,wzx7wq87,n4d7r172,wkpjll0k,29vyr419,3
o1yxvv6q,wzx7wq87,qw6j21jm,9zdnw9dq,None,6
o1yxvv6q,wzx7wq87,yo1yv1q5,wz27gz20,None,21
o1yxvv6q,wzx7wq87,o1yxvv6q,n2yj37z2,None,5
o1yxvv6q,0jm659e8,o6gep812,jdr86ogk,None,7
o1yxvv6q,0jm659e8,n4d7r172,7wk6prd1,None,43
o1yxvv6q,0jm659e8,4d708n17,xd1olzk8,None,50
o1yxvv6q,0jm659e8,pdv29k96,vdo567yk,None,9
o1yxvv6q,0jm659e8,29d30dlp,jzd3y2nq,None,18
o1yxvv6q,0jm659e8,46w3enn1,7dg9qwxk,None,1
o1yxvv6q,0jm659e8,ok6q4mdg,gq25ovko,None,2
o1yxvv6q,0jm659e8,ok6qvxdg,9d8pm76k,None,1
o1yxvv6q,0jm659e8,om1mx362,wkpn1jdr,None,7
o1yxvv6q,0jm659e8,o1yxvv6q,xk9jn84d,None,11
o1yxvv6q,0jm659e8,om1mx362,wkpn1jdr,None,15
o1yxvv6q,0jm659e8,qw6j21jm,02qm1mzd,None,2
o1yxvv6q,0jm659e8,m1mp9312,824p76g2,None,1
o1yxvv6q,0jm659e8,kdkv2q1m,q25jwydo,None,8
o1yxvv6q,0jm659e8,n4d7r172,p7kjv4k3,None,14
o1yxvv6q,0jm659e8,29d30dlp,9d8v6j7k,None,2
o1yxvv6q,0jm659e8,3dxo04dy,jdrpzqg2,None,1
o1yxvv6q,0jm659e8,3dxo04dy,zd3yg082,None,1
o1yxvv6q,0jm659e8,29d30dlp,rkle7mw2,None,1
o1yxvv6q,0jm659e8,ok6qvxdg,rklgz8dn,None,1
o1yxvv6q,0jm659e8,3dxo04dy,rkl5npw2,None,2
o1yxvv6q,0jm659e8,268em5y6,q25g84yd,None,1
o1yxvv6q,0jm659e8,3dxo04dy,9d8vrp6k,None,1
o1yxvv6q,0jm659e8,3dxo04dy,jdz5y33d,None,1
o1yxvv6q,0jm659e8,3dxo04dy,824pwxm2,None,2
o1yxvv6q,0jm659e8,76r39056,rkl53o62,None,2
o1yxvv6q,0jm659e8,76r39056,rkl53o62,None,5
o1yxvv6q,0jm659e8,w6j7exe6,02q4nq9d,None,1
o1yxvv6q,0jm659e8,yo1yv1q5,4xk906k0,None,22
o1yxvv6q,0jm659e8,om1mx362,9d8vge6k,None,22
o1yxvv6q,0jm659e8,268rmo1p,rkleyoq2,None,2
o1yxvv6q,0jm659e8,268rmo1p,rkleyoq2,None,2
o1yxvv6q,0jm659e8,268rmo1p,wk6758od,None,2
o1yxvv6q,0jm659e8,om1mx362,zd3qprkn,n930r629,2
o1yxvv6q,0jm659e8,yo1yv1q5,wdm8v332,rdq0m71w,1
o1yxvv6q,0jm659e8,29d30dlp,l9kvjkgq,None,10
o1yxvv6q,0jm659e8,29d30dlp,9zdne7dq,None,6
o1yxvv6q,0jm659e8,29d30dlp,02q75pdy,None,2
o1yxvv6q,0jm659e8,29d30dlp,nxd1rk8q,None,38
o1yxvv6q,0jm659e8,om1mx362,7kjvmgk3,None,29
o1yxvv6q,0jm659e8,om1mx362,wkpn1jdr,None,27
o1yxvv6q,0jm659e8,j1nqoy1p,mke9x59d,None,12
o1yxvv6q,0jm659e8,om1mx362,zd3qprkn,r9grrjw2,6
o1yxvv6q,0jm659e8,j1n3qldp,jdz3jxx2,None,1
o1yxvv6q,0jm659e8,29d30dlp,z2771020,None,9
o1yxvv6q,0jm659e8,om1mx362,7kjvmgk3,None,88
o1yxvv6q,0jm659e8,om1mx362,7kjvmgk3,None,53
o1yxvv6q,0jm659e8,om1mx362,n2yp8m2o,None,20
o1yxvv6q,0jm659e8,o1yxvv6q,7kjzq1nd,None,38
o1yxvv6q,0jm659e8,ok6q4mdg,7kj15n4k,None,8
o1yxvv6q,0jm659e8,nd2o8v60,wdm4x7od,None,1
o1yxvv6q,0jm659e8,o1yxvv6q,7kjzq1nd,None,12
o1yxvv6q,0jm659e8,o1yxvv6q,7kjzq1nd,None,14
o1yxvv6q,0jm659e8,3695l8dl,zd3lo58d,None,7
o1yxvv6q,0jm659e8,3695l8dl,n2yq45zk,None,27
o1yxvv6q,0jm659e8,3695l8dl,824mopn2,5927n3w6,2
o1yxvv6q,0jm659e8,29d30dlp,zd30m4yd,69zrgl4d,1
o1yxvv6q,0jm659e8,29d30dlp,zd30m4yd,r9gzgm2d,3
o1yxvv6q,0jm659e8,ldeenld3,02qjo3jd,None,16
o1yxvv6q,0jm659e8,46wv0ndr,rklx8yqk,None,4
o1yxvv6q,0jm659e8,o1yxvv6q,wk61oord,None,4
o1yxvv6q,0jm659e8,n4d7r172,wkpjll0k,5d77mgqd,2
o1yxvv6q,0jm659e8,n4d7r172,wkpjll0k,xd0055md,2
o1yxvv6q,0jm659e8,l3dx51yv,wkpjpvkr,None,442
o1yxvv6q,0jm659e8,29d30dlp,zd30m4yd,y9meo00d,6
o1yxvv6q,0jm659e8,o1yxvv6q,n2yj37z2,None,40
o1yxvv6q,0jm659e8,k6qew96g,7kjzy63d,None,213
o1yxvv6q,0jm659e8,n4d7r172,q254wgdo,None,41
o1yxvv6q,0jm659e8,n4d7r172,wkpjll0k,kwjyqq0w,9
o1yxvv6q,0jm659e8,n4d7r172,wkpjll0k,xd46ooq9,5
o1yxvv6q,0jm659e8,om1m3625,w20p0zkn,None,1393
o1yxvv6q,8qzo0nw8,yo1yv1q5,4xk906k0,None,13
o1yxvv6q,8qzo0nw8,o1yxvv6q,xk9jn84d,None,7
o1yxvv6q,8qzo0nw8,yo1yv1q5,xk9g1w6d,None,43
o1yxvv6q,8qzo0nw8,yo1yv1q5,wz27gz20,None,26
o1yxvv6q,8qzo0nw8,29d30dlp,nxd1rk8q,None,189
o1yxvv6q,18vqnyjl,29d30dlp,zd30m4yd,xd46o189,2
o1yxvv6q,18vqnyjl,o1yxvv6q,n2yj37z2,None,4
o1yxvv6q,18vqnyjl,o1yxvv6q,n2yj37z2,None,7
o1yxvv6q,18vqnyjl,n4d7r172,wkpjll0k,y9meoozd,4
o1yxvv6q,18vqnyjl,n4d7r172,q254wgdo,None,17
o1yxvv6q,18vqnyjl,n4d7r172,7wk6prd1,None,41
o1yxvv6q,18vqnyjl,n4d7r172,wkpjll0k,n93qljnw,7
o1yxvv6q,18vqnyjl,n4d7r172,xn2yqmko,None,33
o1yxvv6q,18vqnyjl,n4d7r172,wkpjll0k,rw6qg6rd,3
o1yxvv6q,18vqnyjl,n4d7r172,wkpjll0k,xd0kn5x9,8
o1yxvv6q,18vqnyjl,n4d7r172,wkpjll0k,xd40eo29,2
o1yxvv6q,18vqnyjl,268pjodp,zd3qwnkn,None,147
o1yxvv6q,zxzwpz4x,n2680o1p,w201n3zk,owo2nood,2
o1yxvv6q,zxzwpz4x,w6j3gxdj,xd17jj7d,49546kmw,1
o1yxvv6q,zxzwpz4x,w6j3gxdj,xd17jj7d,o9x4n13d,1
o1yxvv6q,zxzwpz4x,w6j3gxdj,xd17jj7d,r9gx2yjw,1
o1yxvv6q,zxzwpz4x,w6j3gxdj,xd17jj7d,69zz3px9,1
o1yxvv6q,zxzwpz4x,w6j3gxdj,xd17jj7d,gdr2epe9,1
o1yxvv6q,zxzwpz4x,w6j3gxdj,xd17jj7d,ldy2y1pw,1
o1yxvv6q,zxzwpz4x,w6j3gxdj,xd17jj7d,nwl3lgow,1
o1yxvv6q,zxzwpz4x,76rxovv6,z27rlmgd,None,68
o1yxvv6q,zxzwpz4x,ok6q4mdg,9kvpeqek,5d7yj8vd,1
o1yxvv6q,zxzwpz4x,ok6q4mdg,9kvpeqek,495kq4j9,1
o1yxvv6q,zxzwpz4x,ok6q4mdg,9kvpeqek,kwj7kpzw,1
o1yxvv6q,zxzwpz4x,ok6q4mdg,9kvpeqek,rdqzml1d,1
o1yxvv6q,zxzwpz4x,ok6qq06g,7kjv7l4k,5920n56d,2
o1yxvv6q,zxzwpz4x,yo1yv1q5,wdm8v332,ldyeryzw,4
o1yxvv6q,zxzwpz4x,yo1yv1q5,wdm8v332,592ezl69,1
o1yxvv6q,zxzwpz4x,yo1yv1q5,wdm8v332,5wk4joxd,1
o1yxvv6q,zxzwpz4x,yo1yv1q5,wdm8v332,xd4gjz8d,1
o1yxvv6q,zxzwpz4x,yo1yv1q5,wdm8v332,y9m4j309,1
o1yxvv6q,zxzwpz4x,9d3rvzwd,vdo86y6k,None,11
o1yxvv6q,zxzwpz4x,yo1yv1q5,wdm8v332,rdq5o7od,1
o1yxvv6q,zxzwpz4x,w6j3gxdj,xd17jj7d,rdqljzow,1
o1yxvv6q,zxzwpz4x,76rxovv6,zd389nvk,None,7
o1yxvv6q,zxzwpz4x,76rxovv6,9kv750ok,ldyk23rw,1
o1yxvv6q,zxzwpz4x,76rxovv6,rklv4prd,ldyk23rw,1
o1yxvv6q,zxzwpz4x,ok6q4mdg,9kvpeqek,y9m5z8xd,1
o1yxvv6q,zxzwpz4x,ok6q4mdg,9kvpeqek,29vmp2l9,1
o1yxvv6q,zxzwpz4x,76rxovv6,zd389nvk,None,2
o1yxvv6q,zxzwpz4x,76rxovv6,zdnxz5x2,None,1
o1yxvv6q,zxzwpz4x,yo1yv1q5,xk9l5yk0,None,39
o1yxvv6q,zxzwpz4x,yo1yv1q5,wdm8v332,495lz5md,1
o1yxvv6q,zxzwpz4x,yo1yv1q5,wdm8v332,r9g1n4j9,1
o1yxvv6q,zxzwpz4x,yo1yv1q5,wdm8v332,69zn62x9,1
o1yxvv6q,zxzwpz4x,yo1yv1q5,wdm8v332,owoko1jd,5
o1yxvv6q,zxzwpz4x,qw6j21jm,5dwjw40k,rdqzm12d,2
o1yxvv6q,zxzwpz4x,9d3rvzwd,mkell46d,None,4
o1yxvv6q,zxzwpz4x,9d3rvzwd,mkell46d,None,5
o1yxvv6q,zxzwpz4x,9d3rvzwd,mkell46d,None,10
o1yxvv6q,zxzwpz4x,9d3rvzwd,mkell46d,None,7
o1yxvv6q,zxzwpz4x,yo1yv1q5,wdm8v332,r9gzm4kd,3
o1yxvv6q,zxzwpz4x,yo1yv1q5,wdm8v332,ewp4jy4w,1
o1yxvv6q,zxzwpz4x,yo1yv1q5,wdm8v332,n93z7erw,3
o1yxvv6q,zxzwpz4x,yo1yv1q5,wdm8v332,rw654x6d,1
o1yxvv6q,zxzwpz4x,yo1yv1q5,wdm8v332,xd06gyjd,1
o1yxvv6q,zxzwpz4x,yo1yv1q5,wdm8v332,z9846q1w,1
o1yxvv6q,zxzwpz4x,76rxovv6,9kv750ok,o9xx0n79,3
o1yxvv6q,zxzwpz4x,76rxovv6,rklv4prd,o9xx0n79,1
o1yxvv6q,zxzwpz4x,76rxovv6,9kv750ok,r9gj30j9,2
o1yxvv6q,zxzwpz4x,76rxovv6,rklv4prd,r9gj30j9,2
o1yxvv6q,zxzwpz4x,76rxovv6,z27rlmgd,None,2
o1yxvv6q,zxzwpz4x,76rxovv6,q253jlgk,None,1
o1yxvv6q,zxzwpz4x,ok6q4mdg,9kvpeqek,owo7xyk9,1
o1yxvv6q,zxzwpz4x,76rxovv6,rklv4prd,ldy51zpw,4
o1yxvv6q,zxzwpz4x,ok6q4mdg,9kvpeqek,ewp75rjw,1
o1yxvv6q,zxzwpz4x,ok6q4mdg,9kvpeqek,xd1jzx6d,1
o1yxvv6q,zxzwpz4x,76rxovv6,9kv750ok,gdro2yld,7
o1yxvv6q,zxzwpz4x,76rxovv6,rklv4prd,gdro2yld,7
o1yxvv6q,zxzwpz4x,ok6q4mdg,9kvpeqek,owo7myy9,1
o1yxvv6q,zxzwpz4x,ok6q4mdg,9kvpeqek,o9x1y41d,1
o1yxvv6q,zxzwpz4x,ok6q4mdg,9kvpeqek,y9m5m81d,1
o1yxvv6q,zxzwpz4x,ok6q4mdg,9kvpeqek,xd1j1x5d,1
o1yxvv6q,zxzwpz4x,yo1yv1q5,wdm8v332,owo7mkk9,4
o1yxvv6q,zxzwpz4x,76rxovv6,rklv4prd,rdnlo15w,1
o1yxvv6q,zxzwpz4x,76rxovv6,rklv4prd,z98zrxr9,1
o1yxvv6q,zxzwpz4x,76rxovv6,rklv4prd,z98zrkr9,1
o1yxvv6q,zxzwpz4x,76rxovv6,9kv750ok,z98zrkr9,1
o1yxvv6q,zxzwpz4x,76rxovv6,9kv750ok,5wknk7vw,2
o1yxvv6q,zxzwpz4x,76rxovv6,rklv4prd,5wknk7vw,1
o1yxvv6q,zxzwpz4x,ok6q4mdg,9kvpeqek,5d7yr86d,1
o1yxvv6q,zxzwpz4x,ok6q4mdg,9kvpeqek,kwj7rp7w,1
o1yxvv6q,zxzwpz4x,ok6q4mdg,9kvpeqek,5920p53d,1
o1yxvv6q,zxzwpz4x,ok6q4mdg,9kvpeqek,5wkklppw,1
o1yxvv6q,zxzwpz4x,76rxovv6,9kv750ok,ldy51zpw,3
o1yxvv6q,zxzwpz4x,76rxovv6,rklv4prd,xd4y0oqd,1
o1yxvv6q,zxzwpz4x,76rxovv6,rklv4prd,owoe7pjd,3
o1yxvv6q,zxzwpz4x,76rxovv6,9kv750ok,5d7eymqw,3
o1yxvv6q,zxzwpz4x,76rxovv6,rklv4prd,5d7eymqw,2
o1yxvv6q,zxzwpz4x,9d3rvzwd,wk6nm0o2,None,54
o1yxvv6q,zxzwpz4x,yo1yv1q5,wdm8v332,5wkkm2pw,2
o1yxvv6q,zxzwpz4x,76rxovv6,9kv750ok,owoe7pjd,2
o1yxvv6q,zxzwpz4x,yo1yv1q5,wdm8v332,69zplrgw,2
o1yxvv6q,zxzwpz4x,yo1yv1q5,wdm8v332,r9gymzp9,2
o1yxvv6q,zxzwpz4x,yo1yv1q5,wdm8v332,y9m5mjxd,1
o1yxvv6q,zxzwpz4x,76rxovv6,rklv4prd,rw6lq6pw,1
o1yxvv6q,zxzwpz4x,76rxovv6,9kv750ok,59280779,1
o1yxvv6q,zxzwpz4x,76rxovv6,9kv750ok,gdr8p3e9,1
o1yxvv6q,zxzwpz4x,yo1yv1q5,wdm8v332,r9gzmxkd,4
o1yxvv6q,zxzwpz4x,29d30dlp,z2771020,None,47
o1yxvv6q,zxzwpz4x,yo1yv1q5,wdm8v332,n9305229,2
o1yxvv6q,zxzwpz4x,76rxovv6,9kv750ok,ldy5eqzw,5
o1yxvv6q,zxzwpz4x,76rxovv6,rklv4prd,ldy5eqzw,2
o1yxvv6q,zxzwpz4x,76rxovv6,9kv750ok,n93nqr2w,4
o1yxvv6q,zxzwpz4x,76rxovv6,rklv4prd,n93nqr2w,1
o1yxvv6q,zxzwpz4x,76rxovv6,9kv750ok,xd18g66w,2
o1yxvv6q,zxzwpz4x,m9doledp,9d8p8lkn,None,2
o1yxvv6q,zxzwpz4x,9d3rvzwd,wk6nm0o2,None,8
o1yxvv6q,zxzwpz4x,9d3rvzwd,02q3q97k,None,1
o1yxvv6q,zxzwpz4x,76rxovv6,9kv750ok,69zqpgx9,3
o1yxvv6q,zxzwpz4x,76rxovv6,rklv4prd,69zqpgx9,3
o1yxvv6q,zxzwpz4x,76rxovv6,9kv750ok,r9g1lxj9,2
o1yxvv6q,zxzwpz4x,76rxovv6,rklv4prd,r9g1lxj9,5
o1yxvv6q,zxzwpz4x,76rxovv6,9kv750ok,xd02k5m9,2
o1yxvv6q,zxzwpz4x,76rxovv6,rklv4prd,xd02k5m9,1
o1yxvv6q,zxzwpz4x,o1yxvv6q,wk61oord,None,5
o1yxvv6q,zxzwpz4x,9d3rvzwd,7kj3q1x2,None,64
o1yxvv6q,zxzwpz4x,9d3rvzwd,7kj3q1x2,None,48
o1yxvv6q,zxzwpz4x,76rxovv6,9kv750ok,o9xz1e3w,6
o1yxvv6q,zxzwpz4x,76rxovv6,rklv4prd,o9xz1e3w,5
o1yxvv6q,zxzwpz4x,76rxovv6,rklv4prd,59280779,2
o1yxvv6q,zxzwpz4x,76rxovv6,rklv4prd,gdr8p3e9,3
o1yxvv6q,zxzwpz4x,76rxovv6,8241lx32,None,26
o1yxvv6q,zxzwpz4x,yo1yv1q5,wdm8v332,ywe2v47w,2
o1yxvv6q,zxzwpz4x,76rxovv6,824gypg2,None,9
o1yxvv6q,zxzwpz4x,76rxovv6,5dw71l0k,None,1
o1yxvv6q,zxzwpz4x,76rxovv6,9kv750ok,xd4y0oqd,2
o1yxvv6q,zxzwpz4x,76rxovv6,9kv750ok,5d7eymqw,5
o1yxvv6q,zxzwpz4x,76rxovv6,9kv750ok,n93nqj2w,5
o1yxvv6q,zxzwpz4x,76rxovv6,9kv750ok,z98zrxr9,4
o1yxvv6q,zxzwpz4x,76rxovv6,rklv4prd,z98zrxr9,4
o1yxvv6q,zxzwpz4x,76rxovv6,9kv750ok,z98zrkr9,3
o1yxvv6q,zxzwpz4x,76rxovv6,9kv750ok,rdnlo15w,2
o1yxvv6q,zxzwpz4x,76rxovv6,rklv4prd,rdnlo15w,3
o1yxvv6q,zxzwpz4x,76rxovv6,rklv4prd,z98zrkr9,3
o1yxvv6q,zxzwpz4x,76rxovv6,z27rlmgd,None,22
o1yxvv6q,zxzwpz4x,76rxovv6,9kv750ok,xd030k0d,5
o1yxvv6q,zxzwpz4x,76rxovv6,rklv4prd,xd030k0d,4
o1yxvv6q,zxzwpz4x,9d3rvzwd,02q3q97k,None,2
o1yxvv6q,zxzwpz4x,76rxovv6,9kv750ok,r9gjypj9,1
o1yxvv6q,zxzwpz4x,76rxovv6,rklv4prd,r9gjypj9,2
o1yxvv6q,zxzwpz4x,yo1yv1q5,wdm8v332,ldy1rerd,3
o1yxvv6q,zxzwpz4x,yo1yv1q5,wdm8v332,495kqj39,6
o1yxvv6q,zxzwpz4x,yo1yv1q5,wdm8v332,xd0ke049,3
o1yxvv6q,zxzwpz4x,9d3rvzwd,vdo86y6k,None,10
o1yxvv6q,zxzwpz4x,76rxovv6,9kv750ok,y9mr5ozw,3
o1yxvv6q,zxzwpz4x,76rxovv6,rklv4prd,y9mr5ozw,3
o1yxvv6q,zxzwpz4x,9d3rvzwd,02q3qzyk,None,2
o1yxvv6q,zxzwpz4x,yo1yv1q5,wdm8v332,xd1jz05d,6
o1yxvv6q,zxzwpz4x,qw6j21jm,5dwjw40k,5d77k8gd,1
o1yxvv6q,zxzwpz4x,qw6j21jm,5dwjw40k,495jo40w,1
o1yxvv6q,zxzwpz4x,qw6j21jm,5dwjw40k,kwjylpnw,1
o1yxvv6q,zxzwpz4x,qw6j21jm,5dwjw40k,owok1yod,1
o1yxvv6q,zxzwpz4x,qw6j21jm,5dwjw40k,o9x2540w,1
o1yxvv6q,zxzwpz4x,qw6j21jm,5dwjw40k,ywe4klyd,1
o1yxvv6q,zxzwpz4x,qw6j21jm,5dwjw40k,nwl6x30w,1
o1yxvv6q,zxzwpz4x,9d3rvzwd,zdn0m772,None,8
o1yxvv6q,zxzwpz4x,76rxovv6,rklv4prd,rw6e35gd,6
o1yxvv6q,zxzwpz4x,76rxovv6,9kv750ok,rw6e35gd,3
o1yxvv6q,zxzwpz4x,yo1yv1q5,wdm8v332,rdqzm02d,2
o1yxvv6q,zxzwpz4x,9d3rvzwd,jdrvq8n2,None,20
o1yxvv6q,zxzwpz4x,76rxovv6,9kv750ok,495rk1md,1
o1yxvv6q,zxzwpz4x,76rxovv6,rklv4prd,495rk1md,1
o1yxvv6q,zxzwpz4x,qw6j21jm,5dwjw40k,r9gz0x5d,1
o1yxvv6q,zxzwpz4x,qw6j21jm,5dwjw40k,69zrozld,1
o1yxvv6q,zxzwpz4x,qw6j21jm,5dwjw40k,gdrj426w,1
o1yxvv6q,zxzwpz4x,qw6j21jm,5dwjw40k,z98jvngw,1
o1yxvv6q,zxzwpz4x,qw6j21jm,5dwjw40k,rdn5jnqd,1
o1yxvv6q,zxzwpz4x,qw6j21jm,5dwjw40k,nwl6xl0w,3
o1yxvv6q,zxzwpz4x,qw6j21jm,5dwjw40k,ldye7yjw,3
o1yxvv6q,zxzwpz4x,qw6j21jm,5dwjw40k,gdrj4e6w,3
o1yxvv6q,zxzwpz4x,76rxovv6,9kv750ok,ewpz76y9,4
o1yxvv6q,zxzwpz4x,76rxovv6,rklv4prd,ewpz76y9,4
o1yxvv6q,zxzwpz4x,76rxovv6,9kv750ok,n93nqj2w,6
o1yxvv6q,zxzwpz4x,76rxovv6,rklv4prd,n93nqj2w,5
o1yxvv6q,zxzwpz4x,qw6j21jm,5dwjw40k,rdn5jzqd,2
o1yxvv6q,zxzwpz4x,qw6j21jm,5dwjw40k,o9x2570w,1
o1yxvv6q,zxzwpz4x,qw6j21jm,5dwjw40k,n93054n9,2
o1yxvv6q,zxzwpz4x,qw6j21jm,5dwjw40k,xd00rqxd,2
o1yxvv6q,zxzwpz4x,qw6j21jm,5dwjw40k,z98jv7gw,2
o1yxvv6q,zxzwpz4x,qw6j21jm,5dwjw40k,ewppmxkw,1
o1yxvv6q,zxzwpz4x,qw6j21jm,5dwjw40k,ldye7ykw,3
o1yxvv6q,zxzwpz4x,qw6j21jm,5dwjw40k,xd10e7e9,1
o1yxvv6q,zxzwpz4x,qw6j21jm,5dwjw40k,5wk2z62w,1
o1yxvv6q,zxzwpz4x,qw6j21jm,5dwjw40k,ywe4k1yd,2
o1yxvv6q,zxzwpz4x,qw6j21jm,5dwjw40k,5d77kvgd,2
o1yxvv6q,zxzwpz4x,qw6j21jm,5dwjw40k,kwjyl5nw,2
o1yxvv6q,zxzwpz4x,qw6j21jm,5dwjw40k,rdn5j0nd,3
o1yxvv6q,zxzwpz4x,qw6j21jm,5dwjw40k,owok10od,1
o1yxvv6q,zxzwpz4x,76rxovv6,9kv750ok,rdnlo15w,1
o1yxvv6q,zxzwpz4x,76rxovv6,9kv750ok,rw6l08rw,2
o1yxvv6q,zxzwpz4x,qw6j21jm,5dwjw40k,ldye72kw,1
o1yxvv6q,zxzwpz4x,9d3rvzwd,02q3qr7k,None,4
o1yxvv6q,zxzwpz4x,yo1yv1q5,wdm8v332,y9meq5ld,19
o1yxvv6q,zxzwpz4x,yo1yv1q5,wdm8v332,y9me77zd,5
o1yxvv6q,zxzwpz4x,yo1yv1q5,wdm8v332,kwj7ke7w,4
o1yxvv6q,zxzwpz4x,76rxovv6,zdnxo092,None,4
o1yxvv6q,zxzwpz4x,76rxovv6,9kv750ok,rw6lq6pw,1
o1yxvv6q,zxzwpz4x,76rxovv6,9kv750ok,z98zrxr9,3
o1yxvv6q,zxzwpz4x,9d3rvzwd,02q3qr7k,None,1
o1yxvv6q,zxzwpz4x,76rxovv6,9kv750ok,xd4y5j8d,3
o1yxvv6q,zxzwpz4x,9d3rvzwd,vdo86y6k,None,11
o1yxvv6q,zxzwpz4x,9d3rvzwd,vdo86y6k,None,7
o1yxvv6q,zxzwpz4x,76rxovv6,5dw71l0k,None,13
o1yxvv6q,zxzwpz4x,9d3rvzwd,vdo86y6k,None,16
o1yxvv6q,zxzwpz4x,9d3rvzwd,vdo86y6k,None,16
o1yxvv6q,zxzwpz4x,9d3rvzwd,02q3q97k,None,19
o1yxvv6q,zxzwpz4x,76rxovv6,02qp9pyd,None,14
o1yxvv6q,zxzwpz4x,9d3rvzwd,7kj35o32,None,2
o1yxvv6q,zxzwpz4x,9d3rvzwd,jdz9qer2,None,19
o1yxvv6q,zxzwpz4x,9d3rvzwd,mke9evjd,None,25
o1yxvv6q,zxzwpz4x,76rxovv6,9kv750ok,n93nqj2w,6
o1yxvv6q,zxzwpz4x,76rxovv6,9kv750ok,z98zrkr9,4
o1yxvv6q,zxzwpz4x,76rxovv6,rklv4prd,z98zrkr9,5
o1yxvv6q,zxzwpz4x,76rxovv6,9kv750ok,5wknk7vw,5
o1yxvv6q,zxzwpz4x,76rxovv6,9kv750ok,z98zrxr9,8
o1yxvv6q,zxzwpz4x,9d3rvzwd,02q3q97k,None,14
o1yxvv6q,zxzwpz4x,9d3rvzwd,7kj35o32,None,1
o1yxvv6q,zxzwpz4x,76rxovv6,9kv750ok,5d7eymqw,7
o1yxvv6q,zxzwpz4x,76rxovv6,9kv750ok,ldy51zpw,10
o1yxvv6q,zxzwpz4x,76rxovv6,rklv4prd,ldy51zpw,4
o1yxvv6q,zxzwpz4x,76rxovv6,rklv4prd,z98zrxr9,9
o1yxvv6q,zxzwpz4x,76rxovv6,rklv4prd,5d7eymqw,4
o1yxvv6q,zxzwpz4x,9d3rvzwd,5dw4095k,None,35
o1yxvv6q,zxzwpz4x,9d3rvzwd,02q3q97k,None,7
o1yxvv6q,zxzwpz4x,76rxovv6,zdnxo092,None,36
o1yxvv6q,pj053pr8,om1mx362,7kjvmgk3,None,8
o1yxvv6q,pj053pr8,om1mx362,7kjvmgk3,None,6
o1yxvv6q,pj053pr8,om1mx362,wkpn1jdr,None,14
o1yxvv6q,pj053pr8,om1mx362,9d8vge6k,None,5
o1yxvv6q,pj053pr8,om1mx362,7kjvmgk3,None,47
o1yxvv6q,pj053pr8,o1yxvv6q,9d8jx46k,None,5
o1yxvv6q,pj053pr8,o1yxvv6q,9d8jx46k,None,7
o1yxvv6q,pj053pr8,om1mx362,q253qm8k,None,3
o1yxvv6q,zx7ylp0x,o1yxvv6q,n2yj37z2,None,8
o1yxvv6q,zx7ylp0x,76r3vq68,9d8x562n,None,92
o1yxvv6q,zx7ylp0x,n4d7r172,7wk6prd1,None,153
o1yxvv6q,zx7ylp0x,pd0wx8l1,rklqj3n2,None,26
o1yxvv6q,qjngnod8,yo1yv1q5,wdm8v332,xd4644q9,3
o1yxvv6q,qjngnod8,o1yxvv6q,xk9jn84d,None,33
o1yxvv6q,qjngnod8,yo1yv1q5,wdm8v332,z98jvr7w,4
o1yxvv6q,qjngnod8,yo1yv1q5,4xk906k0,None,45
o1yxvv6q,qjngnod8,yo1yv1q5,wdm8v332,rw6v88p9,25
o1yxvv6q,qjngnod8,o1yxvv6q,xk9jn84d,None,20
o1yxvv6q,qjngnod8,yo1yv1q5,wdm8v332,ldye71jw,3
o1yxvv6q,qjngnod8,yo1yv1q5,wdm8v332,ldye74pw,3
o1yxvv6q,qjngnod8,yo1yv1q5,wdm8v332,rw6v8pp9,3
o1yxvv6q,qjngnod8,yo1yv1q5,wdm8v332,rdq026mw,4
o1yxvv6q,qjngnod8,yo1yv1q5,wdm8v332,ldyy48rd,5
o1yxvv6q,qjngnod8,lden2jd3,rklqzyn2,None,2
o1yxvv6q,qjngnod8,yo1yv1q5,wdm8v332,y9me77zd,3
o1yxvv6q,qjngnod8,yo1yv1q5,xk9g1w6d,None,64
o1yxvv6q,qjngnod8,yo1yv1q5,wdm8v332,rdn02n5w,2
o1yxvv6q,kjpw5z5x,o1yxvv6q,wk61oord,None,7
o1yxvv6q,kjpw5z5x,qw6j21jm,9zdnw9dq,None,9
o1yxvv6q,jmlq7eo8,o1yxvv6q,n2yj37z2,None,37
o1yxvv6q,8r7vqzwj,o1ylek6q,7dgrzo4k,None,2
o1yxvv6q,8r7vqzwj,9j1l7vdg,9kvxe4j2,None,2
o1yxvv6q,8r7vqzwj,9j1l7vdg,r02q8y2y,None,2
o1yxvv6q,8r7vqzwj,946wn36r,n2yr3xed,None,1
o1yxvv6q,8r7vqzwj,946wn36r,rklronkn,None,2
o1yxvv6q,8r7vqzwj,om1mx362,wkpn1jdr,None,107
o1yxvv6q,8r7vqzwj,vo6gen12,xd1mowd8,None,2
o1yxvv6q,8r7vqzwj,vo6gen12,7dg8wg24,None,2
o1yxvv6q,8r7vqzwj,om1mx362,7kjvmgk3,None,163
o1yxvv6q,8r7vqzwj,om1mx362,7kjvmgk3,None,53
o1yxvv6q,8r7vqzwj,v1pxpw86,mkexqgxd,None,5
o1yxvv6q,8r7vqzwj,om1mx362,7kjvmgk3,None,467
o1yxvv6q,8r7vqzwj,v1pxpw86,7kjg6x4k,xd41yyrd,2
o1yxvv6q,8r7vqzwj,9j1l7vdg,jdz35jr2,None,2
o1yxvv6q,8r7vqzwj,369pky81,z274mp52,None,7
o1yxvv6q,8r7vqzwj,369pky81,z274mp52,None,3
o1yxvv6q,8r7vqzwj,om1mx362,7kjvmgk3,None,47
o1yxvv6q,8r7vqzwj,268lg91p,02q8qyy2,None,2
o1yxvv6q,8r7vqzwj,946wn36r,wkpj8jkr,None,3
o1yxvv6q,8r7vqzwj,9j1l7vdg,l824mw25,None,4
o1yxvv6q,8r7vqzwj,v1pxpw86,n2yvgwm2,None,16
o1yxvv6q,8r7vqzwj,369pky81,wk6e0me2,None,5
o1yxvv6q,8r7vqzwj,369pky81,z274mp52,None,10
o1yxvv6q,8r7vqzwj,369pky81,n2y9e4ed,None,13
o1yxvv6q,8r7vqzwj,369pky81,7kj8o5gd,None,12
o1yxvv6q,8r7vqzwj,o1yxvv6q,9d8jx46k,None,57
o1yxvv6q,8r7vqzwj,v1pxpw86,wk6w8vx2,None,3
o1yxvv6q,8r7vqzwj,pdvzmeo6,n2yon68d,None,29
o1yxvv6q,8r7vqzwj,pd0py36e,mkeoxrjd,rdnzyz7d,583
o1yxvv6q,8r7vqzwj,om1mx362,zd3qprkn,ywennlwl,168
o1yxvv6q,8r7vqzwj,v1po0468,8246y3d5,None,104
o1yxvv6q,jp4vkd0j,j1nl3xdp,w201r08k,None,2
o1yxvv6q,jp4vkd0j,29d30dlp,zd30m4yd,ywe4e04d,2
o1yxvv6q,jp4vkd0j,29d30dlp,zd30m4yd,ywe23gqw,3
o1yxvv6q,jp4vkd0j,29d30dlp,rkle7mw2,None,15
o1yxvv6q,jp4vkd0j,o1yxvv6q,7kjzq1nd,None,2
o1yxvv6q,jp4vkd0j,29d30dlp,zd30m4yd,rw6n44pd,1
o1yxvv6q,jp4vkd0j,29d30dlp,zd30m4yd,owokpm3d,4
o1yxvv6q,jp4vkd0j,o1yxvv6q,7kjzq1nd,None,3
o1yxvv6q,jp4vkd0j,o1yxvv6q,7kjzq1nd,None,37
o1yxvv6q,jp4vkd0j,o1yxvv6q,7kjzq1nd,None,13
o1yxvv6q,jp4vkd0j,29d30dlp,zd30m4yd,5wk270xw,2
o1yxvv6q,jp4vkd0j,29d30dlp,9d8v6j7k,None,9
o1yxvv6q,jp4vkd0j,29d30dlp,z2771020,None,6
o1yxvv6q,jp4vkd0j,29d30dlp,zd30m4yd,ywe4ey4d,2
o1yxvv6q,jp4vkd0j,29d30dlp,zd30m4yd,r9gzgl2d,1
o1yxvv6q,jp4vkd0j,369vyg1l,wdm4ogod,None,3
o1yxvv6q,jp4vkd0j,369vyg1l,7dg89yp2,None,4
o1yxvv6q,zxz5g5ex,yo1yv1q5,wdm8v332,xd4056r9,2
o1yxvv6q,zxz5g5ex,o1yxvv6q,xk9jn84d,None,29
o1yxvv6q,zxz5g5ex,yo1yv1q5,wdm8v332,gdrjm4ew,3
o1yxvv6q,zxz5g5ex,yo1yv1q5,wdm8v332,y9m5mexd,5
o1yxvv6q,zxz5g5ex,yo1yv1q5,wdm8v332,5d77k65d,3
o1yxvv6q,zxz5g5ex,yo1yv1q5,wdm8v332,5d77nkqd,3
o1yxvv6q,zxz5g5ex,yo1yv1q5,wdm8v332,ewppmklw,3
o1yxvv6q,zxz5g5ex,yo1yv1q5,wdm8v332,xd467609,3
o1yxvv6q,zxz5g5ex,yo1yv1q5,wdm8v332,nwl6qxow,4
o1yxvv6q,zxz5g5ex,yo1yv1q5,4xk906k0,None,30
o1yxvv6q,zxz5g5ex,yo1yv1q5,xk9l5yk0,None,44
o1yxvv6q,zxz5g5ex,yo1yv1q5,wdm8v332,rw6v88p9,9
o1yxvv6q,zxz5g5ex,yo1yv1q5,vdo0nzod,None,12
o1yxvv6q,zxz5g5ex,yo1yv1q5,xk9g1w6d,None,28
o1yxvv6q,zxz5g5ex,yo1yv1q5,wdm8v332,o9x25m6w,3
o1yxvv6q,zxz5g5ex,yo1yv1q5,wdm8v332,owoko1jd,1
o1yxvv6q,zxz5g5ex,yo1yv1q5,wdm8v332,y9meq5ld,11
o1yxvv6q,zxz5g5ex,n4d7r172,7wk6prd1,None,186
o1yxvv6q,zxz5g5ex,yo1yv1q5,wdm8v332,ldye74jw,4
o1yxvv6q,zxz5g5ex,yo1yv1q5,wdm8v332,4956vj2d,6
o1yxvv6q,zxz5g5ex,yo1yv1q5,wdm8v332,ldyen7pw,4
o1yxvv6q,zxz5g5ex,yo1yv1q5,wdm8v332,rdq0p2ow,4
o1yxvv6q,zxz5g5ex,yo1yv1q5,wdm8v332,r9gze0jd,3
o1yxvv6q,zxz5g5ex,yo1yv1q5,wdm8v332,owo0gkvw,2
o1yxvv6q,zxz5g5ex,yo1yv1q5,wdm8v332,n9305279,6
o1yxvv6q,zxz5g5ex,yo1yv1q5,wdm8v332,5d7v675d,4
o1yxvv6q,j9rq31vj,xlde3j63,4xk9l6k0,None,35
o1yxvv6q,j9rq31vj,nj1nee1p,gq254vdo,None,38
o1yxvv6q,j9rq31vj,n268e96p,7wkp02rm,None,39
o1yxvv6q,j9rq31vj,om1mx362,wkpn1jdr,None,92
o1yxvv6q,j9rq31vj,nj1nee1p,ndx8jxjk,ywe0rxl9,12
o1yxvv6q,j9rq31vj,o1yxvv6q,jdr17vg2,None,19
o1yxvv6q,j9rq31vj,nj1nee1p,ndx8jxjk,r9g6eqjw,11
o1yxvv6q,j9rq31vj,nj1nee1p,ndx8jxjk,69z7yexw,9
o1yxvv6q,j9rq31vj,pdvz4v6w,9kvmv3kg,None,292
o1yxvv6q,jp43kd5j,o1yxvv6q,xk9jn84d,None,10
o1yxvv6q,j031013j,o1yxvv6q,q2581qj2,None,2
o1yxvv6q,jn3kmw4x,om1mx362,wkpn1jdr,None,4
o1yxvv6q,jn3kmw4x,o1yxvv6q,9d8jx46k,None,1
o1yxvv6q,jn3kmw4x,om1mx362,xk9436d0,None,5
o1yxvv6q,jn3kmw4x,o1yxvv6q,9d8jx46k,None,3
o1yxvv6q,jn3kmw4x,om1mx362,zd3qprkn,ywenmlwl,1
o1yxvv6q,jn3kmw4x,om1mx362,xd1mrrrd,ywenmlwl,1
o1yxvv6q,jn3kmw4x,om1mx362,xd1mrrrd,r9grjjw2,6
o1yxvv6q,jn3kmw4x,om1mx362,zd3qprkn,r9grjjw2,6
o1yxvv6q,jn3kmw4x,om1mx362,7kjvmgk3,None,136
o1yxvv6q,jn3kmw4x,y65y90de,9d8pz4wk,None,5
o1yxvv6q,jn3kmw4x,y65y90de,9kvp1o3k,None,7
o1yxvv6q,j5wy366j,yo1yv1q5,xk9g1w6d,None,30
o1yxvv6q,j5wy366j,o1yxvv6q,xk9jn84d,None,58
o1yxvv6q,qj2m9kn8,o1y9wo6q,n2y55mko,None,226
o1yxvv6q,qj2m9kn8,76royl68,jdz5zg3d,None,8
o1yxvv6q,qj2m9kn8,576rje18,lvdo8ykp,None,141
o1yxvv6q,qj2m9kn8,4pd02v1e,xn2yozdo,None,61
o1yxvv6q,qj2m9kn8,j1ngry6p,7kjqey4d,rdnngeqd,1
o1yxvv6q,qj2m9kn8,j1ngry6p,7kjqey4d,5wkpl52d,1
o1yxvv6q,qj2m9kn8,j1ngry6p,xk9n4662,5wkpl52d,1
o1yxvv6q,qj2m9kn8,j1ngry6p,xk9n4662,5d78rogw,1
o1yxvv6q,qj2m9kn8,j1ngry6p,xk9n4662,ewp340kd,1
o1yxvv6q,qj2m9kn8,j1ngry6p,7kjqey4d,z98nl1g9,1
o1yxvv6q,qj2m9kn8,j1ngry6p,7kjqey4d,xd1x1ge9,1
o1yxvv6q,qj2m9kn8,j1ngry6p,7kjqey4d,ewp340kd,1
o1yxvv6q,qj2m9kn8,j1ngry6p,zdnyr8nk,None,1
o1yxvv6q,qj2m9kn8,j1ngry6p,zdn9zn2q,None,1
o1yxvv6q,qj2m9kn8,j1ngry6p,7kjwg3d3,None,1
o1yxvv6q,qj2m9kn8,j1ngry6p,zdnyr8nk,None,1
o1yxvv6q,qj2m9kn8,j1ngry6p,7kjqey4d,n93o36n9,1
o1yxvv6q,qj2m9kn8,j1ngry6p,7kjqey4d,5d78rogw,1
o1yxvv6q,qj2m9kn8,j1ngry6p,7kjqey4d,y9m8z75d,1
o1yxvv6q,qj2m9kn8,76royl68,zd30v58d,None,10
o1yxvv6q,qj2m9kn8,jy65041e,l8241m25,None,2
o1yxvv6q,qj2m9kn8,j1ngry6p,xd1qle42,None,1
o1yxvv6q,qj2m9kn8,j1ngry6p,7kjqey4d,ewp340kd,1
o1yxvv6q,qj2m9kn8,76royl68,824p4vm2,None,22
o1yxvv6q,qj2m9kn8,76royl68,jdz5zg3d,None,25
o1yxvv6q,qj2m9kn8,jy65041e,w9d8x62n,None,11
o1yxvv6q,qj2m9kn8,n4d7pgd7,gq257ydo,None,74
o1yxvv6q,qj2m9kn8,8nd2wvd0,p7kjqnd3,None,40
o1yxvv6q,qj2m9kn8,9j1l9v1g,7wk6nq21,None,82
o1yxvv6q,qj2m9kn8,j1ngry6p,7kjqey4d,o9x40p0d,1
o1yxvv6q,qj2m9kn8,j1ngry6p,zdn9zn2q,None,1
o1yxvv6q,qj2m9kn8,4pd02v1e,4xk9r4k0,None,40
o1yxvv6q,qj2m9kn8,9j1l9v1g,37dgn724,None,94
o1yxvv6q,qj2m9kn8,29d37g6l,r02qpjdy,None,39
o1yxvv6q,qj2m9kn8,576rje18,7wkp1gkr,None,157
o1yxvv6q,qj2m9kn8,pdvzg846,q25qymg2,None,46
o1yxvv6q,qj2m9kn8,46w305q1,7dg08l7k,xd14e26d,18
o1yxvv6q,qj2m9kn8,76royl68,zd30v58d,None,13
o1yxvv6q,qj2m9kn8,pdvzg846,q25qymg2,None,13
o1yxvv6q,qj2m9kn8,8nd2wvd0,xn2y3zdo,None,46
o1yxvv6q,qj2m9kn8,pdvzelk6,xk9vmnvd,None,15
o1yxvv6q,qj2m9kn8,pdvzelk6,zdn8vrnd,None,7
o1yxvv6q,qj2m9kn8,pdvzelk6,7kj6nz32,None,24
o1yxvv6q,qj2m9kn8,n4d7pgd7,wz27o0d0,None,28
o1yxvv6q,qj2m9kn8,n4d7pgd7,9zdn1ekq,None,83
o1yxvv6q,qj2m9kn8,29d37g6l,gjdregk6,None,46
o1yxvv6q,qj2m9kn8,29d37g6l,w20pjzkn,None,3
o1yxvv6q,qj2m9kn8,29d37g6l,ndxjzj2q,None,3
o1yxvv6q,qj2m9kn8,w6j7y76j,5dwyvvnk,None,1
o1yxvv6q,qj2m9kn8,o1y9wo6q,7dgrrxk4,None,410
o1yxvv6q,qj2m9kn8,pdvzelk6,5dwgw9gk,None,8
o1yxvv6q,qj2m9kn8,m9dok31p,mndxp12q,None,12
o1yxvv6q,qj2m9kn8,268p0kdp,w20qj5dn,None,5
o1yxvv6q,qj2m9kn8,29d3w01l,w9d846kn,None,121
o1yxvv6q,qj2m9kn8,29d3w01l,8243qed5,None,30
o1yxvv6q,qj2m9kn8,yo1yq2dq,l9kvoo2g,None,31
o1yxvv6q,qj2m9kn8,yo1yq2dq,nxd1l7k8,None,29
o1yxvv6q,qj2m9kn8,pdvzg846,02qlmmjk,None,4
o1yxvv6q,qj2m9kn8,j1ngry6p,xk9n4662,o9x40p0d,1
o1yxvv6q,qj2m9kn8,576rje18,9kvxrv82,None,62
o1yxvv6q,qj2m9kn8,j1ngry6p,xk9n4662,29v2p43d,1
o1yxvv6q,qj2m9kn8,j1ngry6p,7kjqey4d,nwl3er0w,1
o1yxvv6q,qj2m9kn8,9d385w91,w20nvz5d,None,4
o1yxvv6q,qj2m9kn8,pdvzelk6,7kj6nz32,None,2
o1yxvv6q,qj2m9kn8,46w305q1,wdmvzg5d,None,20
o1yxvv6q,qj2m9kn8,pdvzelk6,zdn8vrnd,None,1
o1yxvv6q,qj2m9kn8,j1ngry6p,xk9n4662,nwl3er0w,1
o1yxvv6q,qj2m9kn8,j1ngry6p,xk9n4662,5925p2o9,1
o1yxvv6q,qj2m9kn8,j1ngry6p,xk9n4662,xd1x1ge9,1
o1yxvv6q,qj2m9kn8,j1ngry6p,xk9n4662,z98nl1g9,1
o1yxvv6q,qj2m9kn8,j1ngry6p,xk9n4662,y9m8z75d,1
o1yxvv6q,qj2m9kn8,j1ngry6p,7kjqey4d,o9x40p0d,1
o1yxvv6q,qj2m9kn8,j1ngry6p,xk9n4662,n93o36n9,1
o1yxvv6q,qj2m9kn8,j1ngry6p,xk9n4662,rdqm2e29,1
o1yxvv6q,qj2m9kn8,j1ngry6p,7kjqey4d,rdqm2e29,1
o1yxvv6q,qj2m9kn8,j1ngry6p,7kjqey4d,29v2p43d,1
o1yxvv6q,qj2m9kn8,j1ngry6p,7kjqey4d,rdqm2e29,1
o1yxvv6q,qj2m9kn8,m9dok31p,xw201vkn,None,55
o1yxvv6q,qj2m9kn8,o1ymwk1q,7kjrxx42,None,522
o1yxvv6q,qj2m9kn8,o1y9wo6q,n2y55mko,None,794
o1yxvv6q,qj2m9kn8,n4d7pgd7,4xk9n420,None,29
o1yxvv6q,qj2m9kn8,j1ngry6p,xk9n4662,rdnngeqd,1
o1yxvv6q,qj2m9kn8,j1ngry6p,7kjqey4d,5925p2o9,1
o1yxvv6q,qj2m9kn8,y657jede,wdm475xd,None,6
o1yxvv6q,qj2m9kn8,y657jede,wdm475xd,None,7
o1yxvv6q,qj2m9kn8,y657jede,ndxp0312,None,108
o1yxvv6q,qj2m9kn8,y657jede,w2015qvk,None,67
o1yxvv6q,qj2m9kn8,ok6qj9dg,mndx752q,None,11
o1yxvv6q,qj2m9kn8,xkdkjq1m,l9kv7okg,None,22
o1yxvv6q,qj2m9kn8,m9dok31p,mndxp12q,None,80
o1yxvv6q,qj2m9kn8,m9dok31p,z27o7x5d,None,48
o1yxvv6q,qj2m9kn8,yo1yq2dq,l9kvoo2g,None,45
o1yxvv6q,qj2m9kn8,m9dok31p,02q3ejzk,None,13
o1yxvv6q,qj2m9kn8,m9dok31p,jdze5mgd,ewp3yydn,4
o1yxvv6q,qj2m9kn8,m9dok31p,jdze5mgd,4952gm9p,4
o1yxvv6q,qj2m9kn8,m9dok31p,jdze5mgd,owojnj96,4
o1yxvv6q,qj2m9kn8,m9dok31p,jdze5mgd,4952gm9p,4
o1yxvv6q,qj2m9kn8,m9dok31p,jdze5mgd,5d715qdy,3
o1yxvv6q,qj2m9kn8,m9dok31p,jdze5mgd,kwjgj0wg,6
o1yxvv6q,qj2m9kn8,m9dok31p,jdze5mgd,owojnj96,3
o1yxvv6q,qj2m9kn8,m9dok31p,jdze5mgd,ewp3yydn,4
o1yxvv6q,qj2m9kn8,m9dok31p,jdze5mgd,5d715qdy,4
o1yxvv6q,qj2m9kn8,m9dok31p,jdze5mgd,kwjgj0wg,6
o1yxvv6q,qj2m9kn8,m9dok31p,jdze5mgd,xd1mrzdo,5
o1yxvv6q,qj2m9kn8,m9dok31p,jdze5mgd,rdq8rodx,3
o1yxvv6q,qj2m9kn8,m9dok31p,jdze5mgd,rdq8rodx,4
o1yxvv6q,qj2m9kn8,m9dok31p,jdze5mgd,xd1mrzdo,4
o1yxvv6q,qj2m9kn8,m9dok31p,zd31gy2n,rdq8rodx,29
o1yxvv6q,qj2m9kn8,m9dok31p,zd31gy2n,4952gm9p,47
o1yxvv6q,qj2m9kn8,m9dok31p,zd31gy2n,kwjgj0wg,29
o1yxvv6q,qj2m9kn8,m9dok31p,zd31gy2n,5d715qdy,22
o1yxvv6q,qj2m9kn8,m9dok31p,zd31gy2n,ewp3yydn,28
o1yxvv6q,qj2m9kn8,y657jede,wdm475xd,None,47
o1yxvv6q,qj2m9kn8,m9dowk1p,p7kjr423,None,27
o1yxvv6q,qj2m9kn8,nd22xvd0,w20pq58k,None,827
o1yxvv6q,qj2m9kn8,o1yxvv6q,wk61oord,None,11
o1yxvv6q,qj2m9kn8,x369701l,wz27r0d0,None,91
o1yxvv6q,qj2m9kn8,m9dok31p,xw201vkn,None,9
o1yxvv6q,qj2m9kn8,76r8y5d8,7dg4l0gd,None,14
o1yxvv6q,qj2m9kn8,v1pxxz68,9kvy6jkg,None,279
o1yxvv6q,qj2m9kn8,v1pxxz68,zdn1zekq,None,42
o1yxvv6q,v8lp45rj,3dxwl41y,ndx1j0o2,z987ljpw,3
o1yxvv6q,v8lp45rj,ok6q4mdg,9d86gp72,5wkkl8pw,2
o1yxvv6q,v8lp45rj,ok6q4mdg,9d86gp72,y9m5zyxd,2
o1yxvv6q,v8lp45rj,29d30dlp,zd30m4yd,o9x2ey7w,3
o1yxvv6q,v8lp45rj,29d30dlp,zd30m4yd,29vyr6x9,2
o1yxvv6q,v8lp45rj,o1yxvv6q,7kjzq1nd,None,13
o1yxvv6q,v8lp45rj,m9dowk1p,p7kjr423,None,55
o1yxvv6q,v8lp45rj,29d30dlp,zd30m4yd,5920rlgd,16
o1yxvv6q,8gergk7j,o1yxvv6q,xk9jn84d,None,113
o1yxvv6q,qjnqwlqj,w6j5y41j,mke53gxk,None,1
o1yxvv6q,qjnqwlqj,w6j5y41j,mke53gxk,None,2
o1yxvv6q,qjnqwlqj,w6j5y41j,mke53gxk,None,2
o1yxvv6q,qjnqwlqj,w6j5y41j,7dgglwxd,None,4
o1yxvv6q,qjnqwlqj,w6j5y41j,wkpy680k,None,3
o1yxvv6q,qjnqwlqj,w6j5y41j,vdo4wr12,None,1
o1yxvv6q,qjnqwlqj,n4d7r172,wkpjll0k,gdrj358w,2
o1yxvv6q,qjnqwlqj,9d3g2w6l,824m57w2,None,8
o1yxvv6q,qjnqwlqj,o1yxvv6q,n2yj37z2,None,3
o1yxvv6q,qjnqwlqj,n4d7r172,7wk6prd1,None,8
o1yxvv6q,qjnqwlqj,o1yxvv6q,n2yj37z2,None,3
o1yxvv6q,qjnqwlqj,o1yxvv6q,n2yj37z2,None,3
o1yxvv6q,qjnqwlqj,w6j5y41j,vdo4wr12,None,11
o1yxvv6q,x7mov1qx,w6j7exe6,wkp541vd,o9xyl71d,1
o1yxvv6q,x7mov1qx,w6j7exe6,wkp541vd,495q8k39,1
o1yxvv6q,x7mov1qx,w6j7exe6,wkp541vd,rw67nvg9,1
o1yxvv6q,x7mov1qx,w6j7exe6,wkp541vd,xd0e7049,1
o1yxvv6q,x7mov1qx,w6j7exe6,wkp541vd,xd4533rw,1
o1yxvv6q,x7mov1qx,w6j7exe6,wkp541vd,gdr0qgzd,1
o1yxvv6q,x7mov1qx,w6j7exe6,wkp541vd,29v8k2nd,1
o1yxvv6q,x7mov1qx,w6j7exe6,wkp541vd,kwjkezz9,1
o1yxvv6q,x7mov1qx,w6j7exe6,wkp541vd,kwjkepz9,1
o1yxvv6q,x7mov1qx,ldelvl63,xd17744d,None,1
o1yxvv6q,x7mov1qx,w6j7exe6,wkp541vd,o9xyllpd,1
o1yxvv6q,x7mov1qx,w6j7exe6,wkp541vd,z98o8zld,1
o1yxvv6q,x7mov1qx,w6j7exe6,wkp541vd,o9xyl37d,1
o1yxvv6q,x7mov1qx,w6j7exe6,wkp541vd,5d7j38vd,1
o1yxvv6q,x7mov1qx,w6j7exe6,wkp541vd,xd1z575w,1
o1yxvv6q,x7mov1qx,w6j7exe6,wkp541vd,n93xgoe9,2
o1yxvv6q,x7mov1qx,w6j7exe6,wkp541vd,nwlm7nr9,1
o1yxvv6q,x7mov1qx,w6j7exe6,wkp541vd,rdnmprv9,1
o1yxvv6q,x7mov1qx,w6j7exe6,wkp541vd,5926oqrd,1
o1yxvv6q,x7mov1qx,w6j7exe6,wkp541vd,z98o8nld,1
o1yxvv6q,x7mov1qx,w6j7exe6,wkp541vd,r9gm3yp9,1
o1yxvv6q,x7mov1qx,w6j7exe6,wkp541vd,z98o88pd,1
o1yxvv6q,x7mov1qx,w6j7exe6,wkp541vd,y9mmp819,1
o1yxvv6q,x7mov1qx,w6j7exe6,wkp541vd,r9gm3zp9,1
o1yxvv6q,x7mov1qx,w6j7exe6,wkp541vd,n93xg8e9,1
o1yxvv6q,x7mov1qx,w6j7exe6,wkp541vd,5wkmr6qd,1
o1yxvv6q,x7mov1qx,w6j7exe6,wkp541vd,5926oz3d,2
o1yxvv6q,x7mov1qx,w6j7exe6,wkp541vd,ewp2qjj9,3
o1yxvv6q,x7mov1qx,w6j7exe6,wkp541vd,ewp2qez9,1
o1yxvv6q,x7mov1qx,w6j7exe6,wkp541vd,xd1z526w,1
o1yxvv6q,x7mov1qx,w6j7exe6,wkp541vd,495q85j9,1
o1yxvv6q,x7mov1qx,w6j7exe6,wkp541vd,ywev8lrd,2
o1yxvv6q,x7mov1qx,w6j7exe6,wkp541vd,69zl4zod,2
o1yxvv6q,x7mov1qx,w6j7exe6,wkp541vd,o9xylk1d,2
o1yxvv6q,x7mov1qx,w6j7exe6,wkp541vd,5wkmrpqd,2
o1yxvv6q,x7mov1qx,w6j7exe6,wkp541vd,r9gm3rk9,2
o1yxvv6q,x7mov1qx,w6j7exe6,wkp541vd,5d7j3lvd,1
o1yxvv6q,x7mov1qx,w6j7exe6,wkp541vd,nwlm73r9,1
o1yxvv6q,x7mov1qx,w6j7exe6,wkp541vd,owom2ly9,2
o1yxvv6q,x7mov1qx,w6j7exe6,wkp541vd,kwjke3z9,1
o1yxvv6q,x7mov1qx,w6j7exe6,wkp541vd,rdqm1g19,2
o1yxvv6q,x7mov1qx,w6j7exe6,wkp541vd,kwjke8z9,1
o1yxvv6q,x7mov1qx,w6j7exe6,wkp541vd,xd1z58yw,1
o1yxvv6q,x7mov1qx,w6j7exe6,wkp541vd,29v8klnd,1
o1yxvv6q,x7mov1qx,w6j7exe6,wkp541vd,gdr0q2zd,1
o1yxvv6q,x7mov1qx,w6j7exe6,wkp541vd,n93xgne9,1
o1yxvv6q,x7mov1qx,w6j7exe6,wkp541vd,xd0e7g49,1
o1yxvv6q,x7mov1qx,w6j7exe6,wkp541vd,n93xg7z9,1
o1yxvv6q,x7mov1qx,w6j7exe6,wkp541vd,z98o86pd,1
o1yxvv6q,x7mov1qx,w6j7exe6,wkp541vd,5wkmrjpd,1
o1yxvv6q,x7mov1qx,w6j7exe6,wkp541vd,xd0e7219,1
o1yxvv6q,x7mov1qx,w6j7exe6,wkp541vd,ywev85rd,1
o1yxvv6q,x7mov1qx,w6j7exe6,wkp541vd,owom26y9,2
o1yxvv6q,x7mov1qx,w6j7exe6,wkp541vd,owom2yy9,1
o1yxvv6q,x7mov1qx,w6j7exe6,wkp541vd,5d7j3zed,1
o1yxvv6q,x7mov1qx,w6j7exe6,wkp541vd,gdr0qxzd,1
o1yxvv6q,x7mov1qx,o1y9glv6,824j3132,None,10
o1yxvv6q,x7mov1qx,o1yxvv6q,xk9jn84d,None,3
o1yxvv6q,x7mov1qx,o1y9glv6,zd3o18nd,None,23
o1yxvv6q,x7mov1qx,v1po7r76,mkeqn79k,ywe3klr9,6
o1yxvv6q,x354z4kj,o1yxvv6q,xk9jn84d,None,5
o1yxvv6q,x354z4kj,yo1yv1q5,4xk906k0,None,11
o1yxvv6q,x354z4kj,yo1yv1q5,xk9g1w6d,None,8
o1yxvv6q,x354z4kj,yo1yv1q5,wz27gz20,None,10
o1yxvv6q,x354z4kj,lde35me6,zd3xjv8d,None,2
o1yxvv6q,8en3eko8,29d30dlp,z2771020,None,1
o1yxvv6q,8en3eko8,o1yxvv6q,7kjzq1nd,None,1
o1yxvv6q,8en3eko8,29d30dlp,zd30m4yd,ewp7oylw,1
o1yxvv6q,8en3eko8,29d30dlp,9zdne7dq,None,3
o1yxvv6q,8en3eko8,29d30dlp,9d8v6j7k,None,8
o1yxvv6q,jprzm2k8,o1yxvv6q,9d8jx46k,None,44
o1yxvv6q,8ge69gyj,om1mx362,zd3qprkn,r9grjjw2,1
o1yxvv6q,8ge69gyj,om1mx362,xd1mrrrd,r9grjjw2,1
o1yxvv6q,8ge69gyj,om1mx362,zd3qprkn,592061gd,1
o1yxvv6q,8ge69gyj,om1mx362,xd1mrrrd,592061gd,1
o1yxvv6q,8ge69gyj,om1mx362,zd3qprkn,ewpezy9n,1
o1yxvv6q,8ge69gyj,om1mx362,zd3qprkn,y9myrz95,1
o1yxvv6q,8ge69gyj,om1mx362,vdoplzy2,z98ro07d,1
o1yxvv6q,8ge69gyj,om1mx362,zd3qprkn,n93qxp7w,1
o1yxvv6q,8ge69gyj,om1mx362,zd3qprkn,rw6q76nd,1
o1yxvv6q,8ge69gyj,om1mx362,zd3qprkn,ywe2veqw,1
o1yxvv6q,8ge69gyj,om1mx362,zd3qprkn,owo7n0k9,1
o1yxvv6q,8ge69gyj,om1mx362,zd3qprkn,xd1jz1zd,1
o1yxvv6q,8ge69gyj,om1mx362,zd3qprkn,n938y2w0,1
o1yxvv6q,8ge69gyj,om1mx362,zd3qprkn,nwlnpodv,1
o1yxvv6q,8ge69gyj,om1mx362,wkpgx9gk,z98ro07d,1
o1yxvv6q,8ge69gyj,om1mx362,xd1mrrrd,z98ro07d,1
o1yxvv6q,8ge69gyj,om1mx362,zd3qprkn,rdqg5o9x,1
o1yxvv6q,8ge69gyj,om1mx362,zd3qprkn,ldyj8pd3,1
o1yxvv6q,8ge69gyj,om1mx362,zd3qprkn,69zxqxd1,1
o1yxvv6q,8ge69gyj,om1mx362,xd1mrrrd,69zxqxd1,1
o1yxvv6q,8ge69gyj,om1mx362,zd3qprkn,kwj330dg,1
o1yxvv6q,8ge69gyj,om1mx362,zd3qprkn,nwl61jpw,1
o1yxvv6q,8ge69gyj,om1mx362,zd3qprkn,xd4058q9,1
o1yxvv6q,8ge69gyj,om1mx362,zd3qprkn,495yymwp,1
o1yxvv6q,8ge69gyj,om1mx362,zd3qprkn,z98ro0rd,1
o1yxvv6q,8ge69gyj,om1mx362,zd3qprkn,69zxxxd1,1
o1yxvv6q,8ge69gyj,om1mx362,zd3qprkn,xd4nyqwm,1
o1yxvv6q,8ge69gyj,om1mx362,zd3qprkn,r9gymgq9,1
o1yxvv6q,8ge69gyj,om1mx362,xd1mrrrd,r9gymgq9,1
o1yxvv6q,8ge69gyj,om1mx362,zd3qprkn,z98ro07d,1
o1yxvv6q,8ge69gyj,om1mx362,zd3qprkn,495mgkjw,1
o1yxvv6q,8ge69gyj,om1mx362,xd1mrrrd,o9x1ye6d,1
o1yxvv6q,8ge69gyj,om1mx362,zd3qprkn,r9gpkq92,1
o1yxvv6q,8ge69gyj,om1mx362,xd1mrrrd,r9gpkq92,1
o1yxvv6q,8ge69gyj,om1mx362,zd3qprkn,29vm8pq9,1
o1yxvv6q,8ge69gyj,om1mx362,zd3qprkn,kwj2zn9g,1
o1yxvv6q,8ge69gyj,om1mx362,xd1mrrrd,kwj2zn9g,1
o1yxvv6q,8ge69gyj,om1mx362,vdoplzy2,owor6ow6,1
o1yxvv6q,8ge69gyj,om1mx362,wkpgx9gk,owor6ow6,1
o1yxvv6q,8ge69gyj,om1mx362,w205pr5d,None,5
o1yxvv6q,8ge69gyj,om1mx362,zd3qprkn,69z12lw1,1
o1yxvv6q,8ge69gyj,om1mx362,xd1mrrrd,69z12lw1,1
o1yxvv6q,8ge69gyj,om1mx362,zd3qprkn,o9xj70dl,1
o1yxvv6q,8ge69gyj,om1mx362,xd1mrrrd,o9xj70dl,1
o1yxvv6q,8ge69gyj,om1mx362,zd3qprkn,nwl8o0dv,1
o1yxvv6q,8ge69gyj,om1mx362,xd1mrrrd,nwl8o0dv,1
o1yxvv6q,8ge69gyj,om1mx362,zd3qprkn,r9gp4592,1
o1yxvv6q,8ge69gyj,om1mx362,xd1mrrrd,r9gp4592,1
o1yxvv6q,8ge69gyj,om1mx362,wkpn1jdr,None,3
o1yxvv6q,8ge69gyj,om1mx362,zd3qprkn,o9xjm6dl,1
o1yxvv6q,8ge69gyj,om1mx362,xd1mrrrd,o9xjm6dl,1
o1yxvv6q,8ge69gyj,om1mx362,zd3qprkn,xd4om89m,1
o1yxvv6q,8ge69gyj,om1mx362,xd1mrrrd,xd4om89m,1
o1yxvv6q,8ge69gyj,om1mx362,7kjvmgk3,None,2
o1yxvv6q,8ge69gyj,om1mx362,xk9436d0,None,5
o1yxvv6q,8ge69gyj,om1mx362,7kjvmgk3,None,16
o1yxvv6q,8ge69gyj,om1mx362,7kjvmgk3,None,3
o1yxvv6q,8ge69gyj,om1mx362,7kjvmgk3,None,4
o1yxvv6q,8ge69gyj,om1mx362,7kjvmgk3,None,6
o1yxvv6q,8ge69gyj,om1mx362,zd3qprkn,owor6ow6,1
o1yxvv6q,8ge69gyj,om1mx362,xd1mrrrd,owor6ow6,1
o1yxvv6q,8ge69gyj,om1mx362,zd3qprkn,rdnomv5w,1
o1yxvv6q,8ge69gyj,om1mx362,xd1mrrrd,rdnomv5w,1
o1yxvv6q,8ge69gyj,om1mx362,vdoplzy2,rdnomv5w,1
o1yxvv6q,8ge69gyj,om1mx362,wkpgx9gk,rdnomv5w,1
o1yxvv6q,8ge69gyj,om1mx362,wkpn1jdr,None,8
o1yxvv6q,8ge69gyj,om1mx362,7kjvmgk3,None,7
o1yxvv6q,8ge69gyj,om1mx362,ndx0jord,None,2
o1yxvv6q,8ge69gyj,o1yxvv6q,xk9jn84d,None,24
o1yxvv6q,8ge69gyj,om1mx362,rklzx7n2,None,4
o1yxvv6q,8ge69gyj,y655lg06,xd1jy6wd,None,20
o1yxvv6q,8ge69gyj,om1mx362,7kjvmgk3,None,15
o1yxvv6q,8ge69gyj,om1mx362,wkpn1jdr,None,4
o1yxvv6q,8ge69gyj,om1mx362,xk9436d0,None,10
o1yxvv6q,8ge69gyj,om1mx362,xd1mrrrd,ldyj5pd3,1
o1yxvv6q,8ge69gyj,om1mx362,zd3qprkn,rw6rlpw7,1
o1yxvv6q,8ge69gyj,om1mx362,xd1mrrrd,rdqzmmod,1
o1yxvv6q,8ge69gyj,om1mx362,7kjvmgk3,None,9
o1yxvv6q,8ge69gyj,j1lnx46g,zdn0exx2,None,7
o1yxvv6q,8ge69gyj,om1mx362,zd3qprkn,592387d6,2
o1yxvv6q,8ge69gyj,o1yxvv6q,9d8jx46k,None,2
o1yxvv6q,8ge69gyj,om1mx362,xd1mrrrd,y9m5mold,2
o1yxvv6q,8ge69gyj,om1mx362,zd3qprkn,rdnr25wm,3
o1yxvv6q,8ge69gyj,om1mx362,xd1mrrrd,nwlnpodv,2
o1yxvv6q,8ge69gyj,om1mx362,xd1mrrrd,495yymwp,1
o1yxvv6q,8ge69gyj,om1mx362,xd1mrrrd,5wk88vw4,1
o1yxvv6q,8ge69gyj,om1mx362,vdoplzy2,592061gd,1
o1yxvv6q,8ge69gyj,om1mx362,wkpgx9gk,592061gd,1
o1yxvv6q,8ge69gyj,om1mx362,wkpn1jdr,None,20
o1yxvv6q,8ge69gyj,om1mx362,zd3qprkn,o9xkk3wl,1
o1yxvv6q,8ge69gyj,om1mx362,zd3qprkn,5wkkm75w,1
o1yxvv6q,8ge69gyj,om1mx362,zd3qprkn,nwlnyodv,1
o1yxvv6q,8ge69gyj,om1mx362,zd3qprkn,5d7lzq9y,1
o1yxvv6q,8ge69gyj,om1mx362,xd1mrrrd,69zxnxd1,2
o1yxvv6q,8ge69gyj,om1mx362,zd3qprkn,69zxnxd1,2
o1yxvv6q,8ge69gyj,om1mx362,zd3qprkn,n93qxp2w,1
o1yxvv6q,8ge69gyj,om1mx362,xd1mrrrd,gdrg8ewz,1
o1yxvv6q,8ge69gyj,om1mx362,zd3qprkn,gdrg8ewz,1
o1yxvv6q,8ge69gyj,om1mx362,xd1mrrrd,ewpeey9n,2
o1yxvv6q,8ge69gyj,om1mx362,xd1mrrrd,5d7llq9y,1
o1yxvv6q,8ge69gyj,om1mx362,xd1mrrrd,r9gr1jw2,3
o1yxvv6q,8ge69gyj,om1mx362,xd1mrrrd,y9my1z95,1
o1yxvv6q,8ge69gyj,om1mx362,xd1mrrrd,rdnomvnw,1
o1yxvv6q,8ge69gyj,om1mx362,xd1mrrrd,rw6rlpw7,2
o1yxvv6q,8ge69gyj,om1mx362,xd1mrrrd,rw6q7ypd,1
o1yxvv6q,8ge69gyj,om1mx362,xd1mrrrd,n93qxp2w,1
o1yxvv6q,8ge69gyj,om1mx362,zd3qprkn,rw6q7ypd,1
o1yxvv6q,8ge69gyj,om1mx362,vdoplzy2,nwlnpodv,1
o1yxvv6q,8ge69gyj,om1mx362,xd1mrrrd,ywe2veqw,1
o1yxvv6q,8ge69gyj,om1mx362,xd1mrrrd,nwlgmjp9,1
o1yxvv6q,8ge69gyj,om1mx362,xd1mrrrd,owo7mpv9,1
o1yxvv6q,8ge69gyj,om1mx362,zd3qprkn,kwj7kqrw,1
o1yxvv6q,8ge69gyj,om1mx362,xd1mrrrd,kwj7kqrw,1
o1yxvv6q,8ge69gyj,om1mx362,xd1mrrrd,xd4nrqwm,1
o1yxvv6q,8ge69gyj,om1mx362,zd3qprkn,o9x1ye6d,1
o1yxvv6q,8ge69gyj,om1mx362,zd3qprkn,xd4nrqwm,1
o1yxvv6q,8ge69gyj,om1mx362,xd1mrrrd,xd1jzqqd,1
o1yxvv6q,8ge69gyj,om1mx362,zd3qprkn,ewp726lw,1
o1yxvv6q,8ge69gyj,om1mx362,zd3qprkn,5d7yjm5d,1
o1yxvv6q,8ge69gyj,om1mx362,xd1mrrrd,ewp726lw,1
o1yxvv6q,8ge69gyj,om1mx362,zd3qprkn,5d7g4gdy,1
o1yxvv6q,8ge69gyj,om1mx362,xd1mrrrd,5d7g4gdy,1
o1yxvv6q,8ge69gyj,om1mx362,zd3qprkn,xd1jzqqd,1
o1yxvv6q,8ge69gyj,om1mx362,xd1mrrrd,nwl61jpw,1
o1yxvv6q,8ge69gyj,om1mx362,zd3qprkn,owo7mpv9,1
o1yxvv6q,8ge69gyj,om1mx362,xd1mrrrd,5d7yjm5d,1
o1yxvv6q,8ge69gyj,om1mx362,vdoplzy2,o9xjm6dl,1
o1yxvv6q,8ge69gyj,om1mx362,wkpgx9gk,o9xjm6dl,1
o1yxvv6q,8ge69gyj,om1mx362,vdoplzy2,r9gpkq92,1
o1yxvv6q,8ge69gyj,om1mx362,wkpgx9gk,r9gpkq92,1
o1yxvv6q,8ge69gyj,om1mx362,vdoplzy2,xd4om89m,1
o1yxvv6q,8ge69gyj,om1mx362,wkpgx9gk,xd4om89m,1
o1yxvv6q,8ge69gyj,om1mx362,vdoplzy2,ywe2veqw,1
o1yxvv6q,8ge69gyj,om1mx362,wkpgx9gk,ywe2veqw,1
o1yxvv6q,8ge69gyj,om1mx362,9kvlp482,None,2
o1yxvv6q,8ge69gyj,om1mx362,zdn0mp72,None,3
o1yxvv6q,8ge69gyj,om1mx362,9d8vge6k,None,42
o1yxvv6q,8ge69gyj,om1mx362,xk9436d0,None,3
o1yxvv6q,8ge69gyj,om1mx362,vdoplzy2,kwj2zn9g,1
o1yxvv6q,8ge69gyj,om1mx362,wkpgx9gk,kwj2zn9g,1
o1yxvv6q,8ge69gyj,om1mx362,n2yp8m2o,None,30
o1yxvv6q,8ge69gyj,om1mx362,zd3qprkn,kwj310dg,3
o1yxvv6q,8ge69gyj,om1mx362,xd1mrrrd,owolejw6,1
o1yxvv6q,8ge69gyj,om1mx362,zd3qprkn,y9m53jxd,1
o1yxvv6q,8ge69gyj,om1mx362,zd3qprkn,5wk8nvw4,2
o1yxvv6q,8ge69gyj,j1nj096p,zdnrwgn2,None,58
o1yxvv6q,8ge69gyj,om1mx362,xd1mrrrd,495e509p,3
o1yxvv6q,8ge69gyj,om1mx362,zd3qprkn,495e509p,3
o1yxvv6q,8ge69gyj,om1mx362,xd1mrrrd,yweo5y9l,4
o1yxvv6q,8ge69gyj,om1mx362,zd3qprkn,yweo5y9l,4
o1yxvv6q,8ge69gyj,om1mx362,xd1mrrrd,rdqe7kdx,1
o1yxvv6q,8ge69gyj,om1mx362,zd3qprkn,rdqe7kdx,1
o1yxvv6q,8ge69gyj,om1mx362,zd3qprkn,z98x7gdl,5
o1yxvv6q,8ge69gyj,om1mx362,xd1mrrrd,z98x7gdl,4
o1yxvv6q,8ge69gyj,om1mx362,zd3qprkn,rdqe6mdx,4
o1yxvv6q,8ge69gyj,om1mx362,xd1mrrrd,rdqe6mdx,3
o1yxvv6q,8ge69gyj,om1mx362,xd1mrrrd,ldyogk93,4
o1yxvv6q,8ge69gyj,om1mx362,zd3qprkn,ldyogk93,5
o1yxvv6q,8ge69gyj,om1mx362,xd1mrrrd,rdnyzq9m,5
o1yxvv6q,8ge69gyj,om1mx362,zd3qprkn,rdnyzq9m,6
o1yxvv6q,8ge69gyj,o1yxvv6q,9d8jx46k,None,1
o1yxvv6q,8ge69gyj,om1mx362,q25g0wwd,None,2
o1yxvv6q,8ge69gyj,nd2e9erd,ndx5pwjk,None,2
o1yxvv6q,8ge69gyj,nd2e9erd,ndx5pwjk,None,2
o1yxvv6q,8ge69gyj,46w35xn1,9d8x4qw2,None,7
o1yxvv6q,8ge69gyj,46w35xn1,9d8x4qw2,None,7
o1yxvv6q,8ge69gyj,om1mx362,q253qm8k,None,5
o1yxvv6q,8ge69gyj,nd2e9erd,mkelpj9d,None,4
o1yxvv6q,8ge69gyj,om1mx362,xd1mrrrd,69zxxxd1,2
o1yxvv6q,8ge69gyj,om1mx362,xd1mrrrd,xd163z9o,1
o1yxvv6q,8ge69gyj,om1mx362,zd3qprkn,owolejw6,2
o1yxvv6q,8ge69gyj,om1mx362,xd1mrrrd,5d7leq9y,2
o1yxvv6q,8ge69gyj,om1mx362,xd1mrrrd,rdqg3o9x,2
o1yxvv6q,8ge69gyj,om1mx362,xd1mrrrd,ywenjlwl,2
o1yxvv6q,8ge69gyj,om1mx362,zd3qprkn,ywenjlwl,3
o1yxvv6q,8ge69gyj,om1mx362,xd1mrrrd,592387d6,1
o1yxvv6q,8ge69gyj,om1mx362,xd1mrrrd,xd0l2mdq,1
o1yxvv6q,8ge69gyj,om1mx362,xd1mrrrd,xd4nyqwm,2
o1yxvv6q,8ge69gyj,om1mx362,xd1mrrrd,y9m53jxd,1
o1yxvv6q,8ge69gyj,om1mx362,xd1mrrrd,5d7lzq9y,1
o1yxvv6q,8ge69gyj,om1mx362,xd1mrrrd,29vjlq9v,2
o1yxvv6q,8ge69gyj,om1mx362,xd1mrrrd,o9x1pv7d,1
o1yxvv6q,8ge69gyj,om1mx362,zd3qprkn,o9x1pv7d,1
o1yxvv6q,8ge69gyj,om1mx362,xd1mrrrd,rdqg5o9x,2
o1yxvv6q,8ge69gyj,om1mx362,xd1mrrrd,n938y2w0,1
o1yxvv6q,8ge69gyj,k6qre01g,jdr7j9n2,None,7
o1yxvv6q,8ge69gyj,4d79wl31,ndx57y1k,None,43
o1yxvv6q,8ge69gyj,om1mx362,wk6jj7qd,None,2
o1yxvv6q,8ge69gyj,46w35xn1,xd1j948d,None,4
o1yxvv6q,8ge69gyj,46w35xn1,xd1j948d,None,3
o1yxvv6q,8ge69gyj,46w3e471,mke93w9d,None,16
o1yxvv6q,8ge69gyj,46w35xn1,9d8n3xld,None,4
o1yxvv6q,8ge69gyj,46w35xn1,9d8x4qw2,None,5
o1yxvv6q,8ge69gyj,j1lnx46g,vdo36n6d,None,3
o1yxvv6q,8ge69gyj,46w35xn1,9d8x4qw2,None,7
o1yxvv6q,8ge69gyj,46w35xn1,9d8x4qw2,None,7
o1yxvv6q,8ge69gyj,46w35xn1,9d8x4qw2,None,6
o1yxvv6q,8ge69gyj,46w35xn1,9d8x4qw2,None,9
o1yxvv6q,8ge69gyj,46w35xn1,9d8x4qw2,None,12
o1yxvv6q,8ge69gyj,o1yxvv6q,7kjzq1nd,None,5
o1yxvv6q,8ge69gyj,o1yxvv6q,n2yj37z2,None,2
o1yxvv6q,8ge69gyj,n4d7r172,7wk6prd1,None,49
o1yxvv6q,8ge69gyj,29d30dlp,nxd1rk8q,None,177
o1yxvv6q,8ge69gyj,268p89dp,w20n48dn,None,27
o1yxvv6q,8ge69gyj,76r33le6,mkev8x82,None,5
o1yxvv6q,8ge69gyj,76r33le6,7dgx3m7k,None,8
o1yxvv6q,8ge69gyj,46w35xn1,7dg9eopk,None,2
o1yxvv6q,8ge69gyj,46w35xn1,jdzvg86k,owoyp7k9,6
o1yxvv6q,8ge69gyj,46w35xn1,jdzvg86k,rdqlv2kw,6
o1yxvv6q,8ge69gyj,46w35xn1,jdzvg86k,rdqlk62w,8
o1yxvv6q,8ge69gyj,46w35xn1,jdzvg86k,gdr23kl9,4
o1yxvv6q,8ge69gyj,ldemjl13,ndx8xljk,None,616
o1yxvv6q,8ge69gyj,268p89dp,w20n48dn,None,12
o1yxvv6q,j920vpw8,w6jl387d,wk6vm7xd,None,17
o1yxvv6q,j920vpw8,268w4x76,8249leed,None,3
o1yxvv6q,j920vpw8,268w4x76,q259xwjk,None,1
o1yxvv6q,j920vpw8,9dowy731,vdox4r1d,None,3
o1yxvv6q,j920vpw8,3dxkx751,w20e9q8d,None,2
o1yxvv6q,j920vpw8,4d79j8r1,w203pqj2,None,1
o1yxvv6q,j920vpw8,j1np8l6p,vdo0nv1d,None,1
o1yxvv6q,j920vpw8,j1np8l6p,wdmz71x2,None,2
o1yxvv6q,j920vpw8,j1n884e1,xd11qj7d,None,16
o1yxvv6q,j920vpw8,lde3ygx6,rklvj86d,None,1
o1yxvv6q,j920vpw8,29d30dlp,jzd3y2nq,None,88
o1yxvv6q,j920vpw8,o1yxvv6q,n2yj37z2,None,22
o1yxvv6q,j920vpw8,n4d7r172,7wk6prd1,None,222
o1yxvv6q,j920vpw8,9d38801l,rkljvqdn,None,1
o1yxvv6q,j920vpw8,pd0q2901,wk6464pd,None,4
o1yxvv6q,j920vpw8,yd4ol9k1,mkeveo62,None,3
o1yxvv6q,j920vpw8,yd4ol9k1,5dw90jl2,None,3
o1yxvv6q,j920vpw8,pdvz2zk6,zdn4z3qk,None,2
o1yxvv6q,j920vpw8,9do0vkdp,ndxe11rk,None,1
o1yxvv6q,j920vpw8,v1popgz6,9kvm5wok,None,3
o1yxvv6q,j920vpw8,4d79j8r1,vdo10y62,None,2
o1yxvv6q,j920vpw8,m1zj9736,w20xj1o2,None,2
o1yxvv6q,j920vpw8,m1zj9736,ndx5zpvk,None,3
o1yxvv6q,j920vpw8,pdv233k6,vdo5q39k,None,2
o1yxvv6q,j920vpw8,pdv233k6,vdo5q39k,None,1
o1yxvv6q,j920vpw8,o1yxvv6q,n2yj37z2,None,43
o1yxvv6q,j920vpw8,m1zkk9x1,wk60lzpk,None,13
o1yxvv6q,j920vpw8,lde3l5l6,vdoxlvyd,None,1
o1yxvv6q,j920vpw8,9d3rvl9d,jdz7g3vk,None,2
o1yxvv6q,j920vpw8,9do8xxk1,7kjoj6g2,None,3
o1yxvv6q,j920vpw8,9d3rvl9d,jdz7g3vk,None,1
o1yxvv6q,j920vpw8,pdv22k6w,9d8gx7kn,None,62
o1yxvv6q,j920vpw8,lde3ygx6,xd1ve67d,None,6
o1yxvv6q,j920vpw8,lde3ygx6,wdml4n4k,None,4
o1yxvv6q,j920vpw8,369pj021,02qm51jd,None,4
o1yxvv6q,j920vpw8,nd2e575d,82410mw2,None,16
o1yxvv6q,j920vpw8,46w234q6,zd3vjvv2,None,6
o1yxvv6q,j920vpw8,268eg796,z2743z52,None,1
o1yxvv6q,j920vpw8,268eg796,wk6e1qe2,None,1
o1yxvv6q,j920vpw8,268eg796,z2743z52,None,1
o1yxvv6q,j920vpw8,268eg796,z2743z52,None,1
o1yxvv6q,j920vpw8,268eg796,n2y9jled,None,1
o1yxvv6q,j920vpw8,76r3xge6,jdr9o8ld,None,3
o1yxvv6q,j920vpw8,76r3xge6,02q9m79k,ewpnkqj9,2
o1yxvv6q,j920vpw8,76r3xge6,02q9m79k,xd1pv55d,2
o1yxvv6q,j920vpw8,76r3xge6,02q9m79k,owo8g2kd,2
o1yxvv6q,j920vpw8,76r3xge6,02q9m79k,y9m0kpxw,2
o1yxvv6q,j920vpw8,o6gr3xd2,wdmqz532,None,1
o1yxvv6q,j920vpw8,o6gr3xd2,vdo40592,None,1
o1yxvv6q,j920vpw8,4d79j8r1,vdo10y62,None,2
o1yxvv6q,j920vpw8,4d79j8r1,vdo10y62,None,1
o1yxvv6q,j920vpw8,4d79j8r1,vdo10y62,None,1
o1yxvv6q,j920vpw8,268eg796,5dw6y3g2,None,3
o1yxvv6q,j920vpw8,268eg796,n2y9jled,None,2
o1yxvv6q,j920vpw8,lde3l5l6,mkel6p8d,ywex4lr9,1
o1yxvv6q,j920vpw8,lde3l5l6,mkel6p8d,69zerzo9,1
o1yxvv6q,j920vpw8,lde3l5l6,mkel6p8d,495xjyjd,1
o1yxvv6q,j920vpw8,lde3l5l6,mkel6p8d,nwl463r9,1
o1yxvv6q,j920vpw8,lde3l5l6,7dg0je7k,nwl463r9,1
o1yxvv6q,j920vpw8,lde3l5l6,mkel6p8d,r9gqzrkd,1
o1yxvv6q,j920vpw8,lde3l5l6,mkel6p8d,o9xr2k19,1
o1yxvv6q,j920vpw8,268eg796,wk6e1qe2,None,2
o1yxvv6q,j920vpw8,268eg796,z2743z52,None,2
o1yxvv6q,j920vpw8,o1yjjv1q,ndx1712q,None,32
o1yxvv6q,j920vpw8,m1mxrr36,w208pvod,None,30
o1yxvv6q,j920vpw8,kdkzxlld,5dw90452,None,4
o1yxvv6q,j920vpw8,j1np8l6p,wkpjrl0k,None,1
o1yxvv6q,1xymkpvx,pdvz3796,wk6o3erk,69zgzzow,1
o1yxvv6q,1xymkpvx,9d3go06l,xd13yzrk,None,1
o1yxvv6q,1xymkpvx,o1yjrpr1,z27wrp0k,z9837x7d,2
o1yxvv6q,1xymkpvx,o1yjrpr1,xk9wry42,ldyxgoj9,2
o1yxvv6q,1xymkpvx,o1yjrpr1,xk9wry42,gdrnxz89,1
o1yxvv6q,1xymkpvx,o1yjrpr1,z27wrp0k,gdrnxz89,1
o1yxvv6q,1xymkpvx,o1yjrpr1,zdnz0med,gdrnxz89,1
o1yxvv6q,1xymkpvx,o1yjrpr1,xk9wry42,z9837x7d,1
o1yxvv6q,1xymkpvx,om1m5kd2,xk9lg6k0,None,30
o1yxvv6q,1xymkpvx,o1yjrpr1,xk9wry42,ldyxgop9,1
o1yxvv6q,1xymkpvx,o1yjrpr1,xk9wry42,rdn7zyn9,2
o1yxvv6q,1xymkpvx,o1yjrpr1,z27wrp0k,ldyxgop9,5
o1yxvv6q,1xymkpvx,o1yjrpr1,xk9wry42,n9314r7d,2
o1yxvv6q,1xymkpvx,o1yjrpr1,z27wrp0k,rdn7zyn9,2
o1yxvv6q,1xymkpvx,o1yjrpr1,zdnz0med,ldyxgop9,4
o1yxvv6q,1xymkpvx,y65457de,jdrvmx26,None,133
o1yxvv6q,1xymkpvx,w6j7gw46,wdm50j52,495pe22w,6
o1yxvv6q,1xymkpvx,w6j7gw46,zdnzmjed,rdqye8m9,37
o1yxvv6q,1xymkpvx,4d79mv31,jdzw7evd,None,1
o1yxvv6q,1xymkpvx,pdvz3796,mkezj1jk,None,1
o1yxvv6q,1xymkpvx,pdvz3796,mkezj1jk,None,1
o1yxvv6q,1xymkpvx,om1m5kd2,q254qvdo,None,25
o1yxvv6q,1xymkpvx,nd2e353d,9kvojne2,59288qg9,1
o1yxvv6q,1xymkpvx,nd2e353d,9kvojn32,None,1
o1yxvv6q,1xymkpvx,nd2e353d,9d84jlwk,59288qg9,1
o1yxvv6q,1xymkpvx,j1nrv9dp,n2yoz88d,ywe488ld,2
o1yxvv6q,1xymkpvx,j1npnx6p,9d8gg33k,5d74ozvd,4
o1yxvv6q,1xymkpvx,m1znz310,zdnrlye2,4958p109,1
o1yxvv6q,1xymkpvx,3dxe951y,rkl95lrk,None,26
o1yxvv6q,1xymkpvx,j1npnx6p,9d8gg33k,kwjzn1z9,5
o1yxvv6q,1xymkpvx,w6jl9v2d,n2y3qled,None,1
o1yxvv6q,1xymkpvx,w6jl9v2d,z2768jzd,None,1
o1yxvv6q,1xymkpvx,w6jl9v2d,xk9g376d,None,1
o1yxvv6q,1xymkpvx,m1mryx62,wdmw0ex2,None,2
o1yxvv6q,1xymkpvx,m1mryx62,7dgrzqxk,None,3
o1yxvv6q,1xymkpvx,m1mryx62,wkpop702,None,2
o1yxvv6q,1xymkpvx,3dxv5y6y,xd1mm88d,rw6qp17d,5
o1yxvv6q,1xymkpvx,3dxv5y6y,xd1mm88d,xd0kr119,12
o1yxvv6q,1xymkpvx,o1yxvv6q,7dg59472,None,10
o1yxvv6q,1xymkpvx,46wqlq6r,wkpqgqjd,592op5rd,10
o1yxvv6q,18ql1d0j,o1yxvv6q,xk9jn84d,None,148
o1yxvv6q,68w9d7zj,n4d7r172,xn2yqmko,None,41
o1yxvv6q,68w9d7zj,o1yxvv6q,n2yj37z2,None,30
o1yxvv6q,68w9d7zj,yd4oqyk1,xd1qq082,None,1
o1yxvv6q,68w9d7zj,yo1yv1q5,xk9g1w6d,None,81
o1yxvv6q,68w9d7zj,4d7nxgl6,wkp5yx0d,None,3
o1yxvv6q,68w9d7zj,yd4oqp1e,9kvj1vok,None,9
o1yxvv6q,68w9d7zj,o1yxvv6q,7kjzq1nd,None,33
o1yxvv6q,68w9d7zj,qw6j21jm,02qm1mzd,None,3
o1yxvv6q,68w9d7zj,yd4oqyk1,7kj30q32,None,6
o1yxvv6q,68w9d7zj,3695l8dl,n2yq45zk,None,25
o1yxvv6q,68w9d7zj,m1mp4x12,n2y1zzm2,None,8
o1yxvv6q,68w9d7zj,yd4oqp1e,wk677rd1,None,7
o1yxvv6q,68w9d7zj,n4d7r172,p7kjv4k3,None,25
o1yxvv6q,68w9d7zj,pd0w2wl1,9d8gv33k,None,1
o1yxvv6q,68w9d7zj,8nd20r60,9kvpg3kg,xd406q9m,17
o1yxvv6q,68w9d7zj,o6gn7o12,wkp3yj2r,None,131
o1yxvv6q,68w9d7zj,46w22l6r,jdr77526,None,296
o1yxvv6q,68w9d7zj,268exn56,xd17jr8d,xd4x2n09,3
o1yxvv6q,68w9d7zj,268exn56,xd17jr8d,29v27j1d,6
o1yxvv6q,68w9d7zj,kdk0yl6m,9kvpe63k,None,9
o1yxvv6q,68w9d7zj,268exn56,xd17jr8d,z98n7e79,1
o1yxvv6q,68w9d7zj,46wy8qdr,5dwy8gek,None,33
o1yxvv6q,68w9d7zj,k6q4p50d,z276x14d,None,7
o1yxvv6q,68w9d7zj,3dx3ppdy,824rg7ed,None,2
o1yxvv6q,68w9d7zj,n4d7r172,7wk6prd1,None,130
o1yxvv6q,68w9d7zj,o1yxvv6q,wk61oord,None,14
o1yxvv6q,68w9d7zj,4d7gm3d7,rklv9o8d,None,1
o1yxvv6q,68w9d7zj,4d7gm3d7,vdoql39k,None,3
o1yxvv6q,68w9d7zj,ldekpnd3,w20ly82n,None,13
o1yxvv6q,68w9d7zj,y655346e,8241ye25,None,62
o1yxvv6q,68w9d7zj,w6j7y76j,n2y7q72o,None,54
o1yxvv6q,68w9d7zj,k6q4p50d,9kvye6ek,None,5
o1yxvv6q,68w9d7zj,29d30dlp,nxd1rk8q,None,215
o1yxvv6q,68w9d7zj,n4d7r172,7wk6prd1,None,191
o1yxvv6q,68w9d7zj,om1mx362,wkpn1jdr,None,83
o1yxvv6q,68w9d7zj,29d30dlp,jzd3y2nq,None,76
o1yxvv6q,68w9d7zj,ok6qvxdg,rklgz8dn,None,28
o1yxvv6q,68w9d7zj,yo1yv1q5,4xk906k0,None,139
o1yxvv6q,68w9d7zj,om1m3625,w20p0zkn,None,60
o1yxvv6q,j2ww0zpj,o1yxvv6q,n2yj37z2,None,3
o1yxvv6q,jmol3zy8,9dor97dp,zd3e8rkn,None,17
o1yxvv6q,jmol3zy8,o1yxvv6q,xk9jn84d,None,132
o1yxvv6q,jmol3zy8,m1zv8260,7dg8epx2,None,5
o1yxvv6q,jmol3zy8,9dor97dp,zd3e8rkn,None,24
o1yxvv6q,qjom5e3x,29d30dlp,nxd1rk8q,None,242
o1yxvv6q,qjom5e3x,o1yxvv6q,7kjzq1nd,None,19
o1yxvv6q,8qzovyq8,yo1yv1q5,xk9g1w6d,None,26
o1yxvv6q,8qzovyq8,l3dxogdy,wk68zp21,None,95
o1yxvv6q,8qzovyq8,l3dxogdy,7kjzwjnd,None,8
o1yxvv6q,8qzovyq8,o1yxvv6q,xk9jn84d,None,7
o1yxvv6q,8qzovyq8,yo1yv1q5,vdo46qy2,None,15
o1yxvv6q,18vrwmnx,y655lg06,zd3j9pr2,None,1
o1yxvv6q,18vrwmnx,y655lg06,vdoyrev2,nwlekzod,1
o1yxvv6q,18vrwmnx,y655lg06,xd1jy6zd,None,1
o1yxvv6q,18vrwmnx,y655lg06,rkl56w62,None,1
o1yxvv6q,18vrwmnx,y655lg06,9kv8vwed,None,1
o1yxvv6q,18vrwmnx,y655lg06,vdoyrev2,495nvzm9,1
o1yxvv6q,18vrwmnx,y655lg06,vdoyrev2,xd48veqw,1
o1yxvv6q,18vrwmnx,y655lg06,vdoyrev2,n9332z29,1
o1yxvv6q,18vrwmnx,y655lg06,vdoyrev2,69z0m8xd,1
o1yxvv6q,18vrwmnx,y655lg06,vdoyrev2,ldy04lj9,1
o1yxvv6q,18vrwmnx,y655lg06,vdoyrev2,592pv47w,1
o1yxvv6q,18vrwmnx,o1yj0pr1,n2yv8112,None,13
o1yxvv6q,18vrwmnx,y655lg06,xd1jy6wd,None,12
o1yxvv6q,18vrwmnx,y655lg06,zd3j9pe2,None,4
o1yxvv6q,18vrwmnx,29d30dlp,nxd1rk8q,None,150
o1yxvv6q,18vrwmnx,29d30dlp,9d8v6j7k,None,6
o1yxvv6q,18vrwmnx,n268e96p,7wkp02rm,None,31
o1yxvv6q,18vrwmnx,n268e96p,zd3yexe2,None,3
o1yxvv6q,18vrwmnx,9d3rpowd,9kvoon82,None,243
o1yxvv6q,18vrwmnx,m1mrqk62,wkpv9ngk,None,1
o1yxvv6q,18vrwmnx,m1mrqk62,n2y5458k,None,1
o1yxvv6q,18vrwmnx,m1mrqk62,xk9gynyd,None,5
o1yxvv6q,18vrwmnx,xlde3j63,4xk9l6k0,None,27
o1yxvv6q,18vrwmnx,qw6j21jm,wkpyjwjk,None,8
o1yxvv6q,18vrwmnx,8nd2qd05,jdrvnv52,jgdrpewz,5
o1yxvv6q,18vrwmnx,29d30dlp,z2771020,None,36
o1yxvv6q,18vrwmnx,om1mx362,7kjvmgk3,None,730
o1yxvv6q,18vrwmnx,46w35xn1,jdzvg86k,69zzvol9,3
o1yxvv6q,18vrwmnx,46w35xn1,jdzvg86k,owoyp7k9,4
o1yxvv6q,18vrwmnx,46w35xn1,ndx1omv2,owoyp7k9,3
o1yxvv6q,18vrwmnx,46w35xn1,jdzvg86k,owoyvoo9,5
o1yxvv6q,18vrwmnx,46w35xn1,9d8x4qw2,None,49
o1yxvv6q,18vrwmnx,9do00kdp,z273yw5d,None,10
o1yxvv6q,18vrwmnx,9do00kdp,z273yw5d,None,12
o1yxvv6q,18vrwmnx,9do00kdp,z273yw5d,None,11
o1yxvv6q,18vrwmnx,9do00kdp,z273yw5d,None,14
o1yxvv6q,18vrwmnx,9do00kdp,z273yw5d,None,8
o1yxvv6q,18vrwmnx,9do00kdp,rklem5w2,None,11
o1yxvv6q,18vrwmnx,9do00kdp,zdnrpz72,None,15
o1yxvv6q,18vrwmnx,9do00kdp,zdnrpz72,None,8
o1yxvv6q,18vrwmnx,om1mx362,n2yp8m2o,None,70
o1yxvv6q,18vrwmnx,o1yxvv6q,7dg59472,None,11
o1yxvv6q,18vrwmnx,3dxp346y,zd3yw9r2,None,20
o1yxvv6q,18vrwmnx,29d30dlp,zd30m4yd,gdrj3nkw,5
o1yxvv6q,18vrwmnx,m1myr312,zdnrjyn2,None,3
o1yxvv6q,18vrwmnx,8nd2qd05,xwdmw52q,jgdrpewz,10
o1yxvv6q,18vrwmnx,29d30dlp,zd30m4yd,gdrj30kw,5
o1yxvv6q,18vrwmnx,29d30dlp,zd30m4yd,xd10qmy9,5
o1yxvv6q,18vrwmnx,29d30dlp,zd30m4yd,r9gzg62d,4
o1yxvv6q,18vrwmnx,29d30dlp,zd30m4yd,owokpj3d,5
o1yxvv6q,18vrwmnx,29d30dlp,zd30m4yd,kwjyqg1w,7
o1yxvv6q,18vrwmnx,29d30dlp,zd30m4yd,rdq0k8gw,7
o1yxvv6q,18vrwmnx,ldeenld3,jdz5893d,None,19
o1yxvv6q,18vrwmnx,8nd2qd05,jdre19lk,None,6
o1yxvv6q,18vrwmnx,8nd2qd05,xwdmw52q,8ywe2lwl,8
o1yxvv6q,18vrwmnx,j1lmjzdg,n2y11we2,None,10
o1yxvv6q,18vrwmnx,29d30dlp,zd30m4yd,n930jkr9,5
o1yxvv6q,18vrwmnx,29d30dlp,zd30m4yd,r9gzgm2d,4
o1yxvv6q,18vrwmnx,29d30dlp,zd30m4yd,rw6v6269,6
o1yxvv6q,18vrwmnx,29d30dlp,zd30m4yd,rw6v6269,6
o1yxvv6q,18vrwmnx,29d30dlp,zd30m4yd,69zrgl4d,4
o1yxvv6q,18vrwmnx,29d30dlp,zd30m4yd,xd005pjd,9
o1yxvv6q,18vrwmnx,j1lmjzdg,jdz56vxd,None,215
o1yxvv6q,18vrwmnx,j1lmjzdg,wk6jj9ed,None,37
o1yxvv6q,18vrwmnx,29d30dlp,9zdne7dq,None,33
o1yxvv6q,18vrwmnx,m9dowk1p,p7kjr423,None,62
o1yxvv6q,18vrwmnx,o1yxvv6q,xk9jn84d,None,164
o1yxvv6q,18vrwmnx,m1myr312,q258n1j2,None,3
o1yxvv6q,18vrwmnx,m1myr312,jdzpmnrk,None,3
o1yxvv6q,18vrwmnx,m1myr312,mkej6082,None,2
o1yxvv6q,18vrwmnx,yo1yv1q5,4xk906k0,None,131
o1yxvv6q,18vrwmnx,yo1yv1q5,xk9g1w6d,None,92
o1yxvv6q,o86p4owj,j1nqoy1p,mke9x59d,None,7
o1yxvv6q,o86p4owj,j1nqoy1p,mke9x59d,None,6
o1yxvv6q,o86p4owj,n4d7r172,wkpjll0k,z98r5kgd,5
o1yxvv6q,o86p4owj,29d30dlp,zd30m4yd,rdqzormd,10
o1yxvv6q,o86p4owj,n4d7r172,xn2yqmko,None,38
o1yxvv6q,o86p4owj,j1nqoy1p,mke9x59d,None,7
o1yxvv6q,o86p4owj,29d30dlp,9zdne7dq,None,31
o1yxvv6q,o86p4owj,46wy8qdr,wk61o8qd,None,8
o1yxvv6q,o86p4owj,46wy8qdr,5dwy8gek,None,28
o1yxvv6q,o86p4owj,29d30dlp,zd30m4yd,5920rlgd,16
o1yxvv6q,o86p4owj,n4d7r172,wkpjll0k,ldyeo4jw,6
o1yxvv6q,o86p4owj,29d30dlp,jzd3y2nq,None,74
o1yxvv6q,o86p4owj,o1yxvv6q,7kjzq1nd,None,23
o1yxvv6q,o86p4owj,29d30dlp,02q75pdy,None,10
o1yxvv6q,o86p4owj,j1nqoy1p,zdn0zq72,None,8
o1yxvv6q,o86p4owj,j1nqoy1p,zdn0zq72,None,15
o1yxvv6q,o86p4owj,n4d7r172,w20zmodn,None,17
o1yxvv6q,o86p4owj,j1nqoy1p,xd1memrd,o9x1680d,3
o1yxvv6q,o86p4owj,j1nqoy1p,xd1memrd,592oynrd,4
o1yxvv6q,o86p4owj,j1nqoy1p,xd1memrd,xd43lrp9,2
o1yxvv6q,o86p4owj,j1nqoy1p,xd1memrd,29vkq5nd,2
o1yxvv6q,o86p4owj,j1nqoy1p,xd1memrd,5920mgod,1
o1yxvv6q,o86p4owj,j1nqoy1p,xd1memrd,z98jr11w,2
o1yxvv6q,o86p4owj,j1nqoy1p,xd1memrd,xd0kprx9,4
o1yxvv6q,o86p4owj,j1nqoy1p,xd1memrd,gdrpr46w,3
o1yxvv6q,o86p4owj,j1nqoy1p,xd1memrd,xd07831w,3
o1yxvv6q,o86p4owj,j1nqoy1p,xd1memrd,5d77yned,3
o1yxvv6q,o86p4owj,j1nqoy1p,xd1memrd,ldye1m7w,3
o1yxvv6q,o86p4owj,j1nqoy1p,xd1memrd,y9m50q5d,2
o1yxvv6q,o86p4owj,j1nqoy1p,xd1memrd,z98rpvgd,2
o1yxvv6q,o86p4owj,j1nqoy1p,xd1memrd,ewpp714w,3
o1yxvv6q,o86p4owj,j1nqoy1p,xd1memrd,kwjy7l1w,3
o1yxvv6q,o86p4owj,j1nqoy1p,xd1memrd,5wk2kyxw,2
o1yxvv6q,o86p4owj,j1nqoy1p,xd1memrd,5wk2kzxw,3
o1yxvv6q,o86p4owj,j1nqoy1p,xd1memrd,xd00kp4d,2
o1yxvv6q,o86p4owj,j1nqoy1p,xd1memrd,y9me5l0d,1
o1yxvv6q,o86p4owj,j1nqoy1p,xd1memrd,rw6vq2g9,2
o1yxvv6q,o86p4owj,j1nqoy1p,xd1memrd,xd00kzjd,1
o1yxvv6q,o86p4owj,j1nqoy1p,xd1memrd,29vymox9,1
o1yxvv6q,o86p4owj,j1nqoy1p,xd1memrd,xd10jky9,2
o1yxvv6q,o86p4owj,j1nqoy1p,xd1memrd,rw6vqj69,1
o1yxvv6q,o86p4owj,j1nqoy1p,xd1memrd,592j0m3w,3
o1yxvv6q,o86p4owj,j1nqoy1p,xd1memrd,xd460q89,2
o1yxvv6q,o86p4owj,j1nqoy1p,xd1memrd,gdrjjkew,2
o1yxvv6q,o86p4owj,j1nqoy1p,xd1memrd,rdq0z2gw,2
o1yxvv6q,o86p4owj,j1nqoy1p,xd1memrd,69zrpy4d,4
o1yxvv6q,o86p4owj,j1nqoy1p,xd1memrd,ywe42r4d,2
o1yxvv6q,o86p4owj,j1nqoy1p,xd1memrd,rdq0zpgw,3
o1yxvv6q,o86p4owj,j1nqoy1p,xd1memrd,n930q5r9,4
o1yxvv6q,o86p4owj,j1nqoy1p,xd1memrd,n930q6r9,3
o1yxvv6q,o86p4owj,j1nqoy1p,xd1memrd,z98jry1w,3
o1yxvv6q,o86p4owj,j1nqoy1p,xd1memrd,xd460789,2
o1yxvv6q,o86p4owj,j1nqoy1p,xd1memrd,5wk2kyxw,2
o1yxvv6q,o86p4owj,j1nqoy1p,xd1memrd,ewp7nmkw,2
o1yxvv6q,o86p4owj,j1nqoy1p,xd1memrd,z98jr3pw,2
o1yxvv6q,o86p4owj,j1nqoy1p,xd1memrd,ewpp7m4w,2
o1yxvv6q,o86p4owj,j1nqoy1p,xd1memrd,xd40p729,2
o1yxvv6q,o86p4owj,j1nqoy1p,xd1memrd,gdrjpnlw,4
o1yxvv6q,o86p4owj,j1nqoy1p,xd1memrd,n930qvr9,2
o1yxvv6q,o86p4owj,j1nqoy1p,xd1memrd,rdqzypkd,2
o1yxvv6q,o86p4owj,29d30dlp,9d8v6j7k,None,25
o1yxvv6q,o86p4owj,n4d7r172,q254wgdo,None,50
o1yxvv6q,o86p4owj,j1nqoy1p,xd1memrd,nwl6gxgw,3
o1yxvv6q,o86p4owj,j1nqoy1p,xd1memrd,xd1jpked,3
o1yxvv6q,o86p4owj,j1nqoy1p,xd1memrd,rdn5o66d,2
o1yxvv6q,o86p4owj,j1nqoy1p,xd1memrd,5wk2k0pw,2
o1yxvv6q,o86p4owj,j1nqoy1p,xd1memrd,r9gzy02d,3
o1yxvv6q,o86p4owj,j1nqoy1p,xd1memrd,o9x2157w,3
o1yxvv6q,o86p4owj,j1nqoy1p,xd1memrd,495kp309,3
o1yxvv6q,o86p4owj,j1nqoy1p,xd1memrd,5wk2k5xw,3
o1yxvv6q,o86p4owj,j1nqoy1p,xd1memrd,nwl6g5ew,2
o1yxvv6q,o86p4owj,j1nqoy1p,xd1memrd,xd0qz7x9,4
o1yxvv6q,o86p4owj,j1nqoy1p,xd1memrd,rw6ojnrw,5
o1yxvv6q,o86p4owj,j1nqoy1p,xd1memrd,n9346gnd,3
o1yxvv6q,o86p4owj,j1nqoy1p,xd1memrd,xd10jgy9,1
o1yxvv6q,o86p4owj,j1nqoy1p,xd1memrd,29vmvzn9,1
o1yxvv6q,o86p4owj,j1nqoy1p,xd1memrd,y9mxljxw,4
o1yxvv6q,o86p4owj,j1nqoy1p,xd1memrd,nwlg0q09,3
o1yxvv6q,o86p4owj,j1nqoy1p,xd1memrd,592j0x6w,2
o1yxvv6q,o86p4owj,j1nqoy1p,xd1memrd,xd00krjd,2
o1yxvv6q,o86p4owj,j1nqoy1p,xd1memrd,29v7ok39,3
o1yxvv6q,o86p4owj,j1nqoy1p,xd1memrd,xd42q32w,3
o1yxvv6q,o86p4owj,j1nqoy1p,xd1memrd,r9gzye2d,3
o1yxvv6q,o86p4owj,j1nqoy1p,xd1memrd,ldye1xrw,2
o1yxvv6q,o86p4owj,j1nqoy1p,xd1memrd,495jko4w,3
o1yxvv6q,o86p4owj,j1nqoy1p,xd1memrd,rdn5oe6d,2
o1yxvv6q,o86p4owj,j1nqoy1p,xd1memrd,29vymex9,3
o1yxvv6q,o86p4owj,o1yxvv6q,n2yj37z2,None,26
o1yxvv6q,o86p4owj,n4d7r172,7wk6prd1,None,171
o1yxvv6q,o86p4owj,j1nqoy1p,xd1memrd,ldy1qnkd,2
o1yxvv6q,o86p4owj,j1nqoy1p,xd1memrd,xd460pr9,2
o1yxvv6q,o86p4owj,j1nqoy1p,xd1memrd,owo78oo9,4
o1yxvv6q,o86p4owj,j1nqoy1p,xd1memrd,5d77yked,3
o1yxvv6q,o86p4owj,j1nqoy1p,xd1memrd,gdrjp7zw,3
o1yxvv6q,o86p4owj,j1nqoy1p,xd1memrd,n930q1z9,2
o1yxvv6q,o86p4owj,j1nqoy1p,xd1memrd,o9x2187w,3
o1yxvv6q,o86p4owj,j1nqoy1p,xd1memrd,29vymgl9,3
o1yxvv6q,o86p4owj,j1nqoy1p,xd1memrd,rdno3jqw,5
o1yxvv6q,o86p4owj,j1nqoy1p,xd1memrd,495jk34w,2
o1yxvv6q,o86p4owj,j1nqoy1p,xd1memrd,owok713d,1
o1yxvv6q,o86p4owj,j1nqoy1p,xd1memrd,y9me5q0d,2
o1yxvv6q,o86p4owj,29d30dlp,nxd1rk8q,None,358
o1yxvv6q,o86p4owj,29d30dlp,nxd1rk8q,None,358
o1yxvv6q,o86p4owj,o1yxvv6q,7kjzq1nd,None,29
o1yxvv6q,o86p4owj,j1nqoy1p,xd1memrd,69zrpnld,1
o1yxvv6q,o86p4owj,j1nqoy1p,mke9x59d,None,19
o1yxvv6q,o86p4owj,j1nqoy1p,xd1memrd,592j0g6w,2
o1yxvv6q,o86p4owj,j1nqoy1p,xd1memrd,rw6vqp69,2
o1yxvv6q,o86p4owj,j1nqoy1p,xd1memrd,gdrjp4kw,3
o1yxvv6q,o86p4owj,j1nqoy1p,xd1memrd,ldye1n7w,3
o1yxvv6q,o86p4owj,j1nqoy1p,xd1memrd,nwl6gqgw,2
o1yxvv6q,o86p4owj,j1nqoy1p,xd1memrd,rdn5o77d,2
o1yxvv6q,o86p4owj,j1nqoy1p,xd1memrd,ldye10zw,1
o1yxvv6q,o86p4owj,j1nqoy1p,xd1memrd,kwjy7x1w,2
o1yxvv6q,o86p4owj,j1nqoy1p,xd1memrd,kwj70xnw,2
o1yxvv6q,o86p4owj,j1nqoy1p,xd1memrd,rw6q2prd,2
o1yxvv6q,o86p4owj,j1nqoy1p,xd1memrd,5d7ypngd,1
o1yxvv6q,o86p4owj,o1yxvv6q,7kjzq1nd,None,5
o1yxvv6q,o86p4owj,j1nqoy1p,xd1memrd,69zrrmxd,2
o1yxvv6q,o86p4owj,j1nqoy1p,xd1memrd,xd460489,1
o1yxvv6q,o86p4owj,j1nqoy1p,xd1memrd,xd00kmjd,1
o1yxvv6q,o86p4owj,j1nqoy1p,xd1memrd,owok7o3d,2
o1yxvv6q,o86p4owj,j1nqoy1p,xd1memrd,69zrpo4d,2
o1yxvv6q,o86p4owj,j1nqoy1p,xd1memrd,592j026w,2
o1yxvv6q,o86p4owj,j1nqoy1p,xd1memrd,ldy1q7kd,2
o1yxvv6q,o86p4owj,j1nqoy1p,xd1memrd,y9me50xd,2
o1yxvv6q,o86p4owj,j1nqoy1p,xd1memrd,kwjy7n1w,1
o1yxvv6q,o86p4owj,j1nqoy1p,xd1memrd,gdrjpmkw,2
o1yxvv6q,o86p4owj,j1nqoy1p,xd1memrd,rw6vq1g9,2
o1yxvv6q,o86p4owj,j1nqoy1p,xd1memrd,owok7z3d,1
o1yxvv6q,o86p4owj,j1nqoy1p,xd1memrd,69zrpqld,1
o1yxvv6q,o86p4owj,j1nqoy1p,xd1memrd,gdrprm6w,3
o1yxvv6q,o86p4owj,j1nqoy1p,xd1memrd,69zp7ylw,1
o1yxvv6q,o86p4owj,j1nqoy1p,xd1memrd,r9gy6e59,2
o1yxvv6q,o86p4owj,j1nqoy1p,xd1memrd,ywe20ryw,5
o1yxvv6q,o86p4owj,j1nqoy1p,xd1memrd,n93qk5nw,1
o1yxvv6q,o86p4owj,j1nqoy1p,xd1memrd,rw6vq869,2
o1yxvv6q,o86p4owj,j1nqoy1p,xd1memrd,5d77yoed,1
o1yxvv6q,o86p4owj,j1nqoy1p,xd1memrd,5wkk0z2w,4
o1yxvv6q,o86p4owj,j1nqoy1p,xd1memrd,29vmge39,4
o1yxvv6q,o86p4owj,29d30dlp,zd30m4yd,ewp7oylw,15
o1yxvv6q,o86p4owj,n4d7r172,wkpjll0k,n93qljnw,8
o1yxvv6q,o86p4owj,29d30dlp,zd30m4yd,y9m5g3ld,4
o1yxvv6q,o86p4owj,n4d7r172,wkpjll0k,xd40eo29,7
o1yxvv6q,o86p4owj,29d30dlp,zd30m4yd,rw6n44pd,3
o1yxvv6q,o86p4owj,29d30dlp,z2771020,None,61
o1yxvv6q,o86p4owj,29d30dlp,zd30m4yd,gdrek1l9,1
o1yxvv6q,o86p4owj,n4d7r172,wkpjll0k,495jev2w,2
o1yxvv6q,o86p4owj,n4d7r172,wkpjll0k,gdrjzk8w,1
o1yxvv6q,o86p4owj,29d30dlp,zd30m4yd,ywe23gqw,6
o1yxvv6q,o86p4owj,29d30dlp,zd30m4yd,rdq0p7kw,5
o1yxvv6q,o86p4owj,29d30dlp,zd30m4yd,495kzg29,7
o1yxvv6q,o86p4owj,29d30dlp,zd30m4yd,495j350w,4
o1yxvv6q,o86p4owj,29d30dlp,zd30m4yd,ldy1k6jd,7
o1yxvv6q,o86p4owj,n4d7r172,wkpjll0k,29vm0r39,6
o1yxvv6q,o86p4owj,29d30dlp,zd30m4yd,69zp6j6w,11
o1yxvv6q,o86p4owj,29d30dlp,zd30m4yd,o9x1oq6d,7
o1yxvv6q,o86p4owj,29d30dlp,zd30m4yd,r9gyn5q9,5
o1yxvv6q,18q2poo8,268p89dp,w20n48dn,None,24
o1yxvv6q,18q2poo8,369q7ldl,wdmrr1ek,xd03rq4d,3
o1yxvv6q,18q2poo8,369q7ldl,vdoq4y9k,None,2
o1yxvv6q,18q2poo8,369q7ldl,wdmrr1ek,rdn2jz7d,2
o1yxvv6q,18q2poo8,29d30dlp,nxd1rk8q,None,199
o1yxvv6q,18q2poo8,o1yxvv6q,xk9jn84d,None,45
o1yxvv6q,18q2poo8,yo1yv1q5,4xk906k0,None,67
o1yxvv6q,18q2poo8,yo1yv1q5,wdm8v332,z98jvr7w,6
o1yxvv6q,18q2poo8,yo1yv1q5,wdm8v332,ldyy48rd,4
o1yxvv6q,18q2poo8,yo1yv1q5,wdm8v332,xd4644q9,13
o1yxvv6q,18q2poo8,3695l8dl,n2yq45zk,None,26
o1yxvv6q,y8d032mx,29d30dlp,9zdne7dq,None,1
o1yxvv6q,y8d032mx,29d30dlp,nxd1rk8q,None,2
o1yxvv6q,y8d032mx,29d30dlp,02q75pdy,None,1
o1yxvv6q,y8d032mx,29d30dlp,9d8v6j7k,None,1
o1yxvv6q,y8d032mx,29d30dlp,zd30m4yd,z98r5q7d,1
o1yxvv6q,y8d032mx,29d30dlp,l9kvjkgq,None,3
o1yxvv6q,y8d032mx,o1yxvv6q,7kjzq1nd,None,3
o1yxvv6q,y8d032mx,29d30dlp,zd30m4yd,n93qle7w,1
o1yxvv6q,y8d032mx,29d30dlp,z2771020,None,2
o1yxvv6q,y8d032mx,n4d7r172,7wk6prd1,None,20
o1yxvv6q,y8d032mx,o1yxvv6q,7kjzq1nd,None,1
o1yxvv6q,y8d032mx,n4d7r172,xn2yqmko,None,10
o1yxvv6q,y8d032mx,29d30dlp,rkle7mw2,None,3
o1yxvv6q,y8d032mx,o1yxvv6q,7kjzq1nd,None,3
o1yxvv6q,y8d032mx,yo1yv1q5,4xk906k0,None,50
o1yxvv6q,y8d032mx,yo1yv1q5,xk9l5yk0,None,9
o1yxvv6q,y8d032mx,29d30dlp,jzd3y2nq,None,1
o1yxvv6q,y8d032mx,29d30dlp,zd30m4yd,rdqzormd,4
o1yxvv6q,y8d032mx,o1yxvv6q,7kjzq1nd,None,1
o1yxvv6q,y8d032mx,o1yxvv6q,7kjzq1nd,None,3
o1yxvv6q,y8d032mx,29d30dlp,zd30m4yd,kwjyq01w,3
o1yxvv6q,y8d032mx,29d30dlp,zd30m4yd,z98jk31w,3
o1yxvv6q,y8d032mx,29d30dlp,zd30m4yd,r9gzgl2d,2
o1yxvv6q,y8d032mx,29d30dlp,zd30m4yd,gdrj3nkw,3
o1yxvv6q,y8d032mx,29d30dlp,zd30m4yd,ywe4ey4d,3
o1yxvv6q,y8d032mx,29d30dlp,zd30m4yd,69zrg74d,3
o1yxvv6q,y8d032mx,29d30dlp,zd30m4yd,ewp7oylw,25
o1yxvv6q,y8d032mx,29d30dlp,zd30m4yd,owokp83d,4
o1yxvv6q,y8d032mx,nd2q95d0,w20zoezd,None,17
o1yxvv6q,8ge6wgpj,46wjv7dr,rkl0vmwk,None,7
o1yxvv6q,8ge6wgpj,o1yxvv6q,xk9jn84d,None,17
o1yxvv6q,wdx3q7jl,8nd2qd05,xwdmw52q,jgdrpewz,13
o1yxvv6q,wdx3q7jl,o1yxvv6q,7kjzq1nd,None,2
o1yxvv6q,wdx3q7jl,29d30dlp,nxd1rk8q,None,368
o1yxvv6q,wdx3q7jl,29d30dlp,zd30m4yd,5920rlgd,19
o1yxvv6q,81qd905j,pd02gw1e,jdrwpqxk,None,2
o1yxvv6q,81qd905j,pd02gw1e,jdrwpqxk,None,1
o1yxvv6q,81qd905j,pd02gw1e,jdrwpqxk,None,1
o1yxvv6q,81qd905j,pd02gw1e,jdrwpqxk,None,1
o1yxvv6q,81qd905j,pd02gw1e,jdrwpqxk,None,1
o1yxvv6q,81qd905j,pd02gw1e,9kvm5qek,None,1
o1yxvv6q,81qd905j,pd02gw1e,jdrwpqxk,None,1
o1yxvv6q,81qd905j,pd02gw1e,jdrwpqxk,None,2
o1yxvv6q,81qd905j,m1zj2rx6,5dwqp0ld,None,1
o1yxvv6q,81qd905j,pd02gw1e,wdmooxkq,None,2
o1yxvv6q,81qd905j,m1zj2rx6,wk67owxd,None,2
o1yxvv6q,81qd905j,o1yxvv6q,xk98gj42,None,3
o1yxvv6q,81qd905j,pd02gw1e,xd1e95z2,None,1
o1yxvv6q,81qd905j,pd02gw1e,zd36nqed,None,1
o1yxvv6q,81qd905j,pd02gw1e,ndxmzno2,None,1
o1yxvv6q,81qd905j,pd02gw1e,w20mmvkn,None,1
o1yxvv6q,81qd905j,y654ze0d,wk6ng9p2,None,1
o1yxvv6q,81qd905j,m1zj2rx6,5dw581ld,None,3
o1yxvv6q,81qd905j,y654ze0d,wk6ng9p2,None,1
o1yxvv6q,y8d3dmmx,o1yxvv6q,xk9jn84d,None,4
o1yxvv6q,y8d3dmmx,m1mgl312,xk9lnj6k,rdq00v1w,9
o1yxvv6q,y8d3dmmx,m1mgl312,xk9lnj6k,rdn55gvd,16
o1yxvv6q,dx31o3q8,9dov7e6p,zdn4mxqk,None,4
o1yxvv6q,dx31o3q8,9dov7e6p,9kvj030k,None,6
o1yxvv6q,dx31o3q8,9dov7e6p,9kvj030k,None,6
o1yxvv6q,dx31o3q8,9dov7e6p,zdn4mxqk,None,5
o1yxvv6q,dx31o3q8,lden7ed3,zd30nznd,None,7
o1yxvv6q,dx31o3q8,lde33zx6,wkpom8j2,o9xnq1pw,5
o1yxvv6q,dx31o3q8,lde33zx6,ndxm76o2,None,2
o1yxvv6q,dx31o3q8,nd22xvd0,w20pq58k,None,1425
o1yxvv6q,dx31o3q8,4pd0n31e,wk6pexd1,None,777
o1yxvv6q,dx31o3q8,o1yxvv6q,jdr17vg2,None,11
o1yxvv6q,dx31o3q8,o1yxvv6q,7kjzq1nd,None,25
o1yxvv6q,dx31o3q8,v1p4rp18,wk610pod,None,17
o1yxvv6q,dx31o3q8,w6jmm26j,82481pmk,None,94
o1yxvv6q,dx31o3q8,ldemjl13,ndx8xljk,None,179
o1yxvv6q,dx31o3q8,ldemjl13,ndx8xljk,None,273
o1yxvv6q,dx31o3q8,w6j5y41j,vdo4wr12,None,6
o1yxvv6q,dx31o3q8,w6j5y41j,vdo4wr12,None,6
o1yxvv6q,dx31o3q8,w6jmm26j,q25qoe82,None,68
o1yxvv6q,j03nyr3j,29d30dlp,nxd1rk8q,None,14
o1yxvv6q,j03nyr3j,29d30dlp,9zdne7dq,None,8
o1yxvv6q,j03nyr3j,yo1yv1q5,xk9l5yk0,None,42
o1yxvv6q,j03nyr3j,o1yxvv6q,xk9jn84d,None,42
o1yxvv6q,v8l37k78,om1mx362,7kjvmgk3,None,260
o1yxvv6q,v8l37k78,o1yxvv6q,9d8jx46k,None,16
o1yxvv6q,v8l37k78,268eekk6,w20wgrjd,None,5
o1yxvv6q,v8l37k78,o1yxvv6q,9d8jx46k,None,15
o1yxvv6q,8r7gko3j,yo1yv1q5,xk9l5yk0,None,15
o1yxvv6q,8r7gko3j,o1yxvv6q,xk9jn84d,None,91
o1yxvv6q,8ge6ld2j,y65r071e,q25901vk,ewppe2kw,1
o1yxvv6q,8ge6ld2j,y65r071e,9kvjq53k,ewppe2kw,5
o1yxvv6q,8ge6ld2j,y65r071e,q25901vk,kwjy3gnw,1
o1yxvv6q,8ge6ld2j,y65r071e,q25901vk,xd106me9,2
o1yxvv6q,8ge6ld2j,y65r071e,9kvjq53k,n9308xn9,2
o1yxvv6q,8ge6ld2j,y65r071e,9kvjq53k,kwjy3gnw,6
o1yxvv6q,8ge6ld2j,y65r071e,9kvjq53k,5wk28m2w,5
o1yxvv6q,8ge6ld2j,y65r071e,rkle9482,ewppe2kw,2
o1yxvv6q,8ge6ld2j,y65r071e,rkle9482,xd46n529,1
o1yxvv6q,8ge6ld2j,y65r071e,n2yeov1k,xd46n529,2
o1yxvv6q,8ge6ld2j,y65r071e,9kvjq53k,y9meym5d,4
o1yxvv6q,8ge6ld2j,y65r071e,9kvjq53k,xd46n529,3
o1yxvv6q,8ge6ld2j,y65r071e,n2yeov1k,592j36ow,1
o1yxvv6q,8ge6ld2j,y65r071e,9kvjq53k,592j36ow,2
o1yxvv6q,8ge6ld2j,y65r071e,rkle9482,592j36ow,1
o1yxvv6q,8ge6ld2j,y65r071e,9kvjq53k,xd00lexd,5
o1yxvv6q,8ge6ld2j,y65r071e,rkle9482,y9meym5d,4
o1yxvv6q,8ge6ld2j,y65r071e,n2yeov1k,owokljod,2
o1yxvv6q,8ge6ld2j,y65r071e,9kvjq53k,owokljod,3
o1yxvv6q,8ge6ld2j,y65r071e,rkle9482,owokljod,2
o1yxvv6q,8ge6ld2j,nj1nrxdp,wk6p6pd1,None,29
o1yxvv6q,8ge6ld2j,nj1nrxdp,jdrq6lk6,None,25
o1yxvv6q,8ge6ld2j,y65r071e,rkle9482,xd106me9,1
o1yxvv6q,8ge6ld2j,y65r071e,9kvjq53k,xd106me9,4
o1yxvv6q,8ge6ld2j,y65r071e,zd3x9rdn,None,7
o1yxvv6q,8ge6ld2j,268xro1p,xk9plm6d,None,2
o1yxvv6q,8ge6ld2j,m9dowk1p,p7kjr423,None,14
o1yxvv6q,8ge6ld2j,o1yxvv6q,xk9jn84d,None,197
o1yxvv6q,8ge6ld2j,o1yxvv6q,n2yj37z2,None,6
o1yxvv6q,8ge6ld2j,n4d7r172,7wk6prd1,None,155
o1yxvv6q,8ge6ld2j,o1yxvv6q,wk61oord,None,3
o1yxvv6q,8ge6ld2j,9d323y1l,ndxje1j2,None,1
o1yxvv6q,8ge6ld2j,29d30dlp,nxd1rk8q,None,376
o1yxvv6q,8ge6ld2j,k6qwogx6,82491jed,None,1
o1yxvv6q,8ge6ld2j,k6qwogx6,xk998evk,None,1
o1yxvv6q,8ge6ld2j,o6glkk8d,jdz847rd,None,7
o1yxvv6q,8ge6ld2j,pd0qrr31,wk64m6qd,None,1
o1yxvv6q,8ge6ld2j,ok6qq06g,5dwjv0kg,None,7
o1yxvv6q,8ge6ld2j,ok6qq06g,wkpjr8kr,None,72
o1yxvv6q,8ge6ld2j,46wxnl1r,zdnqn47d,None,1
o1yxvv6q,8ge6ld2j,yo1yv1q5,5dwp84ek,None,13
o1yxvv6q,8ge6ld2j,ok6q4mdg,7kj15n4k,None,9
o1yxvv6q,8ge6ld2j,n4d7r172,q254wgdo,None,40
o1yxvv6q,8ge6ld2j,29d30dlp,z2771020,None,58
o1yxvv6q,8ge6ld2j,46wxnl1r,zdnr1jn2,None,1
o1yxvv6q,8ge6ld2j,46wxnl1r,zdnr1jn2,None,1
o1yxvv6q,8ge6ld2j,pd0qr001,mke75en2,None,1
o1yxvv6q,8ge6ld2j,pd0qr001,7dg7gzld,None,3
o1yxvv6q,8ge6ld2j,pdv2keo6,n2ymqxm2,None,2
o1yxvv6q,8ge6ld2j,268xro1p,wdm39ekq,None,3
o1yxvv6q,8ge6ld2j,268xro1p,z27m7xz2,None,2
o1yxvv6q,8ge6ld2j,yo1yv1q5,xk9l5yk0,None,61
o1yxvv6q,8ge6ld2j,pd0qrr31,5dwx0ve2,None,1
o1yxvv6q,8ge6ld2j,ldejrw51,xd1w49r2,None,11
o1yxvv6q,8ge6ld2j,m1mnepkd,n2yvqne2,None,8
o1yxvv6q,8ge6ld2j,3698e23d,q2557ej2,None,4
o1yxvv6q,8ge6ld2j,3698e23d,jdrw7onk,None,1
o1yxvv6q,8ge6ld2j,w6j7yg56,vdoy53y2,None,2
o1yxvv6q,8ge6ld2j,w6j7yg56,wdmr585k,None,1
o1yxvv6q,8ge6ld2j,w6j7w746,9kvrv432,None,2
o1yxvv6q,8ge6ld2j,46wxnl1r,zdnr1jn2,None,1
o1yxvv6q,8ge6ld2j,46wryl1r,824ry8ed,None,39
o1yxvv6q,8ge6ld2j,y65r071e,zd3x9rdn,None,16
o1yxvv6q,8ge6ld2j,46wxnl1r,zdnr1jn2,None,1
o1yxvv6q,8ge6ld2j,46wryl1r,xd1v8wd8,None,18
o1yxvv6q,8ge6ld2j,m1zjnjx6,vdo34g6d,None,23
o1yxvv6q,8ge6ld2j,o1yql4dq,w204yokn,None,3
o1yxvv6q,8ge6ld2j,kdkzyqgd,xd1lm5wk,None,1
o1yxvv6q,8ge6ld2j,268xro1p,wdm39ekq,None,6
o1yxvv6q,8ge6ld2j,o1yql4dq,w204yokn,None,2
o1yxvv6q,8ge6ld2j,o1yxvv6q,wk61oord,None,6
o1yxvv6q,8ge6ld2j,qw6j21jm,9zdnw9dq,None,7
o1yxvv6q,8ge6ld2j,k6qko96g,xk906lyk,None,5
o1yxvv6q,8ge6ld2j,k6qko96g,zd3ozgrd,None,3
o1yxvv6q,eo86zpxz,29d30dlp,nxd1rk8q,None,212
o1yxvv6q,eo86zpxz,o1yxvv6q,7kjzq1nd,None,10
o1yxvv6q,eo86zpxz,o1yvmk1q,9kvjqojk,None,4
o1yxvv6q,eo86zpxz,o1yvmk1q,9kvjqojk,None,4
o1yxvv6q,eo86zpxz,o1yvmk1q,9kvjqojk,None,4
o1yxvv6q,8q373woj,om1mx362,wkpgx9gk,ywennlwl,2
o1yxvv6q,8q373woj,om1mx362,vdoplzy2,ywennlwl,3
o1yxvv6q,8q373woj,om1mx362,vdoplzy2,5wk88vw4,3
o1yxvv6q,8q373woj,om1mx362,n2yp8m2o,None,59
o1yxvv6q,8q373woj,om1mx362,vdoplzy2,xd08xg19,3
o1yxvv6q,8q373woj,om1mx362,zd3qprkn,r9grjjw2,47
o1yxvv6q,8q373woj,om1mx362,vdoplzy2,69zxxxd1,3
o1yxvv6q,8q373woj,om1mx362,7kjvmgk3,None,16
o1yxvv6q,8q373woj,o1yxvv6q,9d8jx46k,None,20
o1yxvv6q,8q373woj,om1mx362,7kjvmgk3,None,31
o1yxvv6q,8q373woj,om1mx362,7kjvmgk3,None,29
o1yxvv6q,8q373woj,om1mx362,wkpn1jdr,None,60
o1yxvv6q,8q373woj,om1mx362,w205pr5d,None,9
o1yxvv6q,8q373woj,om1mx362,7kjvmgk3,None,37
o1yxvv6q,8q373woj,om1mx362,7kjvmgk3,None,26
o1yxvv6q,8q373woj,om1mx362,vdoplzy2,o9xj70dl,2
o1yxvv6q,8q373woj,om1mx362,vdoplzy2,r9gp4592,4
o1yxvv6q,8q373woj,om1mx362,vdoplzy2,r9gpkq92,4
o1yxvv6q,8q373woj,om1mx362,7kjvmgk3,None,25
o1yxvv6q,8q373woj,om1mx362,vdoplzy2,nwl8o0dv,3
o1yxvv6q,8q373woj,om1mx362,7kjvmgk3,None,144
o1yxvv6q,8q373woj,om1mx362,zd3qprkn,o9xk33wl,3
o1yxvv6q,8q373woj,om1mx362,7kjvmgk3,None,75
o1yxvv6q,7j4md3dj,o1yxvv6q,9d8jx46k,None,12
o1yxvv6q,qj24lv68,o1yxvv6q,xk9jn84d,None,212
o1yxvv6q,xz9k11n8,yo1yv1q5,7kjr19x2,None,8
o1yxvv6q,xz9k11n8,yo1yv1q5,xk9g1w6d,None,27
o1yxvv6q,xz9k11n8,o1yxvv6q,xk9jn84d,None,20
o1yxvv6q,xz9k11n8,yo1yv1q5,vdo0nzod,None,22
o1yxvv6q,o865lg0x,46w9j91r,jdzvel3k,49546z3w,5
o1yxvv6q,o865lg0x,o1yxvv6q,wk61oord,None,11
o1yxvv6q,o865lg0x,n4d7oz17,ndx98j5d,None,3
o1yxvv6q,o865lg0x,om1mx362,zd3qprkn,y9myyz95,3
o1yxvv6q,o865lg0x,om1mx362,zd3qprkn,ywe4geqd,2
o1yxvv6q,jn3zk3qx,j1nem5x1,9kvyz08k,None,15
o1yxvv6q,jn3zk3qx,j1nem5x1,824r4wgd,None,80
o1yxvv6q,jn3zk3qx,pdvre41w,mkenynk6,None,18
o1yxvv6q,jn3zk3qx,j1nem5x1,9d8g9r3k,None,8
o1yxvv6q,jn3zk3qx,o1yxvv6q,xk9jn84d,None,141
o1yxvv6q,jn3zk3qx,m1mm7x12,xk90gyxk,owo80kd6,19
o1yxvv6q,v81479q8,29d30dlp,nxd1rk8q,None,54
o1yxvv6q,v81479q8,29d30dlp,l9kvjkgq,None,32
o1yxvv6q,v81479q8,m1mxy9x6,wdmvpr5d,None,9
o1yxvv6q,v81479q8,29d30dlp,rkle7mw2,None,46
o1yxvv6q,v81479q8,29d30dlp,9d8v6j7k,None,26
o1yxvv6q,v81479q8,o1yxvv6q,7kjzq1nd,None,7
o1yxvv6q,v81479q8,o1yxvv6q,7kjzq1nd,None,34
o1yxvv6q,v81479q8,29d30dlp,zd30m4yd,kwj76jrw,7
o1yxvv6q,v81479q8,29d30dlp,z2771020,None,46
o1yxvv6q,v81479q8,29d30dlp,zd30m4yd,ewp7oylw,13
o1yxvv6q,v81479q8,29d30dlp,zd30m4yd,y9m5g3ld,4
o1yxvv6q,kj9ngqr8,o1yxvv6q,9d8jx46k,None,15
o1yxvv6q,y8dp73m8,ok6q4mdg,gq25ovko,None,3
o1yxvv6q,y8dp73m8,ok6q4mdg,7kj15n4k,None,2
o1yxvv6q,y8dp73m8,qw6j21jm,824r8lwd,None,2
o1yxvv6q,y8dp73m8,ok6q4mdg,ndx1elr2,None,1
o1yxvv6q,y8dp73m8,ok6q4mdg,gq25ovko,None,5
o1yxvv6q,y8dp73m8,ok6q4mdg,wdm83eo2,None,1
o1yxvv6q,y8dp73m8,qw6j21jm,vdo40e62,None,4
o1yxvv6q,y8dp73m8,qw6j21jm,wkpyjwjk,None,7
o1yxvv6q,y8dp73m8,ok6q4mdg,ndx1elr2,None,1
o1yxvv6q,y8dp73m8,ok6q4mdg,wdm83eo2,None,1
o1yxvv6q,y8dp73m8,n4d7r172,7wk6prd1,None,62
o1yxvv6q,y8dp73m8,o1yxvv6q,n2yj37z2,None,11
o1yxvv6q,y8dp73m8,qw6j21jm,9zdnw9dq,None,8
o1yxvv6q,y8dp73m8,29d30dlp,nxd1rk8q,None,163
o1yxvv6q,j2632q7x,29d30dlp,nxd1rk8q,None,130
o1yxvv6q,j2632q7x,o1yxvv6q,7kjzq1nd,None,20
o1yxvv6q,r5j5onxv,v1px0986,z275x8ok,None,1
o1yxvv6q,r5j5onxv,yd4owlw1,rkll0y8k,None,1
o1yxvv6q,r5j5onxv,pdv2nm46,zdnylyxk,None,3
o1yxvv6q,r5j5onxv,3dx24yp1,jdzwxprd,None,2
o1yxvv6q,r5j5onxv,3dx24yp1,jdzwz5rd,5d72x0vw,1
o1yxvv6q,r5j5onxv,3dx24yp1,jdzwz5rd,gdryo7zw,1
o1yxvv6q,r5j5onxv,yd4owlw1,5dw4qw0k,None,1
o1yxvv6q,r5j5onxv,9j1lv4dg,n2y1r82o,None,1
o1yxvv6q,r5j5onxv,3dx24yp1,jdzwz5rd,rdnqxgvd,1
o1yxvv6q,r5j5onxv,m1zlr3d0,9d8ono62,None,2
o1yxvv6q,r5j5onxv,m1zlr3d0,xk903l4k,xd40jy09,2
o1yxvv6q,r5j5onxv,m1zlr3d0,xk903l4k,xd0kg209,2
o1yxvv6q,r5j5onxv,m1zlr3d0,xk903l4k,rw6q4lnd,2
o1yxvv6q,r5j5onxv,m1zlr3d0,xk903l4k,29vm3l19,2
o1yxvv6q,r5j5onxv,m1zlr3d0,xk903l4k,5wkkj85w,2
o1yxvv6q,r5j5onxv,m1zlr3d0,xk903l4k,5920z3gd,2
o1yxvv6q,r5j5onxv,m1zlr3d0,xk903l4k,ewp7jelw,2
o1yxvv6q,r5j5onxv,m1zlr3d0,xk903l4k,y9m5jyld,2
o1yxvv6q,r5j5onxv,m1zlr3d0,xk903l4k,xd1j76qd,2
o1yxvv6q,r5j5onxv,m1zlr3d0,xk903l4k,owo70lv9,2
o1yxvv6q,r5j5onxv,m1zlr3d0,xk903l4k,o9x1nk6d,2
o1yxvv6q,r5j5onxv,m1zlr3d0,xk903l4k,495k6y29,2
o1yxvv6q,r5j5onxv,m1zlr3d0,xk903l4k,rdqzjgmd,2
o1yxvv6q,r5j5onxv,m1zlr3d0,xk903l4k,5d7yvl5d,2
o1yxvv6q,r5j5onxv,m1zlr3d0,xk903l4k,kwj753rw,2
o1yxvv6q,r5j5onxv,m1zlr3d0,xk903l4k,ywe21nqw,2
o1yxvv6q,r5j5onxv,m1zlr3d0,xk903l4k,69zp3x6w,2
o1yxvv6q,r5j5onxv,m1zlr3d0,xk903l4k,r9gy2rq9,2
o1yxvv6q,r5j5onxv,m1zlr3d0,xk903l4k,ldy1yjjd,2
o1yxvv6q,r5j5onxv,m1zlr3d0,xk903l4k,gdrpeg8w,2
o1yxvv6q,r5j5onxv,m1zlr3d0,xk903l4k,nwlglnp9,2
o1yxvv6q,r5j5onxv,m1zlr3d0,xk903l4k,n93q787w,2
o1yxvv6q,r5j5onxv,m1zlr3d0,xk903l4k,z98r6e7d,2
o1yxvv6q,r5j5onxv,m1zlr3d0,xk903l4k,rdno0rnw,2
o1yxvv6q,r5j5onxv,8nd2qd05,xwdmn42q,jgdrpewz,1
o1yxvv6q,r5j5onxv,8nd2qd05,n2yqe8ko,jgdrpewz,2
o1yxvv6q,r5j5onxv,8nd2qd05,xk9g5w6d,None,1
o1yxvv6q,r5j5onxv,3dx24yp1,jdzwz5rd,69z860o9,1
o1yxvv6q,r5j5onxv,o6gpm862,824mr4n2,None,1
o1yxvv6q,r5j5onxv,3dx24yp1,jdzwz5rd,rdqnov1d,1
o1yxvv6q,r5j5onxv,3dx24yp1,jdzwz5rd,ldy3k0z9,1
o1yxvv6q,r5j5onxv,3dx24yp1,jdzwz5rd,495mz0jw,2
o1yxvv6q,r5j5onxv,3dx24yp1,jdzwz5rd,ewp8ovz9,1
o1yxvv6q,r5j5onxv,w6jzpe1j,ndxjovj2,None,2
o1yxvv6q,r5j5onxv,4pdvk6we,vdojwo2p,lewp7ywn,2
o1yxvv6q,r5j5onxv,4pdvk6we,vdojwo2p,q5wkkvw4,2
o1yxvv6q,r5j5onxv,4pdvk6we,mke9znxd,None,2
o1yxvv6q,r5j5onxv,4pdvk6we,vdojwo2p,3y9m5zd5,2
o1yxvv6q,r5j5onxv,9j1lv4dg,n2y1r82o,None,1
o1yxvv6q,r5j5onxv,8nd2qd05,n2yqe8ko,3nwlgo9v,2
o1yxvv6q,r5j5onxv,268ykodp,wkpo05g2,ewprg6ld,4
o1yxvv6q,r5j5onxv,268ykodp,wkpo05g2,29v2ovqd,16
o1yxvv6q,r5j5onxv,268ykodp,wkpo05g2,ywelr879,4
o1yxvv6q,r5j5onxv,268ykodp,z27ony5d,None,9
o1yxvv6q,r5j5onxv,3dxzxp1y,9kvo7wj2,69zqe2x9,4
o1yxvv6q,r5j5onxv,8nd2qd05,xwdmn42q,3nwlgo9v,1
o1yxvv6q,r5j5onxv,8nd2qd05,z27ozpod,None,1
o1yxvv6q,r5j5onxv,8nd2qd05,jdrvnv52,3nwlgo9v,3
o1yxvv6q,r5j5onxv,8nd2qd05,jdrvnv52,jgdrpewz,3
o1yxvv6q,r5j5onxv,n268oo1p,xd176z8d,5d7454vd,2
o1yxvv6q,r5j5onxv,8nd2qd05,jdre19lk,None,1
o1yxvv6q,r5j5onxv,29d30dlp,nxd1rk8q,None,216
o1yxvv6q,r5j5onxv,8m1z0d0p,wkp76vkr,None,2
o1yxvv6q,r5j5onxv,4pdvk6we,4xk9g4d0,jxd1jzdo,3
o1yxvv6q,r5j5onxv,8nd2qd05,n2yqe8ko,8ywe2lwl,2
o1yxvv6q,r5j5onxv,j1n4ge6p,vdo1r92p,None,3
o1yxvv6q,r5j5onxv,v1po7pm6,7dg4jqpd,None,2
o1yxvv6q,r5j5onxv,x36936lz,l9kvmokg,zldypd3y,2
o1yxvv6q,r5j5onxv,x36936lz,l9kvmokg,jgdre9zx,3
o1yxvv6q,r5j5onxv,x36936lz,l9kvmokg,3nwlowvj,2
o1yxvv6q,r5j5onxv,8nd2qd05,xwdmn42q,8ywe2lwl,1
o1yxvv6q,r5j5onxv,3dxzxp1y,xd1w0428,None,5
o1yxvv6q,r5j5onxv,8nd2qd05,9kvp063k,3nwlgo9v,5
o1yxvv6q,r5j5onxv,nj1nkx1p,mkeomjd6,None,4
o1yxvv6q,r5j5onxv,yd4llg1e,7kjpvvnk,None,2
o1yxvv6q,r5j5onxv,8nd2qd05,xwdmw52q,jgdrpewz,2
o1yxvv6q,r5j5onxv,2685wy6p,rklj11rd,None,3
o1yxvv6q,r5j5onxv,kdkz7ldm,02ql6pky,None,240
o1yxvv6q,r5j5onxv,8nd2qd05,xwdmw52q,8ywe2lwl,2
o1yxvv6q,r5j5onxv,pdvne46w,02qg8x9d,None,7
o1yxvv6q,r5j5onxv,76rrmv68,jdrppnx2,None,1
o1yxvv6q,r5j5onxv,76rrmv68,rklgw1wd,None,3
o1yxvv6q,r5j5onxv,8nd2qd05,w5dwjnkg,None,4
o1yxvv6q,r5j5onxv,8nd2qd05,7kjrg1g2,None,3
o1yxvv6q,r5j5onxv,8nd2qd05,xwdmw52q,3nwlgo9v,2
o1yxvv6q,r5j5onxv,9j1lv4dg,ndxmwpo2,None,1
o1yxvv6q,r5j5onxv,o1yxvv6q,7dg59472,None,4
o1yxvv6q,r5j5onxv,9dojko6p,9kvr1o2g,None,6
o1yxvv6q,r5j5onxv,369l3g6l,zd3lezyd,None,110
o1yxvv6q,r5j5onxv,n268oo1p,7dg8pg24,None,3
o1yxvv6q,r5j5onxv,n268oo1p,7dg8pg24,None,8
o1yxvv6q,r5j5onxv,nd289ed0,wdm6nr4k,None,23
o1yxvv6q,r5j5onxv,yd45gk6e,9d8povwk,None,1
o1yxvv6q,r5j5onxv,o1ynxrdq,9d8plxqk,None,7
o1yxvv6q,r5j5onxv,ok6qvxdg,rklgz8dn,None,30
o1yxvv6q,r5j5onxv,m9do9edp,5dwjz5kg,None,11
o1yxvv6q,r5j5onxv,nj1nkx1p,mkeomjd6,None,4
o1yxvv6q,r5j5onxv,n4d7r172,7wk6prd1,None,217
o1yxvv6q,r5j5onxv,29d39edl,7dg8el24,None,9
o1yxvv6q,r5j5onxv,3dxzxp1y,jdzryv2v,None,13
o1yxvv6q,r5j5onxv,pdv0w41w,jdzzlrdv,None,1
o1yxvv6q,r5j5onxv,kdkm521m,z27r1zd0,None,5
o1yxvv6q,r5j5onxv,v1pp0818,rkl0pnkn,None,10
o1yxvv6q,r5j5onxv,3dxzxp1y,824qwgk5,None,7
o1yxvv6q,r5j5onxv,3dxzxp1y,02qe5p2y,None,6
o1yxvv6q,r5j5onxv,3dxzxp1y,jdzryv2v,None,93
o1yxvv6q,qj2rq2lx,o1yxvv6q,wk61oord,None,2
o1yxvv6q,qj2rq2lx,o1yxvv6q,wk61oord,None,4
o1yxvv6q,qj2rq2lx,qw6j21jm,02qm1mzd,None,4
o1yxvv6q,qj2rq2lx,76r9oe68,n2yvxz2o,None,1
o1yxvv6q,qj2rq2lx,76r9oe68,jdz11gkv,r9g80qd2,3
o1yxvv6q,qj2rq2lx,76r9oe68,jdz11gkv,rdqq2mdx,3
o1yxvv6q,qj2rq2lx,76r9oe68,jdz11gkv,kwjrlrdg,3
o1yxvv6q,qj2rq2lx,76r9oe68,jdz11gkv,rdnvkn9m,2
o1yxvv6q,qj2rq2lx,76r9oe68,jdz11gkv,nwlvkp9v,3
o1yxvv6q,qj2rq2lx,76r9oe68,z2788zk0,None,2
o1yxvv6q,qj2rq2lx,76r9oe68,jdzl432v,xd43o189,1
o1yxvv6q,qj2rq2lx,76r9oe68,jdz11gkv,xd43o189,1
o1yxvv6q,qj2rq2lx,76r9oe68,jdzl432v,nwlexpdv,3
o1yxvv6q,qj2rq2lx,76r9oe68,jdzl432v,69z0o6d1,2
o1yxvv6q,qj2rq2lx,76r9oe68,q25rrvko,None,1
o1yxvv6q,qj2rq2lx,76r9oe68,q25rrvko,None,1
o1yxvv6q,qj2rq2lx,76r9oe68,jdz11gkv,ywe7zqdl,1
o1yxvv6q,qj2rq2lx,76r9oe68,jdz11gkv,69zvm6w1,1
o1yxvv6q,qj2rq2lx,76r9oe68,jdz11gkv,r9gokqw2,2
o1yxvv6q,qj2rq2lx,76r9oe68,jdz11gkv,o9xvm6dl,2
o1yxvv6q,qj2rq2lx,76r9oe68,jdz11gkv,z98jpprw,2
o1yxvv6q,qj2rq2lx,76r9oe68,jdz11gkv,ldyeqqpw,1
o1yxvv6q,qj2rq2lx,o6gxyod2,rklgelrd,592jvzgw,8
o1yxvv6q,qj2rq2lx,o6gxyod2,rklgelrd,xd00vq0d,7
o1yxvv6q,qj2rq2lx,4d7p3gd7,7dgj6ld4,None,1
o1yxvv6q,qj2rq2lx,4d7p3gd7,n2yy912o,z9836pdl,2
o1yxvv6q,qj2rq2lx,4d7p3gd7,7dgj6ld4,None,3
o1yxvv6q,qj2rq2lx,4d7p3gd7,9kv8godg,z9836pdl,3
o1yxvv6q,qj2rq2lx,4d7p3gd7,9kv8godg,ldyxyr93,3
o1yxvv6q,qj2rq2lx,4d7p3gd7,9kv8godg,ywey17dl,3
o1yxvv6q,qj2rq2lx,4d7p3gd7,9kv8godg,nwl5ledv,2
o1yxvv6q,qj2rq2lx,4d7p3gd7,9kv8godg,rdn7079m,2
o1yxvv6q,qj2rq2lx,4d7p3gd7,9kv8godg,gdrnel9z,2
o1yxvv6q,qj2rq2lx,o6gn7o12,wkp3yj2r,None,77
o1yxvv6q,qj2rq2lx,76r9oe68,jdzl432v,rdn5335d,3
o1yxvv6q,qj2rq2lx,76r9oe68,jdz11gkv,rdn5335d,2
o1yxvv6q,qj2rq2lx,76r9oe68,jdzl432v,z98jpprw,3
o1yxvv6q,qj2rq2lx,76r9oe68,jdzl432v,ywe7zqdl,3
o1yxvv6q,qj2rq2lx,76r9oe68,jdzl432v,r9gokqw2,3
o1yxvv6q,qj2rq2lx,76r9oe68,jdzl432v,69zvm6w1,2
o1yxvv6q,qj2rq2lx,29d30dlp,nxd1rk8q,None,82
o1yxvv6q,qj2rq2lx,n4d7r172,7wk6prd1,None,15
o1yxvv6q,qj2rq2lx,o1yxvv6q,n2yj37z2,None,4
o1yxvv6q,qj2rq2lx,o1yxvv6q,n2yj37z2,None,5
o1yxvv6q,qj2rq2lx,o1yxvv6q,n2yj37z2,None,5
o1yxvv6q,qj2rq2lx,n4d7r172,p7kjv4k3,None,26
o1yxvv6q,qj2rq2lx,n4d7r172,z27g8520,None,17
o1yxvv6q,qj2rq2lx,4d7p3gd7,xd1jx7d8,None,5
o1yxvv6q,qj2rq2lx,4d7p3gd7,9kv8godg,kwjg57wg,4
o1yxvv6q,qj2rq2lx,4d7p3gd7,9kv8godg,495ykjwp,3
o1yxvv6q,qj2rq2lx,4d7p3gd7,9kv8godg,r9grykw2,4
o1yxvv6q,qj2rq2lx,o1yxvv6q,xk9jn84d,None,170
o1yxvv6q,qj2rq2lx,369yng1l,9kv9gv32,None,2
o1yxvv6q,qj2rq2lx,369yng1l,9kv9gv32,None,1
o1yxvv6q,qj2rq2lx,369yng1l,9kv9gv32,None,1
o1yxvv6q,qj2rq2lx,369yng1l,9kv9gv32,None,1
o1yxvv6q,qj2rq2lx,n4d7r172,wkpjll0k,xd10qgq9,1
o1yxvv6q,qj2rq2lx,n4d7r172,wkpjll0k,69zrg1xd,1
o1yxvv6q,qj2rq2lx,n4d7r172,wkpjll0k,kwjyqnrw,1
o1yxvv6q,qj2rq2lx,n4d7r172,wkpjll0k,xd0055md,1
o1yxvv6q,qj2rq2lx,o1yxvv6q,n2yj37z2,None,4
o1yxvv6q,qj2rq2lx,n4d7r172,xn2yqmko,None,12
o1yxvv6q,qj2rq2lx,n4d7r172,w20zmodn,None,4
o1yxvv6q,qj2rq2lx,n4d7r172,q254wgdo,None,15
o1yxvv6q,qj2rq2lx,nd2exped,5dw4q3lk,ldy5m87w,2
o1yxvv6q,qj2rq2lx,nd2exped,5dw4q3lk,gdr85yk9,2
o1yxvv6q,qj2rq2lx,nd2exped,5dw4q3lk,nwlyr2g9,2
o1yxvv6q,qj2rq2lx,nd2exped,5dw4q3lk,ywej6q4d,2
o1yxvv6q,qj2rq2lx,nd2exped,5dw4q3lk,69zqk849,2
o1yxvv6q,qj2rq2lx,nd2exped,5dw4q3lk,r9gjv729,2
o1yxvv6q,qj2rq2lx,nd2exped,n2yorx8d,None,2
o1yxvv6q,qj2rq2lx,nd2exped,5dw4q3lk,rdnlel6w,2
o1yxvv6q,qj2rq2lx,nd2exped,5dw4q3lk,ldy5m57w,2
o1yxvv6q,qj2rq2lx,nd2exped,5dw4q3lk,gdr851k9,2
o1yxvv6q,qj2rq2lx,nd2exped,5dw4q3lk,nwlyrpg9,2
o1yxvv6q,qj2rq2lx,nd2exped,5dw4q3lk,ywej6m4d,2
o1yxvv6q,qj2rq2lx,nd2exped,5dw4q3lk,69zqkn49,2
o1yxvv6q,qj2rq2lx,nd2exped,5dw4q3lk,o9xzp37w,2
o1yxvv6q,qj2rq2lx,nd2exped,5dw4q3lk,r9gjv129,2
o1yxvv6q,qj2rq2lx,nd2exped,5dw4q3lk,495r7l4d,2
o1yxvv6q,qj2rq2lx,nd2exped,mke9w86d,None,2
o1yxvv6q,qj2rq2lx,nd2exped,7kj3l4x2,None,2
o1yxvv6q,qj2rq2lx,nd2exped,7dgn1vp2,495r7m4d,2
o1yxvv6q,qj2rq2lx,nd2exped,7dgn1vp2,rdq3xngw,3
o1yxvv6q,qj2rq2lx,nd2exped,7dgn1vp2,5d7eo2ew,2
o1yxvv6q,qj2rq2lx,nd2exped,7dgn1vp2,kwj8nv19,2
o1yxvv6q,qj2rq2lx,nd2exped,7dgn1vp2,nwlyrpg9,3
o1yxvv6q,qj2rq2lx,nd2exped,mke9w86d,None,2
o1yxvv6q,qj2rq2lx,nd2exped,7dgn1vp2,495r7l4d,2
o1yxvv6q,qj2rq2lx,nd2exped,7dgn1vp2,o9xzp37w,3
o1yxvv6q,qj2rq2lx,nd2exped,7dgn1vp2,rdnlel6w,2
o1yxvv6q,qj2rq2lx,nd2exped,7dgn1vp2,69zqkn49,4
o1yxvv6q,qj2rq2lx,nd2exped,7dgn1vp2,ldy5m57w,3
o1yxvv6q,qj2rq2lx,nd2exped,7dgn1vp2,gdr851k9,3
o1yxvv6q,qj2rq2lx,nd2exped,7dgn1vp2,ywej6m4d,4
o1yxvv6q,qj2rq2lx,nd2exped,7dgn1vp2,r9gjv129,3
o1yxvv6q,qj2rq2lx,o6gk0512,vdo0xr9d,4955p09p,9
o1yxvv6q,qj2rq2lx,76r9oe68,q25rrvko,None,3
o1yxvv6q,qj2rq2lx,o1yxvv6q,7dg59472,None,9
o1yxvv6q,qj2rq2lx,76r9oe68,7kjmm4k3,None,3
o1yxvv6q,qj2rq2lx,76r9oe68,jdzl432v,xd11eqdo,2
o1yxvv6q,qj2rq2lx,76r9oe68,jdzl432v,y9mzqld5,2
o1yxvv6q,qj2rq2lx,76r9oe68,n2yvxz2o,None,5
o1yxvv6q,qj2rq2lx,76r9oe68,jdzl432v,kwjrlrdg,4
o1yxvv6q,qj2rq2lx,76r9oe68,jdzl432v,495no29p,4
o1yxvv6q,qj2rq2lx,76r9oe68,jdzl432v,o9x0569l,5
o1yxvv6q,qj2rq2lx,76r9oe68,jdzl432v,ywepkqdl,4
o1yxvv6q,qj2rq2lx,76r9oe68,jdzl432v,r9g80qd2,3
o1yxvv6q,qj2rq2lx,76r9oe68,5dw1vekg,None,2
o1yxvv6q,qj2rq2lx,76r9oe68,jdzl432v,xd4mv0dm,5
o1yxvv6q,qj2rq2lx,76r9oe68,jdzl432v,rdnvkn9m,4
o1yxvv6q,qj2rq2lx,76r9oe68,jdzl432v,ldyv4jd3,4
o1yxvv6q,qj2rq2lx,76r9oe68,jdzl432v,ewp5ml9n,2
o1yxvv6q,qj2rq2lx,76r9oe68,jdzl432v,29vv119v,6
o1yxvv6q,qj2rq2lx,76r9oe68,jdzl432v,592pggw6,1
o1yxvv6q,qj2rq2lx,76r9oe68,jdzl432v,owox1vw6,4
o1yxvv6q,qj2rq2lx,76r9oe68,jdzl432v,5wklz594,2
o1yxvv6q,qj2rq2lx,76r9oe68,jdzl432v,rdqq2mdx,2
o1yxvv6q,qj2rq2lx,76r9oe68,jdzl432v,ldyeqqpw,2
o1yxvv6q,qj2rq2lx,76r9oe68,jdzl432v,o9xvm6dl,3
o1yxvv6q,qj2rq2lx,76r9oe68,z2788zk0,None,3
o1yxvv6q,qj2rq2lx,v1povr76,wkpmlojk,xd161zq9,1
o1yxvv6q,qj2rq2lx,v1povr76,wkpmlojk,ewpe52l9,1
o1yxvv6q,qj2rq2lx,v1povr76,wkpmlojk,y9myzml9,1
o1yxvv6q,qj2rq2lx,v1povr76,wkpmlojk,5wk8lm5w,1
o1yxvv6q,qj2rq2lx,v1povr76,wkpmlojk,29vjpx19,1
o1yxvv6q,qj2rq2lx,v1povr76,wkpmlojk,xd4n8z0w,1
o1yxvv6q,qj2rq2lx,v1povr76,wkpmlojk,xd0loy0d,1
o1yxvv6q,qj2rq2lx,v1povr76,wkpmlojk,rw6ryxnw,1
o1yxvv6q,qj2rq2lx,v1povr76,wkpmlojk,5923p6gd,1
o1yxvv6q,qj2rq2lx,v1povr76,9kv7gjek,None,1
o1yxvv6q,qj2rq2lx,4d7p3gd7,n2yy912o,gdrnel9z,1
o1yxvv6q,qj2rq2lx,76r9oe68,jdzl432v,z98027dl,4
o1yxvv6q,qj2rq2lx,76r9oe68,jdzl432v,xd0jv0wq,7
o1yxvv6q,qj2rq2lx,76r9oe68,jdzl432v,rw60knw7,4
o1yxvv6q,qj2rq2lx,76r9oe68,jdzl432v,n93p27d0,4
o1yxvv6q,qj2rq2lx,76r9oe68,jdzl432v,nwlvkp9v,4
o1yxvv6q,qj2rq2lx,76r9oe68,jdzl432v,gdrvk8wz,3
o1yxvv6q,qj2rq2lx,76r9oe68,wk6zzr21,None,2
o1yxvv6q,qj2rq2lx,76r9oe68,jdzl432v,xd0751jw,4
o1yxvv6q,qj2rq2lx,76r9oe68,jdzl432v,5d7rk59y,3
o1yxvv6q,qj2rq2lx,4d7p3gd7,n2yjmzz2,None,2
o1yxvv6q,qj2rq2lx,4d7p3gd7,9kv8godg,xd1m75do,2
o1yxvv6q,qj2rq2lx,76r9oe68,wk6zzr21,None,1
o1yxvv6q,qj2rq2lx,76r9oe68,jdz11gkv,xd0751jw,4
o1yxvv6q,qj2rq2lx,4d7p3gd7,9kv8godg,r9gl2pw2,2
o1yxvv6q,qj2rq2lx,4d7p3gd7,9kv8godg,o9xgnpdl,3
o1yxvv6q,qj2rq2lx,4d7p3gd7,9kv8godg,5d7146dy,2
o1yxvv6q,qj2rq2lx,4d7p3gd7,9kv8godg,69z53g91,2
o1yxvv6q,qj2rq2lx,4d7p3gd7,9kv8godg,owoj6k96,2
o1yxvv6q,qj2rq2lx,4d7p3gd7,9kv8godg,kwjgz7wg,2
o1yxvv6q,qj2rq2lx,4d7p3gd7,9kv8godg,4952639p,2
o1yxvv6q,qj2rq2lx,4d7p3gd7,9kv8godg,xd1m25do,2
o1yxvv6q,v815v0lj,o1yxvv6q,xk9jn84d,None,5
o1yxvv6q,v815v0lj,y6547ged,xk9ee062,None,32
o1yxvv6q,v815v0lj,yo1yq2dq,nxd1l7k8,None,64
o1yxvv6q,v815v0lj,o6grxxd2,vdo4xyy2,owoklrkd,2
o1yxvv6q,v815v0lj,o6grxxd2,vdo4xyy2,xd106n59,2
o1yxvv6q,v815v0lj,k6qqom6g,vdoqjz9k,None,6
o1yxvv6q,8wk5w0z8,yo1yv1q5,wdm8v332,z98jv27w,9
o1yxvv6q,8wk5w0z8,yo1yv1q5,wdm8v332,nwl6x6pw,12
o1yxvv6q,8wk5w0z8,yo1yv1q5,wdm8v332,ewpp11yw,4
o1yxvv6q,8wk5w0z8,yo1yv1q5,wdm8v332,495jov2w,5
o1yxvv6q,8wk5w0z8,yo1yv1q5,wdm8v332,5d77ky5d,3
o1yxvv6q,8wk5w0z8,o1yxvv6q,xk9jn84d,None,28
o1yxvv6q,8wk5w0z8,yo1yv1q5,wdm8v332,ywe4k2qd,9
o1yxvv6q,8wk5w0z8,yo1yv1q5,wdm8v332,gdrjm4ew,7
o1yxvv6q,8r736nqj,o1yxvv6q,n2yj37z2,None,28
o1yxvv6q,8r736nqj,n4d7r172,7wk6prd1,None,175
o1yxvv6q,y8d7dl98,m1mxzj62,q25mo5jd,None,3
o1yxvv6q,y8d7dl98,yd4opx1e,xd150182,None,7
o1yxvv6q,y8d7dl98,pd0rl2de,wkpvemvk,None,1
o1yxvv6q,y8d7dl98,8nd2qd05,q25g1gvd,None,1
o1yxvv6q,y8d7dl98,8nd2qd05,jdrvnv52,8ywe2lwl,1
o1yxvv6q,y8d7dl98,m1mxzj62,zdn8wond,None,2
o1yxvv6q,y8d7dl98,8nd2qd05,xk9g5w6d,None,3
o1yxvv6q,y8d7dl98,8nd2qd05,n2yqe8ko,8ywe2lwl,5
o1yxvv6q,y8d7dl98,8nd2qd05,9kvp063k,8ywe2lwl,5
o1yxvv6q,y8d7dl98,8nd2qd05,xwdmw52q,8ywe2lwl,6
o1yxvv6q,y8d7dl98,8nd2qd05,jdre19lk,None,3
o1yxvv6q,y8d7dl98,8nd2qd05,9kvp063k,jgdrpewz,4
o1yxvv6q,y8d7dl98,8nd2qd05,n2yqe8ko,jgdrpewz,5
o1yxvv6q,y8d7dl98,yd4opx1e,xd150182,None,27
o1yxvv6q,y8d7dl98,8nd2qd05,n2yqe8ko,3nwlgo9v,4
o1yxvv6q,y8d7dl98,8nd2qd05,9kvp063k,3nwlgo9v,4
o1yxvv6q,y8d7dl98,8nd2qd05,xwdmw52q,3nwlgo9v,4
o1yxvv6q,y8d7dl98,o1yxvv6q,7dg59472,None,3
o1yxvv6q,y8d7dl98,8nd2qd05,jdrvnv52,jgdrpewz,2
o1yxvv6q,y8d7dl98,8nd2qd05,xwdmw52q,jgdrpewz,5
o1yxvv6q,y8d7dl98,o1yxvv6q,7dg59472,None,3
o1yxvv6q,y8d7dl98,n268nk6p,7dg8xp24,None,176
o1yxvv6q,y8d7dl98,n268nk6p,xd1rzwk8,69zp26w1,10
o1yxvv6q,qxkgq26j,yo1yv1q5,4xk906k0,None,6
o1yxvv6q,qxkgq26j,y65lq71e,mke18926,None,33
o1yxvv6q,qxkgq26j,o1yxvv6q,xk9jn84d,None,1
o1yxvv6q,qxkgq26j,46w3jl1r,z27lplgd,None,6
o1yxvv6q,qxkgq26j,yo1yv1q5,wz27gz20,None,5
o1yxvv6q,qxkgq26j,yo1yv1q5,vdo0nzod,None,2
o1yxvv6q,qxkgq26j,yo1yv1q5,xk9g1w6d,None,7
o1yxvv6q,qxkgq26j,3dx2mg41,wk6npnp2,None,2
o1yxvv6q,qxkgq26j,xkdkmx1m,n2y573mk,None,6
o1yxvv6q,qxkgq26j,268wkro6,jdrwpjgk,None,1
o1yxvv6q,qxkgq26j,268wkro6,jdzr5132,None,1
o1yxvv6q,qxkgq26j,268n5y6p,ndxjz9r2,None,12
o1yxvv6q,qxkgq26j,y65lq71e,wkpwevdr,None,1
o1yxvv6q,qxkgq26j,y65lq71e,wkpwevdr,None,1
o1yxvv6q,qxkgq26j,y65lq71e,wkpwevdr,None,1
o1yxvv6q,qxkgq26j,pd0wq31e,ndx31odq,None,11
o1yxvv6q,qxkgq26j,y65lq71e,mke18926,None,3
o1yxvv6q,qxkgq26j,y65lq71e,wkpwevdr,None,2
o1yxvv6q,qxkgq26j,y65lq71e,7dgv34d4,None,1
o1yxvv6q,qxkgq26j,y65lq71e,7dgv34d4,None,1
o1yxvv6q,qxkgq26j,29d30dlp,nxd1rk8q,None,55
o1yxvv6q,qxkgq26j,xkdkmx1m,5dw578nd,None,20
o1yxvv6q,qxkgq26j,nj1n4e6p,824xornd,None,14
o1yxvv6q,qxkgq26j,xkdkmx1m,xd1rx7wk,None,19
o1yxvv6q,qxkgq26j,o1yyok1q,xk9nq6x2,None,4
o1yxvv6q,qxkgq26j,o6gnxo12,zd37zv2n,None,59
o1yxvv6q,qxkgq26j,y65lq71e,7dgv34d4,None,1
o1yxvv6q,qxkgq26j,4pd03de5,zdnw31xd,None,18
o1yxvv6q,qxkgq26j,pd0wq31e,q257ngdo,None,25
o1yxvv6q,qxkgq26j,268n5y6p,9kvpepok,None,3
o1yxvv6q,qxkgq26j,nj1n4e6p,5dw696l2,None,7
o1yxvv6q,qxkgq26j,pd0wq31e,mkeyen26,None,20
o1yxvv6q,qxkgq26j,y65lq71e,7dgv34d4,None,2
o1yxvv6q,qxkgq26j,9j1lze6g,zjdzxr2v,None,36
o1yxvv6q,qxkgq26j,pd0wq31e,02qjj79d,None,22
o1yxvv6q,qxkgq26j,o1yyok1q,7kjqxygd,None,4
o1yxvv6q,qxkgq26j,nj1n4e6p,02qgxl9d,None,30
o1yxvv6q,qxkgq26j,4pd03de5,q25op7gk,None,17
o1yxvv6q,qxkgq26j,xkdkmx1m,wk67vord,None,7
o1yxvv6q,qxkgq26j,pd0wq31e,5dw75lgk,None,17
o1yxvv6q,qxkgq26j,268n5y6p,vdo0l0vd,None,6
o1yxvv6q,qxkgq26j,pd0wq31e,n2y1y72o,None,38
o1yxvv6q,qxkgq26j,4pd03de5,jdrq07lk,None,23
o1yxvv6q,qxkgq26j,pd0wq31e,7kjrn323,None,34
o1yxvv6q,qxkgq26j,268n5y6p,z276104d,None,6
o1yxvv6q,qxkgq26j,268n5y6p,w2011lzk,None,12
o1yxvv6q,qxkgq26j,j1n8xy1p,mke5jpnk,None,40
o1yxvv6q,qxkgq26j,268n5y6p,02qj4zpd,None,6
o1yxvv6q,qxkgq26j,pd0wq31e,n2y750e2,None,20
o1yxvv6q,qxkgq26j,y65lq71e,mke18926,None,11
o1yxvv6q,qxkgq26j,y65lq71e,5dw3vg2g,z984ygwl,1
o1yxvv6q,dkjpdyjq,xlde3j63,4xk9l6k0,None,15
o1yxvv6q,dkjpdyjq,m1zkkk01,zdnn7ned,y9m0y5lw,1
o1yxvv6q,dkjpdyjq,m1zkkk01,zdnn7ned,592m30gw,1
o1yxvv6q,dkjpdyjq,m1zkkk01,02q97epk,592m30gw,1
o1yxvv6q,dkjpdyjq,m1zkkk01,02q97epk,y9m0y5lw,1
o1yxvv6q,dkjpdyjq,m1zkkk01,q25x9xyk,592m30gw,1
o1yxvv6q,dkjpdyjq,pdvznjv6,02qln1jk,ewpzj3z9,1
o1yxvv6q,dkjpdyjq,pdvznjv6,02qln1jk,ewpzj3z9,1
o1yxvv6q,dkjpdyjq,pdvznjv6,02qln1jk,xd1xo8y9,11
o1yxvv6q,dkjpdyjq,pdvznjv6,02qln1jk,5wkpv1xd,2
o1yxvv6q,dkjpdyjq,pdvznjv6,02qln1jk,y9mrj61w,1
o1yxvv6q,dkjpdyjq,pdvznjv6,02qln1jk,5d780zew,7
o1yxvv6q,dkjpdyjq,pdvznjv6,02qln1jk,495y0l4w,3
o1yxvv6q,dkjpdyjq,pdvznjv6,02qln1jk,495y0l4w,3
o1yxvv6q,dkjpdyjq,o1y9m8v6,rklrzqwk,y9m28z0d,7
o1yxvv6q,dkjpdyjq,o1yxvv6q,xk9jn84d,None,69
o1yxvv6q,dkjpdyjq,268vm9dp,mkezqw6k,xd1j08ed,6
o1yxvv6q,dkjpdyjq,268vm9dp,mkezqw6k,ewp7p8kw,5
o1yxvv6q,dkjpdyjq,268vm9dp,mkezqw6k,owo7kqo9,5
o1yxvv6q,dkjpdyjq,pd0ly3de,q25o3p8k,None,4
o1yxvv6q,dkjpdyjq,kdky4q1m,wkpj1lwk,None,2
o1yxvv6q,8vko042j,m1zko001,7dg71r7d,None,1
o1yxvv6q,8vko042j,m1m0l362,wkpj8pgk,None,1
o1yxvv6q,8vko042j,om1mx362,rklzx7n2,None,6
o1yxvv6q,8vko042j,y654q37d,wkpv86gk,None,1
o1yxvv6q,8vko042j,pdvnpk6w,wdmq84x2,None,8
o1yxvv6q,8vko042j,o1ymrr1q,jdro04xd,None,1
o1yxvv6q,8vko042j,lde3krx6,jdzvx0gk,None,1
o1yxvv6q,8vko042j,om1mx362,7kjvmgk3,None,40
o1yxvv6q,8vko042j,om1mx362,xd1mrrrd,69zxnxd1,1
o1yxvv6q,8vko042j,om1mx362,zd3qprkn,69zxnxd1,1
o1yxvv6q,8vko042j,w6jlyw7d,vdom33y2,None,1
o1yxvv6q,8vko042j,268lm71p,9kvjvzjk,None,1
o1yxvv6q,8vko042j,76r3ox46,9d8lwvq2,None,2
o1yxvv6q,8vko042j,76r3ox46,w20n4gvd,None,2
o1yxvv6q,8vko042j,76r3ox46,w20n4gvd,None,2
o1yxvv6q,8vko042j,76r3ox46,w20n4gvd,None,2
o1yxvv6q,8vko042j,m1mqjkd2,q25e49w2,None,2
o1yxvv6q,8vko042j,om1mx362,ndx0jord,None,3
o1yxvv6q,8vko042j,y654q37d,wdm8ng52,None,1
o1yxvv6q,8vko042j,o1yj0pr1,zdnzeqxd,None,4
o1yxvv6q,8vko042j,nj1nee1p,ndx8jxjk,ywe0rxl9,8
o1yxvv6q,8vko042j,om1mx362,wkpn1jdr,None,23
o1yxvv6q,8vko042j,yd4one51,q25gv3jd,None,1
o1yxvv6q,8vko042j,om1mx362,7kjvmgk3,None,24
o1yxvv6q,8vko042j,ldejxgn1,vdo5l7vk,xd0ekpm9,2
o1yxvv6q,8vko042j,om1mx362,wkpn1jdr,None,14
o1yxvv6q,8vko042j,o1y9pyk6,n2yov4ed,5d7e0vvw,78
o1yxvv6q,8vko042j,om1mx362,7kjvmgk3,None,31
o1yxvv6q,8vko042j,3698pr2d,wk60rpek,None,2
o1yxvv6q,8vko042j,om1mx362,7kjvmgk3,None,32
o1yxvv6q,8vko042j,m1zkjl21,wk6001rk,None,2
o1yxvv6q,8vko042j,y654q37d,w20yrj8k,None,1
o1yxvv6q,8vko042j,yd4one51,7dgn9xl2,None,1
o1yxvv6q,8vko042j,om1mx362,wkpn1jdr,None,40
o1yxvv6q,8vko042j,o1yxvv6q,9d8jx46k,None,7
o1yxvv6q,8vko042j,w6jl20xd,zd3om3rd,None,7
o1yxvv6q,8vko042j,om1mx362,7kjvmgk3,None,15
o1yxvv6q,8vko042j,om1mx362,9d8vge6k,None,29
o1yxvv6q,8vko042j,om1mx362,xd1mrrrd,owo7mpv9,1
o1yxvv6q,8vko042j,om1mx362,zd3qprkn,owo7mpv9,1
o1yxvv6q,8vko042j,om1mx362,zd3qprkn,ewp726lw,1
o1yxvv6q,8vko042j,om1mx362,zd3qprkn,xd1jzqqd,1
o1yxvv6q,8vko042j,om1mx362,xd1mrrrd,5d7yjm5d,5
o1yxvv6q,8vko042j,om1mx362,xd1mrrrd,xd1jzqqd,1
o1yxvv6q,8vko042j,om1mx362,zd3qprkn,5d7yjm5d,6
o1yxvv6q,8vko042j,om1mx362,xd1mrrrd,ewp726lw,1
o1yxvv6q,8vko042j,om1mx362,xd1mrrrd,kwj7kqrw,6
o1yxvv6q,8vko042j,om1mx362,zd3qprkn,kwj7kqrw,5
o1yxvv6q,8vko042j,om1mx362,zd3qprkn,rdnyzq9m,3
o1yxvv6q,8vko042j,om1mx362,zd3qprkn,z98x7gdl,6
o1yxvv6q,8vko042j,om1mx362,zd3qprkn,gdrzx69z,3
o1yxvv6q,8vko042j,om1mx362,xd1mrrrd,z98x7gdl,5
o1yxvv6q,8vko042j,om1mx362,xd1mrrrd,gdrzx69z,3
o1yxvv6q,8vko042j,om1mx362,xd1mrrrd,ldyogk93,6
o1yxvv6q,8vko042j,om1mx362,zd3qprkn,ldyogk93,7
o1yxvv6q,8vko042j,om1mx362,xd1mrrrd,rdqe6mdx,4
o1yxvv6q,8vko042j,om1mx362,zd3qprkn,rdqe6mdx,5
o1yxvv6q,8vko042j,om1mx362,xd1mrrrd,rdnyzq9m,2
o1yxvv6q,8vko042j,om1mx362,7kjvmgk3,None,49
o1yxvv6q,8vko042j,o1yxvv6q,02q8l3j2,None,4
o1yxvv6q,8vko042j,j1lqznz6,7dgy9e4d,None,11
o1yxvv6q,8vko042j,9dok331p,mkeoz59d,None,6
o1yxvv6q,8vko042j,o1y9pyk6,mke9xe9d,5d7e0vvw,52
o1yxvv6q,lv8lr8m3,29d30dlp,9zdne7dq,None,10
o1yxvv6q,lv8lr8m3,29d30dlp,l9kvjkgq,None,41
o1yxvv6q,lv8lr8m3,ok6qvxdg,ndx80vkq,None,6
o1yxvv6q,lv8lr8m3,n4d7r172,p7kjv4k3,None,38
o1yxvv6q,lv8lr8m3,o1yxvv6q,7kjzq1nd,None,9
o1yxvv6q,lv8lr8m3,29d30dlp,nxd1rk8q,None,323
o1yxvv6q,lv8lr8m3,29d30dlp,jzd3y2nq,None,63
o1yxvv6q,lv8lr8m3,ok6qvxdg,rklgz8dn,None,18
o1yxvv6q,kj92wvo8,yo1yv1q5,xk9g1w6d,None,59
o1yxvv6q,kj92wvo8,yo1yv1q5,vdo0nzod,None,32
o1yxvv6q,kj92wvo8,j1n27x1p,xk9j8v4d,None,93
o1yxvv6q,kj92wvo8,yo1yv1q5,4xk906k0,None,105
o1yxvv6q,kj92wvo8,o1yxvv6q,xk9jn84d,None,108
o1yxvv6q,kj92wvo8,29d30dlp,zd30m4yd,kwjyqg1w,7
o1yxvv6q,kj92wvo8,29d30dlp,zd30m4yd,29vyrgx9,5
o1yxvv6q,kj92wvo8,29d30dlp,zd30m4yd,xd005pjd,16
o1yxvv6q,kj92wvo8,29d30dlp,zd30m4yd,rw6v6269,7
o1yxvv6q,kj92wvo8,j1nj796p,zdnqj6ed,None,8
o1yxvv6q,kj92wvo8,29d30dlp,zd30m4yd,owokp83d,8
o1yxvv6q,kj92wvo8,29d30dlp,zd30m4yd,5wk270xw,9
o1yxvv6q,kj92wvo8,29d30dlp,zd30m4yd,xd10qpy9,6
o1yxvv6q,kj92wvo8,29d30dlp,zd30m4yd,kwjyq01w,7
o1yxvv6q,kj92wvo8,29d30dlp,zd30m4yd,y9meo60d,7
o1yxvv6q,kj92wvo8,o1yxvv6q,n2yj37z2,None,46
o1yxvv6q,kj92wvo8,n4d7r172,7wk6prd1,None,227
o1yxvv6q,kj92wvo8,yo1yv1q5,7kjr19x2,None,11
o1yxvv6q,kj92wvo8,4d7jlld7,n2y1m372,None,24
o1yxvv6q,kj92wvo8,yo1yv1q5,xk9l5yk0,None,56
o1yxvv6q,o86r0y58,yo1yv1q5,wdm8v332,29v31y1w,1
o1yxvv6q,o86r0y58,yo1yv1q5,wdm8v332,5d7v675d,1
o1yxvv6q,o86r0y58,yo1yv1q5,wdm8v332,4956vj2d,1
o1yxvv6q,o86r0y58,yo1yv1q5,7kjr19x2,None,1
o1yxvv6q,o86r0y58,yo1yv1q5,xk9l5yk0,None,6
o1yxvv6q,o86r0y58,yo1yv1q5,9kvx6x02,None,1
o1yxvv6q,o86r0y58,yo1yv1q5,5dwp84ek,None,3
o1yxvv6q,o86r0y58,o1yxvv6q,xk9jn84d,None,41
o1yxvv6q,o86r0y58,yo1yv1q5,wz27gz20,None,7
o1yxvv6q,o86r0y58,yo1yv1q5,wdm8v332,gdrek7k9,4
o1yxvv6q,o86r0y58,yo1yv1q5,wdm8v332,ywe88erw,3
o1yxvv6q,o86r0y58,m9do9edp,5dwjz5kg,None,3
o1yxvv6q,xz9vy508,om1mx362,w205pr5d,None,7
o1yxvv6q,xz9vy508,om1mx362,zd3qprkn,ywennlwl,73
o1yxvv6q,xz9vy508,om1mx362,7kjvmgk3,None,13
o1yxvv6q,xz9vy508,om1mx362,wkpn1jdr,None,14
o1yxvv6q,xz9vy508,om1mx362,7kjvmgk3,None,19
o1yxvv6q,xz9vy508,om1mx362,zd3qprkn,495yymwp,4
o1yxvv6q,xz9vy508,om1mx362,wkpn1jdr,None,28
o1yxvv6q,xz9vy508,om1mx362,7kjvmgk3,None,43
o1yxvv6q,xz9vy508,om1mx362,rklzx7n2,None,13
o1yxvv6q,xz9vy508,o1yxvv6q,9d8jx46k,None,69
o1yxvv6q,5j55yqjv,n4d7r172,wkpjll0k,ldyeo4jw,7
o1yxvv6q,5j55yqjv,o1yxvv6q,02q8l3j2,None,4
o1yxvv6q,5j55yqjv,o1yxvv6q,02q8l3j2,None,9
o1yxvv6q,5j55yqjv,qw6j21jm,ndx8gnok,rw6vp4n9,5
o1yxvv6q,5j55yqjv,qw6j21jm,ndx8gnok,xd00rg0d,4
o1yxvv6q,5j55yqjv,29d3w01l,jdz5op6d,None,12
o1yxvv6q,5j55yqjv,n268e96p,z27gypg2,None,5
o1yxvv6q,5j55yqjv,ok6q4mdg,9d86gp72,n93q3ozw,3
o1yxvv6q,5j55yqjv,ok6q4mdg,9d86gp72,z98rlnpd,2
o1yxvv6q,5j55yqjv,ok6q4mdg,9d86gp72,rdnogn7w,2
o1yxvv6q,5j55yqjv,ok6q4mdg,9d86gp72,ldy102rd,2
o1yxvv6q,5j55yqjv,ok6q4mdg,9d86gp72,gdrp72lw,2
o1yxvv6q,5j55yqjv,ok6q4mdg,9d86gp72,rw6qy3gd,3
o1yxvv6q,5j55yqjv,ok6q4mdg,9d86gp72,xd408xr9,3
o1yxvv6q,5j55yqjv,ok6q4mdg,9d86gp72,xd0kox49,3
o1yxvv6q,5j55yqjv,2680091p,wk6jz7xd,xd0004xd,5
o1yxvv6q,5j55yqjv,2680091p,n2y18582,xd0004xd,5
o1yxvv6q,5j55yqjv,2680091p,wk6jz7xd,rdn55qqd,6
o1yxvv6q,5j55yqjv,2680091p,wk6jz7xd,owokkqod,4
o1yxvv6q,5j55yqjv,2680091p,n2y18582,owokkqod,3
o1yxvv6q,5j55yqjv,2680091p,n2y18582,gdrjjy6w,5
o1yxvv6q,5j55yqjv,m9dowk1p,p7kjr423,None,3
o1yxvv6q,5j55yqjv,nj1nee1p,ndx8jxjk,owo3413w,6
o1yxvv6q,5j55yqjv,ldeezed3,xd1m3erd,None,2
o1yxvv6q,5j55yqjv,m9dowk1p,824x063d,ywe28xyw,3
o1yxvv6q,5j55yqjv,m9dowk1p,824x063d,69zp4elw,2
o1yxvv6q,5j55yqjv,m9dowk1p,824x063d,gdrpqnlw,3
o1yxvv6q,5j55yqjv,m9dowk1p,824x063d,nwlg7409,4
o1yxvv6q,5j55yqjv,m9dowk1p,824x063d,gdrpq66w,2
o1yxvv6q,5j55yqjv,m9dowk1p,824x063d,rdnop4qw,4
o1yxvv6q,5j55yqjv,m9dowk1p,824x063d,ldy1plkd,4
o1yxvv6q,5j55yqjv,m9dowk1p,824x063d,rdqz182d,4
o1yxvv6q,5j55yqjv,m9dowk1p,824x063d,rw6qn5rd,7
o1yxvv6q,5j55yqjv,m9dowk1p,824x063d,z98r84gd,4
o1yxvv6q,5j55yqjv,m9dowk1p,824x063d,n93qgznw,3
o1yxvv6q,5j55yqjv,v1po2p68,z27qrgk0,None,6
o1yxvv6q,5j55yqjv,pd05231e,vdo536kp,None,9
o1yxvv6q,5j55yqjv,nd22krd0,zd30oped,None,2
o1yxvv6q,5j55yqjv,nd22krd0,9kvp6wek,None,3
o1yxvv6q,5j55yqjv,46we0q6r,zd30lerd,None,6
o1yxvv6q,j0v3prwx,yo1yv1q5,4xk906k0,None,14
o1yxvv6q,j0v3prwx,29d30dlp,nxd1rk8q,None,44
o1yxvv6q,j0v3prwx,yo1yv1q5,xk9g1w6d,None,4
o1yxvv6q,j0v3prwx,o1yxvv6q,xk9jn84d,None,16
o1yxvv6q,j0v3prwx,29d30dlp,jzd3y2nq,None,48
o1yxvv6q,j0v3prwx,o1yxvv6q,7kjzq1nd,None,1
o1yxvv6q,jop49lnx,yo1yv1q5,xk9g1w6d,None,42
o1yxvv6q,jop49lnx,o1yxvv6q,xk9jn84d,None,98
o1yxvv6q,jop49lnx,j1n884e1,xd11qj7d,None,12
o1yxvv6q,jop49lnx,369p7el1,wdm8wpe2,None,11
o1yxvv6q,jop49lnx,pdveg46w,ndx8owjk,None,46
o1yxvv6q,8l0prll8,o1yxvv6q,xk9jn84d,None,89
o1yxvv6q,18vnnejl,o1yxvv6q,n2yj37z2,None,18
o1yxvv6q,18vnnejl,k6q4kzdg,7dgrvglk,None,10
o1yxvv6q,18vnnejl,k6q4kzdg,7dgrvglk,None,10
o1yxvv6q,18vnnejl,n4d7r172,xn2yqmko,None,20
o1yxvv6q,18vnnejl,j1nqoy1p,xd1memrd,592oynrd,2
o1yxvv6q,18vnnejl,nj1nee1p,gq254vdo,None,46
o1yxvv6q,18vnnejl,n4d7r172,wkpjll0k,rw6v6zp9,4
o1yxvv6q,18vnnejl,n4d7r172,z27g8520,None,9
o1yxvv6q,18vnnejl,xlde3j63,4xk9l6k0,None,41
o1yxvv6q,18vnnejl,o1yxvv6q,wk61oord,None,6
o1yxvv6q,18vnnejl,k6q4kzdg,7dg8xn42,5920qp3d,15
o1yxvv6q,18vnnejl,n4d7r172,q254wgdo,None,29
o1yxvv6q,18vnnejl,n4d7r172,wkpjll0k,xd46olq9,3
o1yxvv6q,18vnnejl,j1nqoy1p,xd1memrd,n93gryed,2
o1yxvv6q,18vnnejl,n4d7r172,wkpjll0k,xd0058md,4
o1yxvv6q,18vnnejl,n4d7r172,wkpjll0k,29vyrqq9,2
o1yxvv6q,18vnnejl,n4d7r172,wkpjll0k,592j7y7w,1
o1yxvv6q,18vnnejl,n4d7r172,wkpjll0k,5wk273vw,2
o1yxvv6q,18vnnejl,n4d7r172,wkpjll0k,y9meonzd,1
o1yxvv6q,18vnnejl,n4d7r172,wkpjll0k,xd10qnz9,1
o1yxvv6q,18vnnejl,n4d7r172,wkpjll0k,ewpp6lyw,1
o1yxvv6q,18vnnejl,n4d7r172,wkpjll0k,rdq0keow,2
o1yxvv6q,18vnnejl,n4d7r172,wkpjll0k,495j1emw,1
o1yxvv6q,18vnnejl,n4d7r172,wkpjll0k,kwjyq20w,1
o1yxvv6q,18vnnejl,n4d7r172,wkpjll0k,owokprjd,2
o1yxvv6q,18vnnejl,29d30dlp,nxd1rk8q,None,222
o1yxvv6q,18vnnejl,29d30dlp,jzd3y2nq,None,65
o1yxvv6q,18vnnejl,n4d7oz17,wdmzro2q,None,17
o1yxvv6q,18vnnejl,k6qe496g,wdm4194d,None,1
o1yxvv6q,18vnnejl,j1nqoy1p,xd1memrd,xd078l4w,2
o1yxvv6q,18vnnejl,j1nqoy1p,mke9x59d,None,11
o1yxvv6q,18vnnejl,j1npwx6p,9kvggjkg,None,4
o1yxvv6q,18vnnejl,kdkrx26m,7kjvpp4k,None,12
o1yxvv6q,18vnnejl,om1mx362,7kjvmgk3,None,693
o1yxvv6q,18vnnejl,n4d7r172,wkpjll0k,5d77mgqd,2
o1yxvv6q,18vnnejl,n4d7r172,wkpjll0k,o9x2ej3w,2
o1yxvv6q,18vnnejl,n4d7r172,wkpjll0k,r9gzgpjd,2
o1yxvv6q,18vnnejl,n4d7r172,wkpjll0k,69zrg1xd,2
o1yxvv6q,18vnnejl,n4d7r172,wkpjll0k,nwl6j8ow,3
o1yxvv6q,18vnnejl,n4d7r172,wkpjll0k,ywe4eold,2
o1yxvv6q,18vnnejl,n4d7r172,wkpjll0k,gdrj3zew,4
o1yxvv6q,18vnnejl,n4d7r172,wkpjll0k,ldyezopw,1
o1yxvv6q,18vnnejl,n4d7r172,wkpjll0k,rdn51y5d,3
o1yxvv6q,18vnnejl,n4d7r172,wkpjll0k,n930jr29,1
o1yxvv6q,18vnnejl,n4d7r172,wkpjll0k,z98jkxrw,4
o1yxvv6q,18vnnejl,n4d7r172,wkpjll0k,rw6v66p9,2
o1yxvv6q,18vnnejl,yo1yv1q5,4xk906k0,None,128
o1yxvv6q,18vnnejl,k6q4kzdg,7dg8xn42,29vm7pl9,11
o1yxvv6q,18vnnejl,n4d7r172,wkpjll0k,xd0055md,4
o1yxvv6q,18vnnejl,n4d7r172,wkpjll0k,xd46ooq9,4
o1yxvv6q,18vnnejl,n4d7r172,wkpjll0k,ewpp66yw,4
o1yxvv6q,18vnnejl,o1yxvv6q,xk9jn84d,None,164
o1yxvv6q,18vnnejl,n4d7r172,wkpjll0k,y9meoozd,5
o1yxvv6q,18vnnejl,n4d7r172,wkpjll0k,29vyrrq9,4
o1yxvv6q,18vnnejl,n4d7r172,wkpjll0k,592j777w,2
o1yxvv6q,18vnnejl,n4d7r172,wkpjll0k,5wk277vw,2
o1yxvv6q,18vnnejl,n4d7r172,wkpjll0k,kwjyqq0w,5
o1yxvv6q,18vnnejl,n4d7r172,wkpjll0k,xd10qqz9,2
o1yxvv6q,18vnnejl,w6j7y76j,n2y7q72o,None,118
o1yxvv6q,18vnnejl,om1mx362,xd1mrrrd,69zxxxd1,9
o1yxvv6q,18vnnejl,om1mx362,zd3qprkn,69zxxxd1,50
o1yxvv6q,18vnnejl,n4d7r172,wkpjll0k,xd0kn5x9,9
o1yxvv6q,18vnnejl,n4d7r172,wkpjll0k,xd40eo29,5
o1yxvv6q,18vnnejl,n4d7r172,p7kjv4k3,None,23
o1yxvv6q,18vnnejl,n4d7r172,7wk6prd1,None,60
o1yxvv6q,18vnnejl,qw6j21jm,9zdnw9dq,None,24
o1yxvv6q,18vnnejl,o1y3mo6q,rklxx7wk,None,3
o1yxvv6q,18vnnejl,o1yxvv6q,n2yj37z2,None,13
o1yxvv6q,18vnnejl,29d30dlp,zd30m4yd,y9m5g3ld,4
o1yxvv6q,18vnnejl,29d30dlp,zd30m4yd,495j350w,10
o1yxvv6q,18vnnejl,29d30dlp,zd30m4yd,5wkkeo5w,2
o1yxvv6q,18vnnejl,o1yxvv6q,n2yj37z2,None,5
o1yxvv6q,18vnnejl,om1mx362,zd3qprkn,ywennlwl,104
o1yxvv6q,y8dg7mg8,o1yxvv6q,xk9jn84d,None,144
o1yxvv6q,y8dg7mg8,o6gmx562,wkp1ln0k,None,32
o1yxvv6q,y8dg7mg8,o6gmx562,wkp1ln0k,None,18
o1yxvv6q,y8dg7mg8,76r2nvd8,xk904wvk,None,290
o1yxvv6q,y8dg7mg8,76r2nvd8,xk9l93yk,None,37
o1yxvv6q,y8dg7mg8,76r2nvd8,xk9l93yk,None,47
o1yxvv6q,y8dg7mg8,76r2nvd8,7dggz4pd,None,153
o1yxvv6q,y8dg7mg8,76r2nvd8,xk9l93yk,None,28
o1yxvv6q,y8dg7mg8,ldemjl13,ndx8xljk,None,388
o1yxvv6q,x720nqr8,o1yxvv6q,xk9jn84d,None,208
o1yxvv6q,xk4v7wkj,j1ne3ql1,jdre380k,None,19
o1yxvv6q,xk4v7wkj,j1ne3ql1,jdre380k,None,32
o1yxvv6q,xk4v7wkj,o6glkw8d,9kvmg80k,None,5
o1yxvv6q,xk4v7wkj,kdkzrkxd,7kjqmygd,y9m8lk5d,45
o1yxvv6q,xk4v7wkj,n4d7r172,7wk6prd1,None,158
o1yxvv6q,xk4v7wkj,o1yxvv6q,n2yj37z2,None,35
o1yxvv6q,xk4v7wkj,w6jlw85d,9kvozxe2,None,163
o1yxvv6q,kj9yy4nx,nj1nee1p,ndx8jxjk,owo3413w,2
o1yxvv6q,kj9yy4nx,n4d7r172,wkpjll0k,69zrgk6d,1
o1yxvv6q,kj9yy4nx,n4d7r172,wkpjll0k,z98jk17w,1
o1yxvv6q,kj9yy4nx,n4d7r172,wkpjll0k,z98jk1rw,1
o1yxvv6q,kj9yy4nx,n4d7r172,wkpjll0k,rdn51end,1
o1yxvv6q,kj9yy4nx,n4d7r172,wkpjll0k,y9meoozd,1
o1yxvv6q,kj9yy4nx,n4d7r172,wkpjll0k,owokprjd,1
o1yxvv6q,kj9yy4nx,n4d7r172,wkpjll0k,rdq0kxmw,1
o1yxvv6q,kj9yy4nx,n4d7r172,wkpjll0k,29vyr419,1
o1yxvv6q,kj9yy4nx,n4d7r172,wkpjll0k,5wk273vw,1
o1yxvv6q,kj9yy4nx,n4d7r172,wkpjll0k,495j172w,1
o1yxvv6q,kj9yy4nx,n4d7r172,wkpjll0k,ywe4e6qd,1
o1yxvv6q,kj9yy4nx,3dxe8g1y,ndx8vw1k,None,2
o1yxvv6q,kj9yy4nx,n4d7r172,wkpjll0k,xd46o409,1
o1yxvv6q,kj9yy4nx,n4d7r172,wkpjll0k,5d77mgqd,1
o1yxvv6q,kj9yy4nx,n4d7r172,wkpjll0k,xd0058md,1
o1yxvv6q,kj9yy4nx,o1yxvv6q,wk61oord,None,3
o1yxvv6q,kj9yy4nx,qw6j21jm,xk90lzgk,None,1
o1yxvv6q,kj9yy4nx,n4d7r172,wkpjll0k,z98jkxrw,1
o1yxvv6q,kj9yy4nx,n4d7r172,wkpjll0k,rw6v6zp9,1
o1yxvv6q,kj9yy4nx,qw6j21jm,02qm1mzd,None,2
o1yxvv6q,kj9yy4nx,qw6j21jm,ndx8gnok,69zpl4gw,1
o1yxvv6q,kj9yy4nx,qw6j21jm,5dwjw40k,69zpl4gw,1
o1yxvv6q,kj9yy4nx,n4d7r172,wkpjll0k,n930j629,1
o1yxvv6q,kj9yy4nx,qw6j21jm,wkpyjwjk,None,3
o1yxvv6q,kj9yy4nx,qw6j21jm,ndx8gnok,xd00rg0d,2
o1yxvv6q,kj9yy4nx,29d30dlp,zd30m4yd,r9gzg62d,3
o1yxvv6q,kj9yy4nx,qw6j21jm,5dwjw40k,rdn5j0nd,1
o1yxvv6q,kj9yy4nx,qw6j21jm,5dwjw40k,ldye7yjw,1
o1yxvv6q,kj9yy4nx,qw6j21jm,5dwjw40k,z98jv67w,1
o1yxvv6q,kj9yy4nx,qw6j21jm,5dwjw40k,rw6vp4n9,1
o1yxvv6q,kj9yy4nx,qw6j21jm,5dwjw40k,29vye739,1
o1yxvv6q,kj9yy4nx,qw6j21jm,5dwjw40k,kwjyl5nw,1
o1yxvv6q,kj9yy4nx,qw6j21jm,5dwjw40k,69zro3ld,1
o1yxvv6q,kj9yy4nx,qw6j21jm,5dwjw40k,gdrj4e6w,1
o1yxvv6q,kj9yy4nx,qw6j21jm,5dwjw40k,rdn5j0qd,1
o1yxvv6q,kj9yy4nx,qw6j21jm,5dwjw40k,rdn5jzqd,1
o1yxvv6q,kj9yy4nx,qw6j21jm,5dwjw40k,xd467229,1
o1yxvv6q,kj9yy4nx,qw6j21jm,5dwjw40k,5d77kvgd,1
o1yxvv6q,kj9yy4nx,qw6j21jm,ndx8gnok,rdq02jkw,1
o1yxvv6q,kj9yy4nx,qw6j21jm,5dwjw40k,ldye7ykw,1
o1yxvv6q,kj9yy4nx,qw6j21jm,5dwjw40k,rdq02jkw,1
o1yxvv6q,kj9yy4nx,qw6j21jm,5dwjw40k,z98jv6gw,1
o1yxvv6q,kj9yy4nx,qw6j21jm,824r8lwd,None,1
o1yxvv6q,kj9yy4nx,qw6j21jm,5dwjw40k,n9305779,1
o1yxvv6q,kj9yy4nx,qw6j21jm,5dwjw40k,nwl6xl0w,1
o1yxvv6q,kj9yy4nx,o1yxvv6q,wk61oord,None,3
o1yxvv6q,kj9yy4nx,qw6j21jm,ndx8gnok,5d7yrevd,1
o1yxvv6q,kj9yy4nx,qw6j21jm,ndx8gnok,rdn5j0qd,1
o1yxvv6q,kj9yy4nx,o1yxvv6q,n2yj37z2,None,1
o1yxvv6q,8dw4oy9j,j1nej091,wkp3elw2,None,3
o1yxvv6q,8dw4oy9j,o1yxvv6q,xk9jn84d,None,201
o1yxvv6q,8dw4oy9j,j1nej091,rklrm8nk,None,4
o1yxvv6q,8dw4oy9j,8nd2o560,zd3wjqvk,None,8
o1yxvv6q,8dw4oy9j,y655z836,wkp5170d,ewp3exkd,4
o1yxvv6q,8dw4oy9j,y655z836,wkp5170d,xd41n22d,2
o1yxvv6q,8dw4oy9j,y655z836,wkp5170d,ewp3exkd,3
o1yxvv6q,8dw4oy9j,9dowk8o1,xk9nxv62,None,12
o1yxvv6q,8dw4oy9j,ldep3n13,mke9p06d,kwj1yynw,1
o1yxvv6q,8dw4oy9j,j1nej091,wkp3elw2,None,5
o1yxvv6q,8dw4oy9j,46w35xn1,9d8x4qw2,None,30
o1yxvv6q,8dw4oy9j,n4d7w367,9d8pjv7k,None,16
o1yxvv6q,8dw4oy9j,ldep3n13,vdo45py2,None,1
o1yxvv6q,8dw4oy9j,y654ko8d,02qpn37d,None,4
o1yxvv6q,8dw4oy9j,ldep3n13,9kv9w732,None,1
o1yxvv6q,8dw4oy9j,ldep3n13,ndx9xw1d,None,1
o1yxvv6q,8dw4oy9j,ldep3n13,xd1gygzd,None,1
o1yxvv6q,8dw4oy9j,ldep3n13,9d84q4wk,None,1
o1yxvv6q,8dw4oy9j,ldep3n13,wdmq5m52,None,1
o1yxvv6q,8dw4oy9j,ldep3n13,mke9p06d,xd1800ew,1
o1yxvv6q,8dw4oy9j,ldep3n13,mke9p06d,ewp0pqkd,1
o1yxvv6q,8dw4oy9j,ldep3n13,mke9p06d,y9m1ep59,1
o1yxvv6q,8dw4oy9j,ldep3n13,mke9p06d,owoqkkod,1
o1yxvv6q,8dw4oy9j,ldep3n13,5dw4ezlk,None,1
o1yxvv6q,zx7g3w0x,j1l7kedg,7kj9vz23,None,12
o1yxvv6q,zx7g3w0x,pd0pp36e,zdn09072,None,1
o1yxvv6q,zx7g3w0x,j1l7kedg,rklgmord,None,4
o1yxvv6q,zx7g3w0x,j1l7kedg,9kvx31o2,None,1
o1yxvv6q,zx7g3w0x,yd4vygde,7kj185gk,None,1
o1yxvv6q,zx7g3w0x,pdvz30o6,jdrvqwn2,None,2
o1yxvv6q,zx7g3w0x,j1l7kedg,q2514gdo,rdnrq5wm,1
o1yxvv6q,zx7g3w0x,pd05m01e,z270nzd0,None,5
o1yxvv6q,zx7g3w0x,j1l7kedg,w20zm98d,None,1
o1yxvv6q,zx7g3w0x,pd05m01e,zdn569dq,None,6
o1yxvv6q,zx7g3w0x,j1l7kedg,ndx8lv5k,None,1
o1yxvv6q,zx7g3w0x,o1yxvv6q,xk9jn84d,None,155
o1yxvv6q,zx7g3w0x,yo1yv1q5,xk9g1w6d,None,83
o1yxvv6q,zx7g3w0x,m1m5lxd2,z2769pod,None,2
o1yxvv6q,j2wvdypj,om1mx362,zd3qprkn,5wk88vw4,6
o1yxvv6q,j2wvdypj,om1mx362,xd1mrrrd,5wk88vw4,5
o1yxvv6q,j2wvdypj,om1mx362,xd1mrrrd,nwlnpodv,3
o1yxvv6q,j2wvdypj,om1mx362,7kjvmgk3,None,126
o1yxvv6q,j2wvdypj,o1yxvv6q,9d8jx46k,None,16
o1yxvv6q,j2wvdypj,om1mx362,7kjvmgk3,None,108
o1yxvv6q,x33mvo2x,y654qx3d,zdnxm972,None,1
o1yxvv6q,x33mvo2x,k6qoom1g,xd14vpzd,None,4
o1yxvv6q,x33mvo2x,946w031r,wkpyr1jk,None,14
o1yxvv6q,x33mvo2x,36980g8d,z279y04d,None,8
o1yxvv6q,x33mvo2x,36980g8d,5dwxvm52,None,11
o1yxvv6q,x33mvo2x,946w031r,wkpyr1jk,None,31
o1yxvv6q,x33mvo2x,36980g8d,jdr860lk,None,61
o1yxvv6q,x33mvo2x,kdko3e6m,jdzwx03d,None,3
o1yxvv6q,x33mvo2x,76r43l18,w20wryod,None,682
o1yxvv6q,x33mvo2x,3697y21l,7kjl0n23,None,2
o1yxvv6q,x33mvo2x,kdkm521m,zdn0892q,None,2
o1yxvv6q,x33mvo2x,o1y9emk6,n2ye9m1k,None,11
o1yxvv6q,x33mvo2x,76r43l18,824nv5gk,None,8
o1yxvv6q,x33mvo2x,29d30dlp,9d8v6j7k,None,28
o1yxvv6q,x33mvo2x,3698g4ld,824nwl3k,None,33
o1yxvv6q,x33mvo2x,3698g4ld,9d8yroqk,None,15
o1yxvv6q,x33mvo2x,3698g4ld,7kj9rxx2,None,6
o1yxvv6q,x33mvo2x,9d3rn00d,ndx45152,None,276
o1yxvv6q,x33mvo2x,76r2yld8,z27gxv42,None,2
o1yxvv6q,x33mvo2x,3dx3yydy,5dwqxndg,None,13
o1yxvv6q,x33mvo2x,3dx3yydy,5dwqxndg,None,17
o1yxvv6q,x33mvo2x,9d3rn00d,5dwg64ek,None,24
o1yxvv6q,x33mvo2x,lde333j6,zd368jvd,None,4
o1yxvv6q,x33mvo2x,76rxljl6,wkpvevjk,None,10
o1yxvv6q,x33mvo2x,76rxljl6,7dg939gk,None,5
o1yxvv6q,x33mvo2x,76rxljl6,vdo3g36d,None,25
o1yxvv6q,x33mvo2x,j1neeqy1,z276rzod,None,1
o1yxvv6q,x33mvo2x,yd4okqp1,jdzv8n6k,None,15
o1yxvv6q,x33mvo2x,9d3r9j0d,wk6epvp2,None,13
o1yxvv6q,x33mvo2x,4d728l67,rkleqpw2,None,3
o1yxvv6q,x33mvo2x,4d728l67,824rvgnd,None,8
o1yxvv6q,x33mvo2x,76r43l18,824nv5gk,None,16
o1yxvv6q,x33mvo2x,kdko3e6m,jdr763x2,None,7
o1yxvv6q,x33mvo2x,w6j7vpx6,z27weg5k,None,1449
o1yxvv6q,x33mvo2x,j1n29w1p,z2739god,None,1127
o1yxvv6q,x33mvo2x,j1n29w1p,w20pel5k,None,220
o1yxvv6q,x33mvo2x,4d728l67,rkleqpw2,None,123
o1yxvv6q,x33mvo2x,n4d7jzd7,vdo06wod,None,53
o1yxvv6q,x33mvo2x,yd4oyzk1,02qee1z2,None,2
o1yxvv6q,x33mvo2x,kdko3e6m,wdmrzy5k,None,4
o1yxvv6q,x33mvo2x,kdko3e6m,wkpj61wk,None,7
o1yxvv6q,x33mvo2x,y654or8d,zd37rz82,None,9
o1yxvv6q,x33mvo2x,m1zvk360,zdnwv59d,None,7
o1yxvv6q,x33mvo2x,29d30dlp,z2771020,None,87
o1yxvv6q,x33mvo2x,576rvq18,mkeojxd6,None,26
o1yxvv6q,x33mvo2x,j1lqm0e6,ndx08w1d,ewp6pr4d,7
o1yxvv6q,x33mvo2x,vo6go9d2,02q4n3zd,None,3
o1yxvv6q,x33mvo2x,j1lqm0e6,9kvlxn02,ewp6pr4d,5
o1yxvv6q,x33mvo2x,j1lqm0e6,8249p83d,ewp6pr4d,6
o1yxvv6q,x33mvo2x,yd4oyzk1,02qee1z2,None,2
o1yxvv6q,x33mvo2x,76rxlve6,9d85lzwd,None,1
o1yxvv6q,x33mvo2x,76rxlve6,7dg9emxk,None,25
o1yxvv6q,x33mvo2x,29d30dlp,9zdne7dq,None,35
o1yxvv6q,x33mvo2x,j1lqm0e6,8249p83d,xd1q0xyw,27
o1yxvv6q,x33mvo2x,j1lqm0e6,9d8nvlqd,xd1q0xyw,12
o1yxvv6q,x33mvo2x,946wk96r,zd356lrk,ywepejqd,4
o1yxvv6q,x33mvo2x,946wk96r,9kvrmj32,ywepejqd,5
o1yxvv6q,x33mvo2x,29d30dlp,nxd1rk8q,None,378
o1yxvv6q,x33mvo2x,j1lqm0e6,xd1qm582,xd1q0xyw,5
o1yxvv6q,x33mvo2x,j1lqm0e6,ndx08w1d,xd1q0xyw,15
o1yxvv6q,x33mvo2x,k6q9px1g,wkp9782r,None,6
o1yxvv6q,x33mvo2x,76rx8v56,jdz606g2,None,12
o1yxvv6q,x33mvo2x,l3dxeg1y,w20z0zdn,None,7
o1yxvv6q,x33mvo2x,l3dxeg1y,w20z0zdn,None,12
o1yxvv6q,x33mvo2x,j1lqm0e6,zd3ryqnd,xd1q0xyw,6
o1yxvv6q,x33mvo2x,j1lqm0e6,ndx08w1d,xd1q0xyw,16
o1yxvv6q,x33mvo2x,76rx0y46,xd1jn3zd,None,8
o1yxvv6q,x33mvo2x,n4d7oz17,w20g0xjk,None,2
o1yxvv6q,x33mvo2x,om1mpk12,q25olrvk,None,22
o1yxvv6q,x33mvo2x,w6j7726j,vdo3m1dp,None,72
o1yxvv6q,x33mvo2x,om1mpk12,02qg5zdy,None,54
o1yxvv6q,x33mvo2x,om1mpk12,ndxj4n52,None,24
o1yxvv6q,x33mvo2x,9d3rn00d,wdm6303k,None,5
o1yxvv6q,x33mvo2x,pd08701e,xd1l5p4k,None,40
o1yxvv6q,x33mvo2x,29d3qe1l,9d8v8lkn,None,18
o1yxvv6q,x33mvo2x,946wk96r,ndx8lvkq,None,3
o1yxvv6q,x33mvo2x,946wk96r,ndx8lvkq,None,19
o1yxvv6q,x33mvo2x,nd2z5qd0,9kvpxjjk,None,1138
o1yxvv6q,x33mvo2x,ldep4j13,7dgg38ld,None,12
o1yxvv6q,x33mvo2x,yd487k6e,w20ry52n,None,87
o1yxvv6q,x33mvo2x,yd487k6e,02qjevzd,None,163
o1yxvv6q,x33mvo2x,y655576e,wdm8lx2q,None,13
o1yxvv6q,x33mvo2x,o1ypx21q,jdz5vz6d,None,13
o1yxvv6q,x33mvo2x,yd4okqp1,rkl0zpwk,None,56
o1yxvv6q,x33mvo2x,9do7m76p,w20v5vzk,None,42
o1yxvv6q,x33mvo2x,o1ypx21q,jdz5vz6d,None,131
o1yxvv6q,x33mvo2x,o1ypx21q,jdz5vz6d,None,39
o1yxvv6q,x33mvo2x,9do7m76p,zd38r9vk,None,10
o1yxvv6q,x33mvo2x,9do7m76p,zd38r9vk,None,7
o1yxvv6q,x33mvo2x,9do7m76p,rklrg8wk,None,2
o1yxvv6q,x33mvo2x,9do7m76p,rklrg8wk,None,4
o1yxvv6q,x33mvo2x,9do7m76p,rklrg8wk,None,7
o1yxvv6q,x33mvo2x,9do7m76p,rklrg8wk,None,3
o1yxvv6q,x33mvo2x,9do7m76p,ndx4we12,None,5
o1yxvv6q,x33mvo2x,yd4oyzk1,02qee1z2,None,4
o1yxvv6q,x33mvo2x,om1mx362,wkpn1jdr,None,32
o1yxvv6q,x33mvo2x,yd43e51e,n2yqp4zk,None,35
o1yxvv6q,x33mvo2x,o6gl9y9d,zdnlpl92,None,25
o1yxvv6q,x33mvo2x,kdkr5e6m,wk6p10xd,None,8
o1yxvv6q,x33mvo2x,kdkr5e6m,wk6p10xd,None,21
o1yxvv6q,x33mvo2x,pdv94r1w,jdr1vx52,None,8
o1yxvv6q,x33mvo2x,pdv94r1w,z27myzg2,None,3
o1yxvv6q,x33mvo2x,k6q474zd,8240o13d,None,637
o1yxvv6q,x33mvo2x,k6q474zd,q25m6zyd,None,183
o1yxvv6q,x33mvo2x,k6q474zd,8240zynd,None,152
o1yxvv6q,x33mvo2x,k6q474zd,w20348v2,None,266
o1yxvv6q,x33mvo2x,k6q474zd,q25m6zyd,None,1124
o1yxvv6q,x33mvo2x,xlde3j63,4xk9l6k0,None,44
o1yxvv6q,x33mvo2x,kdkmmx1m,7dg94xk4,None,5
o1yxvv6q,x33mvo2x,46w2rl6r,02qlpyky,None,14
o1yxvv6q,x33mvo2x,om1mx362,7kjvmgk3,None,66
o1yxvv6q,x33mvo2x,om1mx362,7kjvmgk3,None,59
o1yxvv6q,x33mvo2x,om1mx362,7kjvmgk3,None,192
o1yxvv6q,x33mvo2x,46w8ql6r,vdoq0oyk,None,7
o1yxvv6q,x33mvo2x,k6ql0x1g,jdrp4052,None,6
o1yxvv6q,x33mvo2x,k6ql0x1g,824p4ow2,None,5
o1yxvv6q,x33mvo2x,k6ql0x1g,9d8v9z7k,None,5
o1yxvv6q,x33mvo2x,k6ql0x1g,5dw6njg2,None,5
o1yxvv6q,x33mvo2x,k6ql0x1g,wk6e3pe2,None,2
o1yxvv6q,x33mvo2x,9d38801l,jdz890vd,None,17
o1yxvv6q,x33mvo2x,9do7m76p,jdz850rd,None,14
o1yxvv6q,x33mvo2x,om1mx362,7kjvmgk3,None,772
o1yxvv6q,x33mvo2x,268elpk6,jdzwnvgd,None,6
o1yxvv6q,x33mvo2x,o1yxvv6q,9d8jx46k,None,61
o1yxvv6q,x33mvo2x,9d3rn00d,z2714j42,None,17
o1yxvv6q,x33mvo2x,268elpk6,vdo15zy2,None,6
o1yxvv6q,x33mvo2x,lde3ygx6,n2yrgv1d,None,1
o1yxvv6q,x33mvo2x,o1yxvv6q,n2yj37z2,None,23
o1yxvv6q,x33mvo2x,kdkmmye1,824le5ed,None,11
o1yxvv6q,x33mvo2x,9dowy731,w20vnwzk,None,19
o1yxvv6q,x33mvo2x,nd2e953d,9kv74x3k,None,14
o1yxvv6q,x33mvo2x,9dowy731,n2y7eom2,None,99
o1yxvv6q,x33mvo2x,nj1nee1p,ndx8jxjk,69z7yexw,10
o1yxvv6q,x33mvo2x,nj1nee1p,ndx8jxjk,ywe0rxl9,14
o1yxvv6q,x33mvo2x,nj1nee1p,ndx8jxjk,r9g6eqjw,12
o1yxvv6q,x33mvo2x,9d3rn00d,wdm6v85k,None,43
o1yxvv6q,x33mvo2x,o1y9nxr6,n2y7zmm2,None,9
o1yxvv6q,x33mvo2x,o1y9nxr6,n2y7zmm2,None,5
o1yxvv6q,x33mvo2x,o1yxvv6q,wk61oord,None,9
o1yxvv6q,x33mvo2x,o1yxvv6q,xk98gj42,None,12
o1yxvv6q,x33mvo2x,o1yxvv6q,7kjzq1nd,None,33
o1yxvv6q,x33mvo2x,o1yxvv6q,n2yj37z2,None,20
o1yxvv6q,x33mvo2x,o1yxvv6q,xk9jn84d,None,47
o1yxvv6q,x33mvo2x,o1yxvv6q,jdr17vg2,None,12
o1yxvv6q,x33mvo2x,o1yxvv6q,jdr17vg2,None,17
o1yxvv6q,x33mvo2x,pdv233k6,02qeo6y2,None,2
o1yxvv6q,x33mvo2x,yd4o0z51,7kjqzegd,None,18
o1yxvv6q,x33mvo2x,yd4o0z51,7kjqzegd,None,31
o1yxvv6q,x33mvo2x,nd2e953d,7kj61lz2,None,6
o1yxvv6q,0jmovyz8,w6j7exe6,02q4nq9d,None,2
o1yxvv6q,0jmovyz8,o1yxvv6q,xk9jn84d,None,1
o1yxvv6q,8d37ovox,yd4kkjx6,jdr9ymxd,None,2
o1yxvv6q,8d37ovox,pdvz55k6,q2538nwk,None,4
o1yxvv6q,8d37ovox,76r8y5d8,z27o8e5d,None,11
o1yxvv6q,8d37ovox,m9dok31p,n2yq3ezk,4952gm9p,5
o1yxvv6q,8d37ovox,m9dok31p,prkleq2n,None,23
o1yxvv6q,8d37ovox,m9dok31p,zd31gy2n,rdq8rodx,16
o1yxvv6q,8d37ovox,m9dok31p,zdnw0l9d,4952gm9p,5
o1yxvv6q,8d37ovox,m9dok31p,zd31gy2n,4952gm9p,16
o1yxvv6q,8d37ovox,9dor97dp,zd3e8rkn,None,14
o1yxvv6q,8d37ovox,yd4kkjx6,jdrwnnlk,None,6
o1yxvv6q,8d37ovox,w6jmm26j,9d8lxv62,None,30
o1yxvv6q,8d37ovox,pdvz55k6,zd3q5zek,n93yo4nd,2
o1yxvv6q,8d37ovox,pdvz55k6,02q3037k,ldy82gjw,3
o1yxvv6q,8d37ovox,m9dok31p,02q3ejzk,None,32
o1yxvv6q,8d37ovox,j1n884e1,xd11qj7d,None,1
o1yxvv6q,8d37ovox,j1lqq2e6,wdm91pok,z98pgk1w,4
o1yxvv6q,8d37ovox,m9dok31p,mndxp12q,None,66
o1yxvv6q,8d37ovox,m9dok31p,xw201vkn,None,49
o1yxvv6q,8d37ovox,pdvz55k6,rkl3g36k,None,2
o1yxvv6q,8d37ovox,j1lqq2e6,w208495d,z98pgk1w,6
o1yxvv6q,8d37ovox,pdvz55k6,zd38l8vk,None,8
o1yxvv6q,8d37ovox,pdvz55k6,02q3037k,n93yo4nd,3
o1yxvv6q,8d37ovox,pdvz55k6,02q3037k,29v0x3xw,2
o1yxvv6q,8d37ovox,pdvz55k6,zd3q5zek,ldy82gkw,2
o1yxvv6q,8d37ovox,pdvz55k6,zd3q5zek,495lyy0d,2
o1yxvv6q,8d37ovox,o1yxvv6q,xk9jn84d,None,168
o1yxvv6q,8d37ovox,j1n884e1,xd11qj7d,None,4
o1yxvv6q,8d37ovox,m9dok31p,7wk6oqk1,None,51
o1yxvv6q,8d37ovox,m9dok31p,z273lzd0,None,62
o1yxvv6q,8d37ovox,o1y9j9v6,7kjpl1gk,None,3754
o1yxvv6q,8d37ovox,j1n884e1,9d8ony62,None,7
o1yxvv6q,8d37ovox,9d3q7e1l,n2yqw78k,None,37
o1yxvv6q,8d37ovox,m9dok31p,zdn45nnk,owojnj96,8
o1yxvv6q,8d37ovox,m9dok31p,9kve0jdg,ewp3yydn,6
o1yxvv6q,8d37ovox,m9dok31p,xd17w0wd,ewp3yydn,8
o1yxvv6q,8d37ovox,m9dok31p,zd31gy2n,owojnj96,25
o1yxvv6q,8d37ovox,m9dok31p,xd17w0wd,4952gm9p,7
o1yxvv6q,8rp2qn6j,o1yxvv6q,7kjzq1nd,None,17
o1yxvv6q,8rp2qn6j,29d30dlp,nxd1rk8q,None,96
o1yxvv6q,8rp2qn6j,29d30dlp,9zdne7dq,None,18
o1yxvv6q,8rp2qn6j,29d30dlp,l9kvjkgq,None,24
o1yxvv6q,8rp2qn6j,29d30dlp,9d8v6j7k,None,24
o1yxvv6q,8rp2qn6j,29d30dlp,z2771020,None,22
o1yxvv6q,8rp2qn6j,29d30dlp,rkle7mw2,None,9
o1yxvv6q,8rp2qn6j,o1yxvv6q,7kjzq1nd,None,21
o1yxvv6q,8rp2qn6j,29d30dlp,02q75pdy,None,8
o1yxvv6q,dx30r36x,o1yxvv6q,n2yj37z2,None,12
o1yxvv6q,dx30r36x,29d30dlp,z2771020,None,32
o1yxvv6q,jo20gk38,o1yxvv6q,xk9jn84d,None,1
o1yxvv6q,jo20gk38,w6j7exe6,wkp541vd,r9gm3rk9,1
o1yxvv6q,jo20gk38,w6j7exe6,wkp541vd,o9xylk1d,1
o1yxvv6q,jo20gk38,w6j7exe6,wkp541vd,rdqm1g19,1
o1yxvv6q,jo20gk38,w6j7exe6,wkp541vd,495q8yj9,1
o1yxvv6q,jo20gk38,w6j7exe6,wkp541vd,owom2ly9,1
o1yxvv6q,jo20gk38,w6j7exe6,wkp541vd,29v8k2nd,2
o1yxvv6q,jo20gk38,w6j7exe6,wkp541vd,69zl4zod,1
o1yxvv6q,jo20gk38,w6j7exe6,wkp541vd,ywev8lrd,1
o1yxvv6q,jo20gk38,w6j7exe6,wkp541vd,o9xyllpd,3
o1yxvv6q,jo20gk38,w6j7exe6,wkp541vd,r9gm3zp9,2
o1yxvv6q,jo20gk38,w6j7exe6,wkp541vd,5926oj3d,1
o1yxvv6q,jo20gk38,w6j7exe6,wkp541vd,ywev8m4d,1
o1yxvv6q,jo20gk38,w6j7exe6,wkp541vd,z98o86ld,2
o1yxvv6q,jo20gk38,w6j7exe6,wkp541vd,kwjkezz9,2
o1yxvv6q,jo20gk38,w6j7exe6,wkp541vd,r9gm3yp9,2
o1yxvv6q,jo20gk38,w6j7exe6,wkp541vd,5wkmrrpd,2
o1yxvv6q,jo20gk38,w6j7exe6,wkp541vd,xd1z526w,2
o1yxvv6q,jo20gk38,w6j7exe6,wkp541vd,owom2q39,2
o1yxvv6q,jo20gk38,w6j7exe6,wkp541vd,owom20k9,1
o1yxvv6q,jo20gk38,w6j7exe6,wkp541vd,kwjke8z9,4
o1yxvv6q,jo20gk38,w6j7exe6,wkp541vd,y9mmp819,2
o1yxvv6q,jo20gk38,w6j7exe6,wkp541vd,5d7j376d,2
o1yxvv6q,jo20gk38,w6j7exe6,wkp541vd,495q85j9,2
o1yxvv6q,jo20gk38,w6j7exe6,wkp541vd,29v8k7nd,1
o1yxvv6q,jo20gk38,w6j7exe6,wkp541vd,rdqm1129,2
o1yxvv6q,jo20gk38,w6j7exe6,wkp541vd,rdnmp0v9,2
o1yxvv6q,jo20gk38,w6j7exe6,wkp541vd,69zl44gd,1
o1yxvv6q,jo20gk38,w6j7exe6,wkp541vd,ewp2qrz9,3
o1yxvv6q,jo20gk38,w6j7exe6,wkp541vd,rdqm15g9,2
o1yxvv6q,jo20gk38,w6j7exe6,wkp541vd,o9xylz1d,1
o1yxvv6q,jo20gk38,w6j7exe6,wkp541vd,69zl4rgd,1
o1yxvv6q,jo20gk38,w6j7exe6,wkp541vd,rdnmpp79,1
o1yxvv6q,jo20gk38,w6j7exe6,wkp541vd,xd4536rw,1
o1yxvv6q,jo20gk38,w6j7exe6,wkp541vd,xd0e7049,2
o1yxvv6q,jo20gk38,w6j7exe6,wkp541vd,r9gm34k9,2
o1yxvv6q,jo20gk38,w6j7exe6,wkp541vd,69zl4xod,1
o1yxvv6q,jo20gk38,w6j7exe6,wkp541vd,5wkmr2pd,2
o1yxvv6q,jo20gk38,w6j7exe6,wkp541vd,r9gm33p9,3
o1yxvv6q,jo20gk38,w6j7exe6,wkp541vd,r9gm3jk9,2
o1yxvv6q,jo20gk38,w6j7exe6,wkp541vd,495q8839,2
o1yxvv6q,jo20gk38,w6j7exe6,wkp541vd,rw67n379,1
o1yxvv6q,jo20gk38,w6j7exe6,wkp541vd,rdqm1l19,1
o1yxvv6q,jo20gk38,w6j7exe6,wkp541vd,495q8rj9,2
o1yxvv6q,jo20gk38,w6j7exe6,wkp541vd,xd0e7q19,2
o1yxvv6q,jo20gk38,w6j7exe6,wkp541vd,495q8j39,1
o1yxvv6q,jo20gk38,w6j7exe6,wkp541vd,ywev81rd,2
o1yxvv6q,jo20gk38,w6j7exe6,wkp541vd,r9gm3129,2
o1yxvv6q,jo20gk38,w6j7exe6,wkp541vd,owom2kk9,2
o1yxvv6q,jo20gk38,w6j7exe6,wkp541vd,5d7j3v6d,2
o1yxvv6q,zx7903qj,o1yxvv6q,xk9jn84d,None,39
o1yxvv6q,zx7903qj,yo1yv1q5,xk9g1w6d,None,58
o1yxvv6q,pj0kkm8w,29d30dlp,zd30m4yd,5d7qg4ew,4
o1yxvv6q,pj0kkm8w,o1yxvv6q,n2yj37z2,None,1
o1yxvv6q,pj0kkm8w,n4d7r172,z27g8520,None,3
o1yxvv6q,pj0kkm8w,n4d7r172,w20zmodn,None,9
o1yxvv6q,pj0kkm8w,n4d7r172,wkpjll0k,ywe4eold,1
o1yxvv6q,pj0kkm8w,n4d7r172,wkpjll0k,nwl6j8ow,1
o1yxvv6q,pj0kkm8w,n4d7r172,wkpjll0k,y9meoozd,2
o1yxvv6q,pj0kkm8w,n4d7r172,wkpjll0k,rdn51y5d,1
o1yxvv6q,pj0kkm8w,n4d7r172,wkpjll0k,ewpp66yw,2
o1yxvv6q,pj0kkm8w,n4d7r172,wkpjll0k,z98jkxrw,3
o1yxvv6q,pj0kkm8w,n4d7r172,wkpjll0k,xd46ooq9,2
o1yxvv6q,pj0kkm8w,n4d7r172,wkpjll0k,o9x2ej3w,1
o1yxvv6q,pj0kkm8w,n4d7r172,wkpjll0k,o9x2ep6w,1
o1yxvv6q,pj0kkm8w,n4d7r172,wkpjll0k,5d77mgqd,5
o1yxvv6q,pj0kkm8w,n4d7r172,wkpjll0k,xd46olq9,6
o1yxvv6q,pj0kkm8w,n4d7r172,wkpjll0k,xd0058md,7
o1yxvv6q,pj0kkm8w,n4d7r172,wkpjll0k,xd0055md,6
o1yxvv6q,pj0kkm8w,n4d7r172,wkpjll0k,ewpp6glw,2
o1yxvv6q,pj0kkm8w,n4d7r172,wkpjll0k,5wk27y5w,2
o1yxvv6q,pj0kkm8w,n4d7r172,7wk6prd1,None,54
o1yxvv6q,18qw9rd8,n4d7w367,mke59p6k,None,3
o1yxvv6q,18qw9rd8,yo1yv1q5,wdm8v332,nwl6xgpw,3
o1yxvv6q,18qw9rd8,yo1yv1q5,wdm8v332,xd00rk0d,8
o1yxvv6q,18qw9rd8,4d7953r1,rklvmw6d,None,27
o1yxvv6q,18qw9rd8,268q8o6p,xk9re6gk,None,2
o1yxvv6q,18qw9rd8,o1yxvv6q,xk9jn84d,None,33
o1yxvv6q,18qw9rd8,268q8o6p,xk9re6gk,None,7
o1yxvv6q,xz97g5n8,yo1yv1q5,zdnq1pqd,None,1
o1yxvv6q,xz97g5n8,yo1yv1q5,xk9g1w6d,None,5
o1yxvv6q,xz97g5n8,o1yxvv6q,n2yj37z2,None,12
o1yxvv6q,xz97g5n8,n4d7r172,xn2yqmko,None,8
o1yxvv6q,xz97g5n8,n4d7r172,wkpjll0k,xd46olq9,1
o1yxvv6q,xz97g5n8,o1yxvv6q,n2yj37z2,None,7
o1yxvv6q,xz97g5n8,o1yxvv6q,n2yj37z2,None,4
o1yxvv6q,xz97g5n8,o1yxvv6q,n2yj37z2,None,4
o1yxvv6q,xz97g5n8,n4d7r172,7wk6prd1,None,18
o1yxvv6q,xz97g5n8,w6jzz21j,wdmzn932,None,6
o1yxvv6q,xz97g5n8,yo1yv1q5,wdm8v332,ywe4k2qd,2
o1yxvv6q,xz97g5n8,o1yxvv6q,xk9jn84d,None,23
o1yxvv6q,xz97g5n8,yo1yv1q5,wdm8v332,r9gz0kqd,2
o1yxvv6q,xz97g5n8,yo1yv1q5,vdo0nzod,None,9
o1yxvv6q,xz97g5n8,29d30dlp,jzd3y2nq,None,44
o1yxvv6q,xz97g5n8,29d30dlp,nxd1rk8q,None,100
o1yxvv6q,xz97g5n8,o1yxvv6q,7kjzq1nd,None,27
o1yxvv6q,xz97g5n8,v1poggz6,mkelrpjd,None,1
o1yxvv6q,xz97g5n8,yo1yv1q5,4xk906k0,None,47
o1yxvv6q,xz97g5n8,yo1yv1q5,wdm8v332,gdrjm4ew,6
o1yxvv6q,xz97g5n8,yo1yv1q5,wdm8v332,rw6v88p9,17
o1yxvv6q,xz97g5n8,yo1yv1q5,wdm8v332,nwl6x6pw,7
o1yxvv6q,xz97g5n8,yo1yv1q5,wdm8v332,rdq026mw,2
o1yxvv6q,xz97g5n8,yo1yv1q5,wdm8v332,z98jv2rw,4
o1yxvv6q,xz97g5n8,yo1yv1q5,wdm8v332,ywe4kzqd,2
o1yxvv6q,xz97g5n8,yo1yv1q5,wdm8v332,z98jvj7w,1
o1yxvv6q,xz97g5n8,yo1yv1q5,wdm8v332,z98rojpd,3
o1yxvv6q,xz97g5n8,v1poggz6,wk6eogo2,None,1
o1yxvv6q,xz97g5n8,v1poggz6,wk6eogo2,None,2
o1yxvv6q,xz97g5n8,v1poggz6,wk6eogo2,None,1
o1yxvv6q,xz97g5n8,v1poggz6,wdmvpvxd,None,1
o1yxvv6q,xz97g5n8,v1poggz6,wdmvpvxd,None,1
o1yxvv6q,xz97g5n8,yo1yv1q5,wdm8v332,29vyey19,3
o1yxvv6q,xz97g5n8,w6j7exe6,wkp541vd,69zl4pgd,2
o1yxvv6q,xz97g5n8,yo1yv1q5,wdm8v332,495j3omw,1
o1yxvv6q,xz97g5n8,yo1yv1q5,wdm8v332,z98zkyg9,4
o1yxvv6q,zxzdvwej,ldegvn13,7dg8wv42,ywe2rj7w,7
o1yxvv6q,zxzdvwej,o1yxvv6q,xk9jn84d,None,88
o1yxvv6q,8dwm91mj,o1yxvv6q,xk9jn84d,None,50
o1yxvv6q,8dwm91mj,yo1yv1q5,wdm8v332,o9x2516w,6
o1yxvv6q,8dwm91mj,yo1yv1q5,vdo0nzod,None,11
o1yxvv6q,48g3yprx,o1yxvv6q,9d8jx46k,None,12
o1yxvv6q,18vrmq2x,l3dxqp1y,4xk93xk0,None,39
o1yxvv6q,18vrmq2x,o1yxvv6q,xk9jn84d,None,67
o1yxvv6q,18vrmq2x,yo1yv1q5,vdo0nzod,None,24
o1yxvv6q,18v410e8,o1yxvv6q,xk9jn84d,None,56
o1yxvv6q,jo3nw30j,o1yxvv6q,xk9jn84d,None,146
o1yxvv6q,kj940enx,o1yxvv6q,9d8jx46k,None,49
o1yxvv6q,kj940enx,m1mxrx62,ndx8g3vk,5wkkne5w,6
o1yxvv6q,kj940enx,46w35xn1,jdzvg86k,owoyp7k9,4
o1yxvv6q,kj940enx,46w35xn1,ndx1omv2,owoyp7k9,3
o1yxvv6q,kj940enx,46w35xn1,jdzvg86k,xd1xoge9,5
o1yxvv6q,kj940enx,pd0wg21e,wkpv0z8k,69zlg6d1,9
o1yxvv6q,kj940enx,m1mxrx62,ndx8g3vk,59208rgd,7
o1yxvv6q,kj940enx,pd0wg21e,wkpv0z8k,yweveqdl,15
o1yxvv6q,kj940enx,m1mxrx62,ndx8g3vk,y9m5rgld,7
o1yxvv6q,kj940enx,m1mxrx62,ndx8g3vk,gdrp868w,5
o1yxvv6q,kj940enx,m1mxrx62,ndx8g3vk,xd0k2609,4
o1yxvv6q,18q4697x,o1yxvv6q,xk9jn84d,None,105
o1yxvv6q,18q4697x,yo1yv1q5,xk9g1w6d,None,63
o1yxvv6q,zx77omvx,yd4kp0p6,7kj749xk,None,2
o1yxvv6q,zx77omvx,o1yxvv6q,xk9jn84d,None,1
o1yxvv6q,zx77omvx,yo1yv1q5,4xk906k0,None,56
o1yxvv6q,qxko6nm8,qw6j21jm,vdo40e62,None,6
o1yxvv6q,qxko6nm8,o1yxvv6q,7kjzq1nd,None,6
o1yxvv6q,qxko6nm8,o1yxvv6q,n2yj37z2,None,2
o1yxvv6q,qxko6nm8,n4d7r172,q254wgdo,None,11
o1yxvv6q,qxko6nm8,n4d7r172,z27g8520,None,5
o1yxvv6q,qxko6nm8,n4d7r172,7wk6prd1,None,33
o1yxvv6q,qxko6nm8,o1yxvv6q,n2yj37z2,None,15
o1yxvv6q,qxko6nm8,v1ppq818,n2yn37ko,5928jr96,10
o1yxvv6q,qxko6nm8,v1ppq818,n2yn37ko,5wknkqw4,6
o1yxvv6q,qxko6nm8,v1ppq818,n2yn37ko,69zqpo91,14
o1yxvv6q,qxko6nm8,v1ppq818,n2yn37ko,495rjjdp,5
o1yxvv6q,qxko6nm8,v1ppq818,n2yn37ko,rdq301wx,7
o1yxvv6q,qxko6nm8,v1ppq818,n2yn37ko,5d7e7vwy,6
o1yxvv6q,qxko6nm8,v1ppq818,n2yn37ko,y9mre1w5,10
o1yxvv6q,qxko6nm8,v1ppq818,n2yn37ko,r9gjzk92,5
o1yxvv6q,qxko6nm8,v1ppq818,n2yn37ko,o9xz21wl,6
o1yxvv6q,qxko6nm8,v1ppq818,n2yn37ko,owoekyd6,6
o1yxvv6q,qxko6nm8,v1ppq818,n2yn37ko,nwlygr9v,10
o1yxvv6q,qxko6nm8,v1ppq818,n2yn37ko,gdr8pz9z,6
o1yxvv6q,qxko6nm8,v1ppq818,n2yn37ko,rdnlovwm,6
o1yxvv6q,qxko6nm8,v1ppq818,n2yn37ko,rw6lq7w7,8
o1yxvv6q,qxko6nm8,v1ppq818,n2yn37ko,n93nqew0,5
o1yxvv6q,qxko6nm8,v1ppq818,n2yn37ko,ldy51zw3,6
o1yxvv6q,qxko6nm8,v1ppq818,n2yn37ko,5wknkqw4,8
o1yxvv6q,qxko6nm8,v1ppq818,n2yn37ko,29vlmnwv,8
o1yxvv6q,qxko6nm8,v1ppq818,n2yn37ko,59280r96,6
o1yxvv6q,qxko6nm8,v1ppq818,n2yn37ko,xd4y0pdm,5
o1yxvv6q,qxko6nm8,v1ppq818,n2yn37ko,ywej2rdl,7
o1yxvv6q,qxko6nm8,v1ppq818,n2yn37ko,kwj8yz9g,5
o1yxvv6q,qxko6nm8,v1ppq818,n2yn37ko,ewpz7z9n,9
o1yxvv6q,qxko6nm8,v1ppq818,n2yn37ko,y9mr51w5,8
o1yxvv6q,qxko6nm8,v1ppq818,n2yn37ko,xd02k19q,8
o1yxvv6q,5j59y0qx,o1yxvv6q,jdr17vg2,None,8
o1yxvv6q,98rl25q8,yo1yv1q5,wz27gz20,None,3
o1yxvv6q,98rl25q8,29d30dlp,nxd1rk8q,None,119
o1yxvv6q,98rl25q8,n4d7r172,q254wgdo,None,1
o1yxvv6q,98rl25q8,n4d7r172,7wk6prd1,None,16
o1yxvv6q,98rl25q8,w6j7exe6,02q4nq9d,None,2
o1yxvv6q,98rl25q8,n4d7r172,p7kjv4k3,None,5
o1yxvv6q,98rl25q8,n4d7r172,wkpjll0k,29vm0r39,2
o1yxvv6q,98rl25q8,yo1yv1q5,wdm8v332,xd026gm9,2
o1yxvv6q,98rl25q8,o1yxvv6q,xk9jn84d,None,2
o1yxvv6q,98rl25q8,w6j7y76j,n2y7q72o,None,35
o1yxvv6q,98rl25q8,yo1yv1q5,xk9g1w6d,None,18
o1yxvv6q,98rl25q8,yo1yv1q5,wdm8v332,4956vj2d,3
o1yxvv6q,98rl25q8,yo1yv1q5,4xk906k0,None,38
o1yxvv6q,98rl25q8,yo1yv1q5,vdo0nzod,None,16
o1yxvv6q,98rl25q8,o1yxvv6q,xk9jn84d,None,1
o1yxvv6q,zx75gy08,9d397edl,wk6jnrxd,None,1
o1yxvv6q,zx75gy08,9d397edl,mkezlx8k,gdrev469,1
o1yxvv6q,zx75gy08,o1yxvv6q,xk9jn84d,None,43
o1yxvv6q,zx75gy08,yo1yv1q5,wdm8v332,gdrp6l8w,6
o1yxvv6q,zx75gy08,yo1yv1q5,wdm8v332,xd10z269,1
o1yxvv6q,zx75gy08,9d397edl,9d86g9w2,None,1
o1yxvv6q,zx75gy08,9d397edl,5dwgy90k,None,1
o1yxvv6q,zx75gy08,9d397edl,mkezlx8k,ywe1ezyd,1
o1yxvv6q,zx75gy08,9d397edl,mkezlx8k,nwllvx0w,1
o1yxvv6q,zx75gy08,yo1yv1q5,wdm8v332,rw6v88p9,13
o1yxvv6q,zx75gy08,m1mm7x12,xk90gyxk,xd1p75do,34
o1yxvv6q,zx75gy08,m1mm7x12,zdnw4m7d,xd1p75do,7
o1yxvv6q,zx75gy08,m1mm7x12,zdnw4m7d,xd1p75do,4
o1yxvv6q,zx75gy08,m1mm7x12,zdnw4m7d,xd1p75do,4
o1yxvv6q,zx75gy08,m1mm7x12,zdnw4m7d,xd1p75do,9
o1yxvv6q,jprrdoy8,o1yxvv6q,xk9jn84d,None,181
o1yxvv6q,j0nm6er8,j1llwz1g,9d86ql2n,None,127
o1yxvv6q,j0nm6er8,29d30dlp,z2771020,None,12
o1yxvv6q,j0nm6er8,o1yxvv6q,xk9jn84d,None,40
o1yxvv6q,j0nm6er8,yo1yv1q5,xk9l5yk0,None,14
o1yxvv6q,j0nm6er8,yo1yv1q5,wdm8v332,495jok2w,3
o1yxvv6q,j0nm6er8,yo1yv1q5,wdm8v332,495jov2w,1
o1yxvv6q,j0nm6er8,yo1yv1q5,wdm8v332,nwl6x6pw,5
o1yxvv6q,18v055vx,o1yxvv6q,n2yj37z2,None,3
o1yxvv6q,qj2yzo8k,4d7zzr67,02qgxm7d,None,5
o1yxvv6q,qj2yzo8k,nd2ggq10,z27gj7g2,None,2
o1yxvv6q,qj2yzo8k,nd2ggq10,z27gj7g2,None,1
o1yxvv6q,qj2yzo8k,m9dok31p,mndxp12q,None,262
o1yxvv6q,qj2yzo8k,nd2ggq10,z27gj7g2,None,2
o1yxvv6q,qj2yzo8k,nd2ggq10,z27gj7g2,None,3
o1yxvv6q,qj2yzo8k,nd2ggq10,z27gj7g2,None,4
o1yxvv6q,qj2yzo8k,nd2ggq10,z27gj7g2,None,1
o1yxvv6q,qj2yzo8k,om1mx362,wkpn1jdr,None,98
o1yxvv6q,qj2yzo8k,nd2ggq10,z27gj7g2,None,3
o1yxvv6q,qj2yzo8k,nd2ggq10,z27gj7g2,None,6
o1yxvv6q,qj2yzo8k,nd2ggq10,z27gj7g2,None,1
o1yxvv6q,qj2yzo8k,nd2ggq10,z27gj7g2,None,4
o1yxvv6q,qj2yzo8k,nd2ggq10,z27gj7g2,None,6
o1yxvv6q,qj2yzo8k,yo1yv1q5,5dwp84ek,None,18
o1yxvv6q,qj2yzo8k,pd0w2v1e,5dwyynkg,None,109
o1yxvv6q,qj2yzo8k,pd0w2v1e,7kj1gnk3,None,35
o1yxvv6q,qj2yzo8k,o1yxvv6q,xk9jn84d,None,16
o1yxvv6q,qj2yzo8k,yo1yv1q5,xk9g1w6d,None,56
o1yxvv6q,qj2yzo8k,m1zn9m10,824m78e2,None,9
o1yxvv6q,qj2yzo8k,pdvjl9dw,wk6j9qed,None,3
o1yxvv6q,qj2yzo8k,m9dowk1p,wdmz69x2,None,3
o1yxvv6q,qj2yzo8k,pdvjl9dw,wdmo35kq,None,6
o1yxvv6q,qj2yzo8k,pdvjl9dw,wdmo35kq,None,5
o1yxvv6q,qj2yzo8k,pdvjl9dw,wdmo35kq,None,8
o1yxvv6q,qj2yzo8k,pdvjl9dw,wdmo35kq,None,17
o1yxvv6q,qj2yzo8k,pdvjl9dw,wdmo35kq,None,8
o1yxvv6q,qj2yzo8k,pdvjl9dw,wk6j9qed,None,3
o1yxvv6q,qj2yzo8k,v1po2p68,wkpv6jkr,None,65
o1yxvv6q,qj2yzo8k,yo1yv1q5,4xk906k0,None,95
o1yxvv6q,qj2yzo8k,j1nqoy1p,mke9x59d,None,10
o1yxvv6q,qj2yzo8k,j1nqoy1p,mke9x59d,None,13
o1yxvv6q,qj2yzo8k,76r2nvd8,xk9l93yk,None,52
o1yxvv6q,qj2yzo8k,m1mxx362,rkl0x8qk,None,116
o1yxvv6q,qj2yzo8k,m9dok31p,mndxp12q,None,41
o1yxvv6q,qj2yzo8k,yo1yv1q5,vdo0nzod,None,27
o1yxvv6q,qj2yzo8k,o1yxvv6q,xk9jn84d,None,97
o1yxvv6q,qj2yzo8k,m9dowk1p,p7kjr423,None,31
o1yxvv6q,qj2yzo8k,o1y7pv1q,mke53vnk,None,39
o1yxvv6q,qj2yzo8k,76r2nvd8,z277pvo2,None,68
o1yxvv6q,qj2yzo8k,76r2nvd8,xk9lyxgk,None,75
o1yxvv6q,qj2yzo8k,76r2nvd8,7kjr59z2,None,59
o1yxvv6q,qj2yzo8k,o1y7pv1q,mke53vnk,None,35
o1yxvv6q,qj2yzo8k,76r2nvd8,7dggz4pd,None,90
o1yxvv6q,qj2yzo8k,m1zn9m10,vdovq92p,None,12
o1yxvv6q,qj2yzo8k,76r2nvd8,xk904wvk,None,56
o1yxvv6q,qj2yzo8k,yo1yv1q5,wdm8v332,gdrp6l8w,14
o1yxvv6q,qj2yzo8k,l3dxqp1y,4xk93xk0,None,38
o1yxvv6q,qj2yzo8k,m9dowk1p,824x063d,rdqz182d,9
o1yxvv6q,qj2yzo8k,m9dowk1p,824x063d,n93qgznw,6
o1yxvv6q,qj2yzo8k,m9dowk1p,824x063d,rw6qn5rd,9
o1yxvv6q,qj2yzo8k,om1mx362,7kjvmgk3,None,639
o1yxvv6q,qj2yzo8k,nd2e9erd,vdom79v2,None,89
o1yxvv6q,qj2yzo8k,m9dok31p,zd31gy2n,4952gm9p,75
o1yxvv6q,qj2yzo8k,m9dok31p,n2yq3ezk,4952gm9p,25
o1yxvv6q,qj2yzo8k,m1zn9m10,vdovq92p,None,7
o1yxvv6q,qj2yzo8k,y65420de,xd13zwk8,None,132
o1yxvv6q,qj2yzo8k,m1mm7x12,xk90gyxk,592mqrw6,74
o1yxvv6q,qj2yzo8k,369on86l,824xm4nd,None,9
o1yxvv6q,qj2yzo8k,4pdvgodw,xd1l57k8,None,200
o1yxvv6q,qj2yzo8k,4pdvgodw,9kv7nokg,None,138
o1yxvv6q,qj2yzo8k,4pdvgodw,zd38q8kn,None,185
o1yxvv6q,qj2yzo8k,4pdvgodw,9d8xl62n,None,303
o1yxvv6q,qj2yzo8k,om1m5kd2,xk9lg6k0,None,63
o1yxvv6q,qj2yzo8k,om1m5kd2,vdo4my2p,None,124
o1yxvv6q,qj2yzo8k,2685596p,5dwj0mgk,ewplrkdn,6
o1yxvv6q,qj2yzo8k,om1m5kd2,z2776z20,None,64
o1yxvv6q,qj2yzo8k,4pdvgodw,37dg97k4,None,339
o1yxvv6q,1xyleywj,o1yxvv6q,n2yj37z2,None,5
o1yxvv6q,8w1r573x,ldejyle1,02qrw9jk,None,25
o1yxvv6q,8w1r573x,o6gn45o1,9d8npz6d,None,1
o1yxvv6q,8w1r573x,o6gn45o1,8249xzmd,None,1
o1yxvv6q,8w1r573x,o6gn45o1,rklzxor2,None,2
o1yxvv6q,8w1r573x,o6gn45o1,9kvlp1o2,None,3
o1yxvv6q,8w1r573x,46w240n6,7dg1qggd,None,2
o1yxvv6q,8w1r573x,46w240n6,7dg1qggd,None,3
o1yxvv6q,8w1r573x,46w240n6,5dwqrzld,None,1
o1yxvv6q,8w1r573x,46w240n6,q255nqw2,None,3
o1yxvv6q,8w1r573x,w6jp3e6j,82417yg2,None,2
o1yxvv6q,8w1r573x,w6jp3e6j,82417yg2,None,1
o1yxvv6q,8w1r573x,om1mx362,7kjvmgk3,None,45
o1yxvv6q,8w1r573x,om1mx362,7kjvmgk3,None,39
o1yxvv6q,8w1r573x,om1mx362,wkpn1jdr,None,88
o1yxvv6q,8w1r573x,om1mx362,7kjvmgk3,None,137
o1yxvv6q,8w1r573x,om1mx362,7kjvmgk3,None,42
o1yxvv6q,8w1r573x,o1yxvv6q,9d8jx46k,None,70
o1yxvv6q,8w1r573x,om1mx362,rklzx7n2,None,14
o1yxvv6q,8w1r573x,om1mx362,7kjvmgk3,None,355
o1yxvv6q,o865e63x,pd0wj421,zdn8wznd,None,14
o1yxvv6q,o865e63x,pd0wj421,zdn8wznd,None,36
o1yxvv6q,o865e63x,pd0wj421,mke9ne6d,None,18
o1yxvv6q,o865e63x,pd0wj421,7dgnqzp2,None,86
o1yxvv6q,o865e63x,369g821l,n2y60zdo,None,15
o1yxvv6q,o865e63x,o1yxvv6q,xk9jn84d,None,21
o1yxvv6q,o865e63x,o1yxvv6q,xk9jn84d,None,119
o1yxvv6q,o865e63x,yo1yv1q5,xk9l5yk0,None,55
o1yxvv6q,qj2qvmnj,46w7zqdr,n2yjn3e2,r9gjjqp9,3
o1yxvv6q,qj2qvmnj,46w7zqdr,7kjvxm4k,r9gjjqp9,6
o1yxvv6q,qj2qvmnj,yo1yv1q5,wdm8v332,xd026gm9,2
o1yxvv6q,qj2qvmnj,yo1yv1q5,wdm8v332,gdrek7k9,2
o1yxvv6q,qj2qvmnj,yo1yv1q5,wz27gz20,None,17
o1yxvv6q,qj2qvmnj,yo1yv1q5,wdm8v332,4956vj2d,4
o1yxvv6q,qj2qvmnj,nd2egvrd,vdo3pood,None,1
o1yxvv6q,qj2qvmnj,w6jlvv2d,02ql8mpk,None,6
o1yxvv6q,qj2qvmnj,j1nkpx1p,zdnq0gqd,None,2
o1yxvv6q,qj2qvmnj,j1nkpx1p,jdrpvyx2,None,2
o1yxvv6q,qj2qvmnj,j1nkpx1p,jdz59xvd,None,2
o1yxvv6q,qj2qvmnj,j1nkpx1p,q254gz8d,None,3
o1yxvv6q,qj2qvmnj,j1nkpx1p,xk9lrzyk,None,2
o1yxvv6q,qj2qvmnj,o1yxvv6q,q2581qj2,None,3
o1yxvv6q,qj2qvmnj,3dxkv3y1,w20njjod,None,3
o1yxvv6q,v81lroqx,j1nqoy1p,mke9x59d,None,74
o1yxvv6q,v81lroqx,o1yxvv6q,9d8jx46k,None,48
o1yxvv6q,pj0d1m9x,w6j7exe6,wkp541vd,ewp2qjj9,1
o1yxvv6q,pj0d1m9x,o1yxvv6q,xk9jn84d,None,1
o1yxvv6q,pj0d1m9x,w6j7exe6,wkp541vd,ldyrpyz9,1
o1yxvv6q,pj0d1m9x,m1zko331,02q7mr7d,owop85y9,1
o1yxvv6q,pj0d1m9x,m1zko331,02q7mr7d,xd05pn19,1
o1yxvv6q,pj0d1m9x,m1zko331,xd1q4jz2,None,1
o1yxvv6q,pj0d1m9x,m1zko331,02q7mr7d,z98kp4l9,1
o1yxvv6q,pj0d1m9x,m1zko331,02q7mr7d,5d7mpqvd,1
o1yxvv6q,pj0d1m9x,j1nenx1p,wdm4n4od,None,43
o1yxvv6q,pj0d1m9x,m1mx4y46,wkp1m6vk,kwj806r9,2
o1yxvv6q,pj0d1m9x,m1mx4y46,q25g3rwd,None,2
o1yxvv6q,pj0d1m9x,m1mx4y46,7dgn4l42,None,1
o1yxvv6q,pj0d1m9x,m1mx4y46,wdmxlg4k,None,1
o1yxvv6q,pj0d1m9x,m1mx4y46,wkp1m6vk,rw6l25nw,3
o1yxvv6q,pj0d1m9x,m1mx4y46,wkp1m6vk,gdr8r689,1
o1yxvv6q,pj0d1m9x,m1mx4y46,wkp1m6vk,5wkn0q5w,4
o1yxvv6q,pj0d1m9x,m1mx4y46,wkp1m6vk,xd02pn09,4
o1yxvv6q,pj0d1m9x,76rxlve6,wdm81942,None,16
o1yxvv6q,pj0d1m9x,w6j7exe6,wkp541vd,y9mmpex9,2
o1yxvv6q,pj0d1m9x,pd0wx9w1,zd36l5rd,None,126
o1yxvv6q,8g52nv2j,o1yxvv6q,jdr17vg2,None,8
o1yxvv6q,8g52nv2j,9d3rpowd,9kvoon82,None,240
o1yxvv6q,xy54y1m8,9j1l8v6g,r02qrpky,None,7
o1yxvv6q,xy54y1m8,9j1l8v6g,jzd3qvkn,xo9x23wl,7
o1yxvv6q,xy54y1m8,9j1l8v6g,jzd3qvkn,pr9gzjd2,8
o1yxvv6q,xy54y1m8,9j1l8v6g,xd1eg0z2,None,2
o1yxvv6q,xy54y1m8,9j1l8v6g,jzd3qvkn,jgdrjewz,9
o1yxvv6q,xy54y1m8,9j1l8v6g,jzd3qvkn,7xd0km9q,12
o1yxvv6q,xy54y1m8,o1yxvv6q,xk9jn84d,None,10
o1yxvv6q,xy54y1m8,l3dx51yv,wkpjpvkr,None,98
o1yxvv6q,xy54y1m8,qw6j21jm,02qm1mzd,None,8
o1yxvv6q,xy54y1m8,m9dowk1p,p7kjr423,None,6
o1yxvv6q,xy54y1m8,l3dx51yv,ndxjyj2q,None,299
o1yxvv6q,xy54y1m8,qw6j21jm,ndx8gnok,n9305779,3
o1yxvv6q,xy54y1m8,o1yxvv6q,xk98gj42,None,2
o1yxvv6q,xy54y1m8,qw6j21jm,ndx8gnok,rw6vp4n9,2
o1yxvv6q,xy54y1m8,o1yxvv6q,wk61oord,None,4
o1yxvv6q,8e9ennpj,o1yxvv6q,xk9jn84d,None,80
o1yxvv6q,8e9ennpj,yo1yv1q5,wdm8v332,495jok2w,15
o1yxvv6q,8e9ennpj,yo1yv1q5,wdm8v332,rw6v88p9,13
o1yxvv6q,8vozmvnx,29d30dlp,jzd3y2nq,None,23
o1yxvv6q,8vozmvnx,m9dowk1p,p7kjr423,None,22
o1yxvv6q,8vozmvnx,29d30dlp,9zdne7dq,None,19
o1yxvv6q,8vozmvnx,m1mngwxd,n2yr6w7d,None,5
o1yxvv6q,8vozmvnx,yo1yv1q5,zdnq1pqd,None,10
o1yxvv6q,8vozmvnx,o1yxvv6q,xk9jn84d,None,50
o1yxvv6q,8vozmvnx,yo1yv1q5,xk9g1w6d,None,45
o1yxvv6q,8vozmvnx,yo1yv1q5,vdo46qy2,None,10
o1yxvv6q,8vozmvnx,29d30dlp,nxd1rk8q,None,36
o1yxvv6q,8vozmvnx,o1yxvv6q,n2yj37z2,None,3
o1yxvv6q,8vozmvnx,o1yxvv6q,7kjzq1nd,None,1
o1yxvv6q,8vozmvnx,yo1yv1q5,xk9l5yk0,None,26
o1yxvv6q,8vozmvnx,n4d7r172,7wk6prd1,None,47
o1yxvv6q,8vozmvnx,29d30dlp,z2771020,None,27
o1yxvv6q,8vozmvnx,o1yxvv6q,7kjzq1nd,None,22
o1yxvv6q,8vozmvnx,qw6j21jm,ndx8gnok,n9305on9,1
o1yxvv6q,8vozmvnx,qw6j21jm,ndx8gnok,rw6vp3r9,3
o1yxvv6q,8vozmvnx,n4d7r172,wkpjll0k,kwjyqnrw,2
o1yxvv6q,8vozmvnx,29d30dlp,rkle7mw2,None,14
o1yxvv6q,8vozmvnx,o6g77862,jdrpj352,None,7
o1yxvv6q,8vozmvnx,29d30dlp,zd30m4yd,ldyezx7w,4
o1yxvv6q,8vozmvnx,29d30dlp,zd30m4yd,5d77mjed,4
o1yxvv6q,8vozmvnx,qw6j21jm,ndx8gnok,rdn5j0nd,2
o1yxvv6q,8vozmvnx,qw6j21jm,ndx8gnok,n93057n9,2
o1yxvv6q,8vozmvnx,qw6j21jm,ndx8gnok,z98jv67w,1
o1yxvv6q,8vozmvnx,qw6j21jm,ndx8gnok,ldye7yjw,1
o1yxvv6q,8vozmvnx,yo1yv1q5,wdm8v332,rw6v88p9,32
o1yxvv6q,8vozmvnx,yo1yv1q5,wdm8v332,n9305279,7
o1yxvv6q,8vozmvnx,yo1yv1q5,wdm8v332,xd10evq9,5
o1yxvv6q,8vozmvnx,yo1yv1q5,wdm8v332,z98rojpd,6
o1yxvv6q,8vozmvnx,yo1yv1q5,wdm8v332,rdn5jk5d,5
o1yxvv6q,8vozmvnx,yo1yv1q5,wdm8v332,owok17vd,16
o1yxvv6q,8vozmvnx,yo1yv1q5,wdm8v332,n930v529,4
o1yxvv6q,8vozmvnx,yo1yv1q5,wdm8v332,ewpp11yw,3
o1yxvv6q,8vozmvnx,yo1yv1q5,wdm8v332,z98jv2rw,6
o1yxvv6q,8vozmvnx,yo1yv1q5,wdm8v332,xd00mrmd,3
o1yxvv6q,8vozmvnx,yo1yv1q5,wdm8v332,rdq0p2ow,6
o1yxvv6q,8vozmvnx,yo1yv1q5,wdm8v332,rdn5jond,7
o1yxvv6q,8vozmvnx,yo1yv1q5,wdm8v332,5d7v675d,5
o1yxvv6q,8vozmvnx,29d30dlp,zd30m4yd,gdrj30kw,6
o1yxvv6q,8vozmvnx,29d30dlp,zd30m4yd,ywe4ev4d,5
o1yxvv6q,8vozmvnx,29d30dlp,zd30m4yd,z98jk31w,6
o1yxvv6q,j2y0l4p8,o1yxvv6q,xk9jn84d,None,139
o1yxvv6q,j2y0l4p8,o1yxvv6q,xk9jn84d,None,24
o1yxvv6q,qjov0y3x,y65lr81e,9kvj13jk,None,19
o1yxvv6q,qjov0y3x,o1yxvv6q,7kjzq1nd,None,6
o1yxvv6q,qjov0y3x,y65z586e,wkpvx0jk,None,7
o1yxvv6q,kjp65k8q,j1nqpw1p,9d8pe1lk,None,15
o1yxvv6q,kjp65k8q,k6qjmxdg,jdrrx00d,None,1
o1yxvv6q,kjp65k8q,m1mg9j12,xd1m7o4d,rdn5p55d,1
o1yxvv6q,kjp65k8q,m1mg9j12,xd1m7o4d,ldyepepw,1
o1yxvv6q,kjp65k8q,268o751p,w20z8n8d,None,6
o1yxvv6q,kjp65k8q,k6qjmxdg,jdrrx00d,None,3
o1yxvv6q,kjp65k8q,29d30dlp,nxd1rk8q,None,244
o1yxvv6q,kjp65k8q,o1yxvv6q,n2yj37z2,None,5
o1yxvv6q,kjp65k8q,m1mzj3d2,mkeo5y6d,None,3
o1yxvv6q,kjp65k8q,o1y0mr6q,mkem1926,None,25
o1yxvv6q,kjp65k8q,o1yp3o1q,w20zzojd,None,12
o1yxvv6q,kjp65k8q,j1lmgedg,zdn1y47k,49544o4w,10
o1yxvv6q,kjp65k8q,o1yrjk6q,5dw9ee2g,None,42
o1yxvv6q,e8ernv6j,9d3rvp0d,824155m2,None,6
o1yxvv6q,e8ernv6j,kdkz0yld,wdmln43k,None,4
o1yxvv6q,e8ernv6j,76rl7v68,z27g6n42,None,14
o1yxvv6q,e8ernv6j,76rl7v68,zdnw1m7d,None,21
o1yxvv6q,e8ernv6j,76rl7v68,q25o70wk,None,8
o1yxvv6q,e8ernv6j,o1yxvv6q,xk98gj42,None,7
o1yxvv6q,e8ernv6j,o1yxvv6q,n2yj37z2,None,17
o1yxvv6q,e8ernv6j,o1yxvv6q,wk61oord,None,12
o1yxvv6q,e8ernv6j,xv1pg718,mndx5rkq,None,320
o1yxvv6q,e8ernv6j,o1yxvv6q,xk9jn84d,None,30
o1yxvv6q,e8ernv6j,o1yxvv6q,7kjzq1nd,None,22
o1yxvv6q,j9r57rwj,om1mx362,xd1mrrrd,kwj7kqrw,1
o1yxvv6q,j9r57rwj,o1yxvv6q,9d8jx46k,None,33
o1yxvv6q,0jm59gox,46w3xv91,z27rz64d,None,1
o1yxvv6q,0jm59gox,ldemjl13,ndx8xljk,None,343
o1yxvv6q,0jm59gox,o1yxvv6q,xk9jn84d,None,12
o1yxvv6q,0jm59gox,o1yxvv6q,9d8jx46k,None,19
o1yxvv6q,0jm59gox,v1pevzd8,9kvp8xek,kwj7p80w,3
o1yxvv6q,0jm59gox,v1pevzd8,9kvp8xek,owo7yej9,3
o1yxvv6q,0jm59gox,v1pevzd8,xd1gxx7d,None,2
o1yxvv6q,0jm59gox,v1pevzd8,9kvp8xek,5d7y8eqd,3
o1yxvv6q,0jm59gox,v1pevzd8,9kvp8xek,o9x14z3d,4
o1yxvv6q,0jm59gox,v1pevzd8,9kvp8xek,495k4rm9,3
o1yxvv6q,0jm59gox,v1pevzd8,9kvp8xek,rdqzl3od,3
o1yxvv6q,0jm59gox,v1pevzd8,9d8gw06k,None,5
o1yxvv6q,0jm59gox,ldemjl13,9kvxvl02,None,95
o1yxvv6q,v8l1rm2j,n4d7r172,wkpjll0k,ldyeo4jw,5
o1yxvv6q,v8l1rm2j,n4d7r172,p7kjv4k3,None,8
o1yxvv6q,v8l1rm2j,n4d7r172,7wk6prd1,None,30
o1yxvv6q,v8l1rm2j,o1yxvv6q,7kjzq1nd,None,8
o1yxvv6q,v8l1rm2j,n4d7r172,wkpjll0k,gdrj358w,6
o1yxvv6q,v8l1rm2j,29d30dlp,nxd1rk8q,None,104
o1yxvv6q,v8l1rm2j,l3dxrgdy,vdo0r6dp,None,19
o1yxvv6q,v8l1rm2j,l3dxrgdy,q25emw2o,None,4
o1yxvv6q,v8l1rm2j,l3dxrgdy,jdz5qgxd,None,8
o1yxvv6q,98r4gkgj,om1mx362,zd3qprkn,69zxxxd1,29
o1yxvv6q,98r4gkgj,o1yxvv6q,xk9jn84d,None,37
o1yxvv6q,98r4gkgj,o1yxvv6q,xk9jn84d,None,9
o1yxvv6q,98r4gkgj,w6j7exe6,vdo598ok,xd453xpw,1
o1yxvv6q,98r4gkgj,kdk9lx6m,824pz832,None,10
o1yxvv6q,98r4gkgj,kdk9lx6m,zd3ym5n2,None,7
o1yxvv6q,98r4gkgj,kdk9lx6m,wkpqvjvd,n93go1nd,4
o1yxvv6q,98r4gkgj,o1yj0pr1,jdzl1562,r9gmrvq9,1
o1yxvv6q,98r4gkgj,o1yj0pr1,jdzl1562,kwjk3nr9,1
o1yxvv6q,98r4gkgj,w6j7exe6,vdo598ok,5926oz3d,2
o1yxvv6q,98r4gkgj,w6j7exe6,vdo598ok,5wkmrjpd,2
o1yxvv6q,98r4gkgj,w6j7exe6,vdo598ok,xd453jrw,1
o1yxvv6q,98r4gkgj,w6j7exe6,vdo598ok,y9mmpjx9,1
o1yxvv6q,98r4gkgj,w6j7exe6,vdo598ok,ldyrpyr9,1
o1yxvv6q,98r4gkgj,w6j7exe6,vdo598ok,nwlm7nr9,2
o1yxvv6q,98r4gkgj,w6j7exe6,vdo598ok,rw67nvg9,2
o1yxvv6q,98r4gkgj,4d794qg1,wkpvl3vk,None,106
o1yxvv6q,98r4gkgj,pd0mz26e,xk9ljzgk,None,38
o1yxvv6q,98r4gkgj,ldemjl13,ndx8xljk,None,54
o1yxvv6q,98r4gkgj,ldemjl13,ndx8xljk,None,45
o1yxvv6q,98r4gkgj,76rmo418,vdo4yw92,None,64
o1yxvv6q,98r4gkgj,4pdv0o1w,mkeqr46k,69zx37od,97
o1yxvv6q,98r4gkgj,om1mx362,zd3qprkn,y9myyz95,5
o1yxvv6q,98r4gkgj,om1mx362,zd3qprkn,xd4nrqwm,7
o1yxvv6q,98r4gkgj,om1mx362,zd3qprkn,xd4058q9,5
o1yxvv6q,98r4gkgj,ldemjl13,ndx8xljk,None,583
o1yxvv6q,98r4gkgj,j1nqoy1p,zd30e6vd,xd10jgy9,9
o1yxvv6q,98r4gkgj,om1mx362,zd3qprkn,69zxqxd1,17
o1yxvv6q,98r4gkgj,om1mx362,zd3qprkn,xd0l3mdq,10
o1yxvv6q,98r4gkgj,o1yxvv6q,9d8jx46k,None,16
o1yxvv6q,98r4gkgj,yo1yv1q5,wdm8v332,ewp72pjw,16
o1yxvv6q,98r4gkgj,yo1yv1q5,wdm8v332,y9m5mexd,9
o1yxvv6q,98r4gkgj,yo1yv1q5,wdm8v332,5wk2zk5w,7
o1yxvv6q,98r4gkgj,om1mx362,zd3qprkn,r9grjjw2,46
o1yxvv6q,98r4gkgj,yo1yv1q5,wdm8v332,495jok2w,34
o1yxvv6q,98r4gkgj,om1mx362,zd3qprkn,o9xk33wl,16
o1yxvv6q,98r4gkgj,om1mx362,7kjvmgk3,None,190
o1yxvv6q,98r4gkgj,om1mx362,7kjvmgk3,None,635
o1yxvv6q,98r4gkgj,yo1yv1q5,wdm8v332,xd4644q9,14
o1yxvv6q,98r4gkgj,yo1yv1q5,wdm8v332,z98jv27w,11
o1yxvv6q,98r4gkgj,yo1yv1q5,wdm8v332,ywe4k2qd,14
o1yxvv6q,98r4gkgj,yo1yv1q5,wdm8v332,xd467609,10
o1yxvv6q,98r4gkgj,yo1yv1q5,wdm8v332,y9meq5ld,27
o1yxvv6q,98r4gkgj,yo1yv1q5,wdm8v332,ywe4rkld,19
o1yxvv6q,98r4gkgj,yo1yv1q5,wdm8v332,o9x2516w,11
o1yxvv6q,98r4gkgj,yo1yv1q5,wdm8v332,xd10kez9,32
o1yxvv6q,98r4gkgj,om1mx362,zd3qprkn,nwlnpodv,9
o1yxvv6q,98r4gkgj,om1mx362,zd3qprkn,z98xn6ld,7
o1yxvv6q,98r4gkgj,om1mx362,zd3qprkn,29vj5q9v,12
o1yxvv6q,98r4gkgj,n4d7r172,wkpjll0k,kwjyqq0w,12
o1yxvv6q,98r4gkgj,29d30dlp,zd30m4yd,ywe4e04d,19
o1yxvv6q,98r4gkgj,om1mx362,zd3qprkn,ywennlwl,131
o1yxvv6q,98r4gkgj,yo1yv1q5,wdm8v332,rw6v88p9,39
o1yxvv6q,98r4gkgj,om1mx362,zd3qprkn,592067gd,6
o1yxvv6q,98r4gkgj,om1mx362,zd3qprkn,o9xkk3wl,9
o1yxvv6q,98r4gkgj,om1mx362,zd3qprkn,5wkkm75w,4
o1yxvv6q,98r4gkgj,n4d7r172,wkpjll0k,ewpp66yw,7
o1yxvv6q,98r4gkgj,o1yxvv6q,9d8jx46k,None,46
o1yxvv6q,98r4gkgj,o1yxvv6q,7kjzq1nd,None,34
o1yxvv6q,98r4gkgj,om1mx362,zd3qprkn,r9grrjw2,46
o1yxvv6q,98r4gkgj,om1mx362,zd3qprkn,rdqggo9x,33
o1yxvv6q,98r4gkgj,o1yxvv6q,jdr17vg2,None,10
o1yxvv6q,98r4gkgj,n4d7r172,wkpjll0k,xd10qqz9,11
o1yxvv6q,jp49612j,4d74qgd7,mke45ln2,None,46
o1yxvv6q,jp49612j,o1y9pyk6,mke9xe9d,5d7e0vvw,194
o1yxvv6q,jp49612j,w6jn7x1j,7kj6poz2,None,73
o1yxvv6q,jp49612j,o1yxvv6q,xk9jn84d,None,196
o1yxvv6q,mkj96vj4,29d30dlp,l9kvjkgq,None,51
o1yxvv6q,mkj96vj4,29d30dlp,nxd1rk8q,None,349
o1yxvv6q,mkj96vj4,o1yxvv6q,7kjzq1nd,None,3
o1yxvv6q,mkj96vj4,29d30dlp,jzd3y2nq,None,72
o1yxvv6q,mkj96vj4,n4d7r172,7wk6prd1,None,162
o1yxvv6q,mkj96vj4,n268e96p,7wkp02rm,None,42
o1yxvv6q,8geyry7j,ldejn951,jdrn010k,None,4
o1yxvv6q,8geyry7j,yo1yv1q5,vdo0nzod,None,7
o1yxvv6q,8geyry7j,268wvpy6,7kj9g9z2,None,1
o1yxvv6q,8geyry7j,yo1yv1q5,xk9g1w6d,None,15
o1yxvv6q,8geyry7j,yo1yv1q5,4xk906k0,None,18
o1yxvv6q,8geyry7j,o1yxvv6q,xk9jn84d,None,21
o1yxvv6q,86nprkqx,w6j7exe6,wkp541vd,rw67nvg9,2
o1yxvv6q,86nprkqx,o1yxvv6q,xk9jn84d,None,15
o1yxvv6q,86nprkqx,o1yxvv6q,wk61oord,None,2
o1yxvv6q,x35g1vej,o1yxvv6q,xk9jn84d,None,153
o1yxvv6q,gpj064jw,j1n8g91p,9kvyg8kg,None,4
o1yxvv6q,gpj064jw,4d79e0l1,vdomrly2,xd4xqe89,2
o1yxvv6q,gpj064jw,4d79e0l1,rklj4prd,ywej4v4d,2
o1yxvv6q,gpj064jw,4d79e0l1,rklj4prd,xd0xznjd,4
o1yxvv6q,gpj064jw,4d79e0l1,rklj4prd,5wkpyexd,2
o1yxvv6q,gpj064jw,4d79e0l1,rklj4prd,owoyz539,5
o1yxvv6q,gpj064jw,4d79e0l1,rklj4prd,xd4xqe89,3
o1yxvv6q,gpj064jw,4d79e0l1,rklj4prd,ewprgo4d,2
o1yxvv6q,gpj064jw,4d79e0l1,rklj4prd,xd1xgyy9,3
o1yxvv6q,gpj064jw,ldejxx13,ndx1wr2q,None,1
o1yxvv6q,gpj064jw,4d79e0l1,vdomrly2,29v2o0xd,2
o1yxvv6q,gpj064jw,4d79e0l1,vdomrly2,y9m8lg0d,3
o1yxvv6q,gpj064jw,4d79e0l1,vdomrly2,ewprgo4d,2
o1yxvv6q,gpj064jw,4d79e0l1,vdomrly2,5wkpyexd,2
o1yxvv6q,gpj064jw,4d79e0l1,wkpm80jk,None,3
o1yxvv6q,gpj064jw,4d79e0l1,vdomrly2,rw63jg6w,2
o1yxvv6q,gpj064jw,4d79e0l1,vdomrly2,5925xr69,2
o1yxvv6q,gpj064jw,4d79e0l1,vdomrly2,xd0xznjd,2
o1yxvv6q,gpj064jw,4d79e0l1,vdomrly2,owoyz539,2
o1yxvv6q,gpj064jw,4d79e0l1,9kvy50ok,None,6
o1yxvv6q,gpj064jw,4d79e0l1,rklj4prd,y9m8lg0d,4
o1yxvv6q,gpj064jw,4d79e0l1,rklj4prd,29v2o0xd,3
o1yxvv6q,gpj064jw,4d79e0l1,ndx494r2,None,2
o1yxvv6q,gpj064jw,4d79e0l1,rklj4prd,rw63jg6w,3
o1yxvv6q,gpj064jw,4d79e0l1,rklj4prd,5925xr69,4
o1yxvv6q,gpj064jw,4d79e0l1,vdomrly2,xd1xgyy9,4
o1yxvv6q,gpj064jw,m1moo362,02qplojd,xd0lg3xd,1
o1yxvv6q,gpj064jw,m1moo362,02qplojd,ldyjy8kd,1
o1yxvv6q,gpj064jw,m1moo362,zdn58qdq,None,1
o1yxvv6q,gpj064jw,m1moo362,02qplojd,rdnr027w,1
o1yxvv6q,gpj064jw,m1moo362,02qplojd,29vj3539,1
o1yxvv6q,gpj064jw,m1moo362,02qplojd,rdnr02qw,1
o1yxvv6q,gpj064jw,m1moo362,02qplojd,n9387yzw,1
o1yxvv6q,gpj064jw,m1moo362,02qplojd,z98e6gg9,1
o1yxvv6q,gpj064jw,m1moo362,02qplojd,xd4njr2w,1
o1yxvv6q,gpj064jw,m1moo362,02qplojd,n9387ynw,1
o1yxvv6q,gpj064jw,m1moo362,02qplojd,gdrge1lw,1
o1yxvv6q,gpj064jw,m1moo362,02qplojd,ldyjy8rd,1
o1yxvv6q,gpj064jw,ldejxx13,w20y45kn,None,1
o1yxvv6q,gpj064jw,46wr4n1r,vdo045vd,None,36
o1yxvv6q,gpj064jw,nd22xvd0,w20pq58k,None,122
o1yxvv6q,gpj064jw,m1moo362,02qplojd,xd1673e9,1
o1yxvv6q,gpj064jw,m1moo362,02qplojd,z98e6gp9,1
o1yxvv6q,gpj064jw,m1moo362,02qplojd,rw6r4erw,1
o1yxvv6q,gpj064jw,m1moo362,wkpmwqjk,None,1
o1yxvv6q,gpj064jw,j1n8g91p,9kv7r43k,y9my62z9,6
o1yxvv6q,gpj064jw,ldejxx13,rklv078d,z98e35r9,2
o1yxvv6q,gpj064jw,j1n8g91p,wkpvgrgk,None,2
o1yxvv6q,gpj064jw,ldejxx13,7dg9vngk,None,2
o1yxvv6q,gpj064jw,ldejxx13,rklv078d,xd0l14md,2
o1yxvv6q,gpj064jw,qw6j21jm,5dwjw40k,ldye7yjw,2
o1yxvv6q,gpj064jw,qw6j21jm,5dwjw40k,rdn5j0nd,2
o1yxvv6q,gpj064jw,o1yxvv6q,02q8l3j2,None,3
o1yxvv6q,gpj064jw,ok6qq06g,wkpjr8kr,None,27
o1yxvv6q,gpj064jw,o1yxvv6q,n2yj37z2,None,13
o1yxvv6q,gpj064jw,n4d7r172,p7kjv4k3,None,10
o1yxvv6q,gpj064jw,29d30dlp,zd30m4yd,rdn5176d,3
o1yxvv6q,gpj064jw,o1yxvv6q,wk61oord,None,3
o1yxvv6q,gpj064jw,n4d7r172,xn2yqmko,None,27
o1yxvv6q,gpj064jw,o1yxvv6q,02q8l3j2,None,7
o1yxvv6q,gpj064jw,yo1yv1q5,4xk906k0,None,118
o1yxvv6q,gpj064jw,om1mx362,7kjvmgk3,None,667
o1yxvv6q,gpj064jw,n4d7r172,wkpjll0k,gdrj3zew,6
o1yxvv6q,gpj064jw,n4d7r172,wkpjll0k,n930jv79,3
o1yxvv6q,gpj064jw,n4d7r172,wkpjll0k,o9x2ep6w,3
o1yxvv6q,gpj064jw,29d30dlp,zd30m4yd,xd005pjd,6
o1yxvv6q,gpj064jw,n4d7r172,wkpjll0k,29vyrrq9,3
o1yxvv6q,gpj064jw,29d30dlp,jzd3y2nq,None,47
o1yxvv6q,gpj064jw,8nd2gv10,wz27wgk0,None,60
o1yxvv6q,gpj064jw,29d30dlp,zd30m4yd,69zrg54d,4
o1yxvv6q,gpj064jw,46wr4n1r,vdo045vd,None,24
o1yxvv6q,gpj064jw,29d30dlp,rkle7mw2,None,40
o1yxvv6q,gpj064jw,n4d7r172,7wk6prd1,None,36
o1yxvv6q,gpj064jw,29d30dlp,nxd1rk8q,None,150
o1yxvv6q,gpj064jw,29d30dlp,9zdne7dq,None,16
o1yxvv6q,gpj064jw,29d30dlp,l9kvjkgq,None,42
o1yxvv6q,gpj064jw,ok6q4mdg,ndx1elr2,None,3
o1yxvv6q,gpj064jw,ok6q4mdg,rkl3p4nk,None,11
o1yxvv6q,gpj064jw,576rje18,7wkp1gkr,None,314
o1yxvv6q,gpj064jw,qw6j21jm,9zdnw9dq,None,4
o1yxvv6q,gpj064jw,n4d7r172,q254wgdo,None,46
o1yxvv6q,gpj064jw,n4d7r172,z27g8520,None,16
o1yxvv6q,gpj064jw,369540dl,jdz10rkv,None,32
o1yxvv6q,gpj064jw,nd2gk510,9d8wnqdn,None,7
o1yxvv6q,gpj064jw,268pjodp,zd3qwnkn,None,54
o1yxvv6q,gpj064jw,pd0zz31e,jdrqq30k,None,23
o1yxvv6q,gpj064jw,2685e76p,mke0e8d6,None,35
o1yxvv6q,gpj064jw,m1zoemd0,xd1mpewd,None,318
o1yxvv6q,gpj064jw,v1pxxz68,9d8ge6kn,None,81
o1yxvv6q,gpj064jw,v1pgjp18,5dw3g02g,29vnv1dv,12
o1yxvv6q,gpj064jw,o1yqqvdq,vdo399yd,ldy8rjw3,5
o1yxvv6q,gpj064jw,o1yqqvdq,vdo399yd,gdr108wz,4
o1yxvv6q,gpj064jw,o1yqqvdq,rklj66rd,None,5
o1yxvv6q,gpj064jw,o1yqqvdq,vdo399yd,nwlpmp9v,4
o1yxvv6q,gpj064jw,m9dowk1p,p7kjr423,None,10
o1yxvv6q,gpj064jw,v1pxxz68,zdn1zekq,None,46
o1yxvv6q,gpj064jw,kdkmwg1m,7dgnjl24,None,179
o1yxvv6q,gpj064jw,v1pxxz68,9kvy6jkg,None,496
o1yxvv6q,8vklvqyj,om1mx362,7kjvmgk3,None,54
o1yxvv6q,8vklvqyj,om1mx362,wkpn1jdr,None,30
o1yxvv6q,8vklvqyj,o1yxvv6q,9d8jx46k,None,36
o1yxvv6q,8vklvqyj,o1yxvv6q,7kjzq1nd,None,35
o1yxvv6q,8vklvqyj,o1yxvv6q,xk9jn84d,None,8
o1yxvv6q,8d3ypomx,o1yxvv6q,xk9jn84d,None,47
o1yxvv6q,8d3ypomx,yo1yv1q5,xk9l5yk0,None,18
o1yxvv6q,8d3ypomx,yo1yv1q5,wdm8v332,y9meq5ld,10
o1yxvv6q,8d3ypomx,k6q4rqzd,jdz74z3k,None,91
o1yxvv6q,8d3ypomx,k6q4rqzd,xk986z42,None,485
o1yxvv6q,8d3ypomx,yo1yv1q5,wdm8v332,495jok2w,10
o1yxvv6q,8d3ypomx,yo1yv1q5,wdm8v332,rw6v88p9,16
o1yxvv6q,8d3ypomx,yo1yv1q5,wdm8v332,xd4644q9,6
o1yxvv6q,8d3ypomx,yo1yv1q5,wdm8v332,ewppmklw,6
o1yxvv6q,8d3ypomx,o1yxvv6q,xk9jn84d,None,19
o1yxvv6q,v8107r5x,29d30dlp,nxd1rk8q,None,312
o1yxvv6q,v8107r5x,om1mx362,9d8vge6k,None,19
o1yxvv6q,v8107r5x,om1mx362,wk6jj7qd,None,7
o1yxvv6q,v8107r5x,4d7rml17,q2587nj2,None,11
o1yxvv6q,v8107r5x,4d7rml17,z273prgd,None,24
o1yxvv6q,v8107r5x,4d7rml17,jdr175n2,None,55
o1yxvv6q,v8107r5x,nd22xvd0,w20pq58k,None,1072
o1yxvv6q,v8107r5x,o1yxvv6q,9d8jx46k,None,14
o1yxvv6q,v8107r5x,o1yxvv6q,9d8jx46k,None,55
o1yxvv6q,v8107r5x,9d35xw1l,wkp0y6g2,None,4
o1yxvv6q,v8107r5x,om1mx362,7kjvmgk3,None,218
o1yxvv6q,v8107r5x,9d35xw1l,wkp0y6g2,None,2
o1yxvv6q,8q36rpwj,o1yxvv6q,xk9jn84d,None,49
o1yxvv6q,18q2erq8,o1yxvv6q,9d8jx46k,None,23
o1yxvv6q,18q2erq8,om1mx362,7kjvmgk3,None,423
o1yxvv6q,v8lln278,yo1yv1q5,wdm8v332,o9x2853w,2
o1yxvv6q,v8lln278,yo1yv1q5,4xk906k0,None,20
o1yxvv6q,v8lln278,o1yxvv6q,xk9jn84d,None,26
o1yxvv6q,v8lln278,yo1yv1q5,wdm8v332,o9x25m6w,1
o1yxvv6q,v8lln278,yo1yv1q5,wdm8v332,ewp72pjw,6
o1yxvv6q,v8lln278,yo1yv1q5,wdm8v332,n930v529,2
o1yxvv6q,v8lln278,yo1yv1q5,wdm8v332,xd10kez9,4
o1yxvv6q,v8lln278,yo1yv1q5,wdm8v332,y9m5mexd,3
o1yxvv6q,v8lln278,yo1yv1q5,xk9l5yk0,None,16
o1yxvv6q,v8lln278,yo1yv1q5,5dwp84ek,None,12
o1yxvv6q,v8lln278,yo1yv1q5,wdm8v332,ldye7ejw,2
o1yxvv6q,v8lln278,yo1yv1q5,wdm8v332,5d77k65d,4
o1yxvv6q,v8lln278,yo1yv1q5,wdm8v332,y9meq5ld,4
o1yxvv6q,v8lln278,yo1yv1q5,wdm8v332,rdn5jknd,4
o1yxvv6q,v8lln278,yo1yv1q5,wdm8v332,rdn5jk5d,2
o1yxvv6q,v8lln278,yo1yv1q5,wdm8v332,owok17vd,9
o1yxvv6q,v8lln278,yo1yv1q5,wdm8v332,ewppmklw,2
o1yxvv6q,v8lln278,yo1yv1q5,wdm8v332,rw6v88p9,7
o1yxvv6q,v8lln278,yo1yv1q5,wdm8v332,ywe4rkld,4
o1yxvv6q,v8lln278,yo1yv1q5,wdm8v332,xd467609,2
o1yxvv6q,v8lln278,yo1yv1q5,wdm8v332,gdrjm4ew,5
o1yxvv6q,v8lln278,o1yxvv6q,xk9jn84d,None,14
o1yxvv6q,v48gm28p,9do8wr31,mkev7zx2,None,2
o1yxvv6q,v48gm28p,9do8wr31,mkev7zx2,None,3
o1yxvv6q,v48gm28p,76r43l18,wkpo8v82,None,209
o1yxvv6q,v48gm28p,m9dok31p,mndxp12q,None,189
o1yxvv6q,v48gm28p,l3dxqp1y,4xk93xk0,None,24
o1yxvv6q,v48gm28p,yo1yv1q5,wz27gz20,None,15
o1yxvv6q,v48gm28p,yo1yv1q5,xk9g1w6d,None,25
o1yxvv6q,v48gm28p,om1mpk12,02qg5zdy,None,38
o1yxvv6q,v48gm28p,76rmpe18,z27344zd,None,8
o1yxvv6q,v48gm28p,yo1yv1q5,4xk906k0,None,62
o1yxvv6q,v48gm28p,yo1yv1q5,vdo0nzod,None,14
o1yxvv6q,v48gm28p,76r43l18,mkezgrnk,None,43
o1yxvv6q,v48gm28p,m1mzp4d2,9d8pjx7k,None,1
o1yxvv6q,v48gm28p,j1nmny6p,wkp7ogkr,None,30
o1yxvv6q,v48gm28p,o1yxvv6q,xk9jn84d,None,4
o1yxvv6q,v48gm28p,kdkmkq1m,q25q3qv2,None,4
o1yxvv6q,v48gm28p,46we596r,z2774qo2,None,12
o1yxvv6q,v48gm28p,46we596r,824xx4ed,None,22
o1yxvv6q,e8e0q7pj,4d7zzr67,ndx88p1k,None,3
o1yxvv6q,e8e0q7pj,j1npme6p,mkeyl926,None,263
o1yxvv6q,e8e0q7pj,268ekk6p,vdo0z8od,69zp2llw,11
o1yxvv6q,e8e0q7pj,268ekk6p,vdo0z8od,z98r7ogd,8
o1yxvv6q,e8e0q7pj,268ekk6p,n2yjz12o,None,18
o1yxvv6q,e8e0q7pj,268ekk6p,vdo0z8od,xd402529,9
o1yxvv6q,e8e0q7pj,268ekk6p,vdo0z8od,29vm7839,10
o1yxvv6q,e8e0q7pj,268ekk6p,vdo0z8od,rw6qo7rd,10
o1yxvv6q,e8e0q7pj,4d7zzr67,jdrq0onk,None,3
o1yxvv6q,e8e0q7pj,nd2ggq10,xk907lyk,None,6
o1yxvv6q,e8e0q7pj,o1yxvv6q,xk9jn84d,None,28
o1yxvv6q,e8e0q7pj,9dow271p,9kvpyv3k,None,5
o1yxvv6q,e8e0q7pj,nd2ggq10,z27gj7g2,None,18
o1yxvv6q,e8e0q7pj,nd2ggq10,z27gj7g2,None,21
o1yxvv6q,e8e0q7pj,4d7zzr67,ndx88p1k,None,41
o1yxvv6q,e8e0q7pj,4d7zzr67,ndx88p1k,None,30
o1yxvv6q,j4q796wx,yo1yv1q5,xk9l5yk0,None,59
o1yxvv6q,j4q796wx,o1yxvv6q,xk9jn84d,None,142
o1yxvv6q,8l0onkr8,om1mx362,xd1mrrrd,xd0ke509,1
o1yxvv6q,8l0onkr8,om1mx362,zd3qprkn,xd0ke509,1
o1yxvv6q,8l0onkr8,om1mx362,7kjvmgk3,None,11
o1yxvv6q,8l0onkr8,om1mx362,zdn0mp72,None,2
o1yxvv6q,8l0onkr8,om1mx362,zd3qprkn,xd0l3mdq,1
o1yxvv6q,8l0onkr8,om1mx362,xk9436d0,None,11
o1yxvv6q,8l0onkr8,om1mx362,xk9436d0,None,6
o1yxvv6q,8l0onkr8,o1yxvv6q,9d8jx46k,None,66
o1yxvv6q,8l0onkr8,om1mx362,rklzx7n2,None,5
o1yxvv6q,kjpk70kx,o1y4541q,rklgl9rd,None,3
o1yxvv6q,kjpk70kx,o1yjper1,mkew0r9k,None,2
o1yxvv6q,kjpk70kx,kdkmrzg1,zdnynqek,None,2
o1yxvv6q,kjpk70kx,kdkmrzg1,7dgy9jxd,None,1
o1yxvv6q,kjpk70kx,kdkmrzg1,w20n3xod,None,2
o1yxvv6q,kjpk70kx,kdkmrzg1,wdmr6v3k,None,4
o1yxvv6q,kjpk70kx,268em5y6,q25g84yd,None,2
o1yxvv6q,kjpk70kx,kdkv2q1m,q25jwydo,None,2
o1yxvv6q,kjpk70kx,kdkv2q1m,mke53q6k,n9306629,1
o1yxvv6q,kjpk70kx,268rmo1p,wk6758od,None,1
o1yxvv6q,kjpk70kx,268rmo1p,rkleyoq2,None,3
o1yxvv6q,kjpk70kx,kdkv2q1m,mke53q6k,ywe46old,1
o1yxvv6q,kjpk70kx,8nd2qd05,xwdmw52q,3nwlgo9v,3
o1yxvv6q,kjpk70kx,8nd2qd05,n2yqe8ko,3nwlgo9v,3
o1yxvv6q,kjpk70kx,m1zzz010,zdnrn7e2,None,2
o1yxvv6q,kjpk70kx,m1zzz010,w20145vk,None,1
o1yxvv6q,kjpk70kx,kdkv2q1m,mke53q6k,69zrk1xd,1
o1yxvv6q,kjpk70kx,kdkv2q1m,mke53q6k,nwl6rrow,1
o1yxvv6q,kjpk70kx,kdkv2q1m,mke53q6k,nwl6r8ow,2
o1yxvv6q,kjpk70kx,kdkv2q1m,mke53q6k,xd46qlq9,1
o1yxvv6q,kjpk70kx,kdkv2q1m,mke53q6k,xd10gnz9,1
o1yxvv6q,kjpk70kx,kdkv2q1m,mke53q6k,rw6vjzp9,1
o1yxvv6q,kjpk70kx,kdkv2q1m,mke53q6k,gdrj55ew,1
o1yxvv6q,kjpk70kx,kdkv2q1m,mke53q6k,ldyemmpw,1
o1yxvv6q,kjpk70kx,kdkv2q1m,mke53q6k,rdn5ee5d,1
o1yxvv6q,kjpk70kx,kdkv2q1m,mke53q6k,592jxy7w,1
o1yxvv6q,kjpk70kx,kdkv2q1m,mke53q6k,y9melnzd,1
o1yxvv6q,kjpk70kx,kdkv2q1m,mke53q6k,kwjyn20w,1
o1yxvv6q,kjpk70kx,kdkv2q1m,mke53q6k,rdq0xeow,1
o1yxvv6q,kjpk70kx,kdkv2q1m,mke53q6k,r9gzvpjd,1
o1yxvv6q,kjpk70kx,9dow9jm1,9d840r3k,None,1
o1yxvv6q,kjpk70kx,8nd2qd05,jdrvnv52,jgdrpewz,1
o1yxvv6q,kjpk70kx,kdkv2q1m,mke53q6k,ywe466ld,1
o1yxvv6q,kjpk70kx,pdv5q46w,rklxl78k,None,7
o1yxvv6q,kjpk70kx,9dow9jm1,rkllmonk,None,1
o1yxvv6q,kjpk70kx,8nd2qd05,jdrvnv52,3nwlgo9v,2
o1yxvv6q,kjpk70kx,o1yxvv6q,7dg59472,None,1
o1yxvv6q,kjpk70kx,kdkv2q1m,mke53q6k,xd00z8md,1
o1yxvv6q,kjpk70kx,kdkv2q1m,mke53q6k,owokzrjd,1
o1yxvv6q,kjpk70kx,kdkv2q1m,mke53q6k,o9x2pj3w,1
o1yxvv6q,kjpk70kx,o1yxvv6q,7dg59472,None,1
o1yxvv6q,kjpk70kx,8nd2qd05,n2yqe8ko,jgdrpewz,3
o1yxvv6q,kjpk70kx,8nd2qd05,7kjrg1g2,None,2
o1yxvv6q,kjpk70kx,8nd2qd05,xk9g5w6d,None,2
o1yxvv6q,kjpk70kx,lde39mx6,7dgn85p2,None,12
o1yxvv6q,kjpk70kx,8nd2qd05,n2yqe8ko,8ywe2lwl,3
o1yxvv6q,kjpk70kx,8nd2qd05,w5dwjnkg,None,2
o1yxvv6q,kjpk70kx,8nd2qd05,9kvp063k,jgdrpewz,3
o1yxvv6q,kjpk70kx,8nd2qd05,9kvp063k,8ywe2lwl,3
o1yxvv6q,kjpk70kx,8nd2qd05,jdre19lk,None,2
o1yxvv6q,kjpk70kx,9dow4l71,q257pqjd,None,1
o1yxvv6q,kjpk70kx,8nd2qd05,9kvp063k,3nwlgo9v,3
o1yxvv6q,kjpk70kx,8nd2qd05,wdml453k,None,2
o1yxvv6q,kjpk70kx,8nd2qd05,xwdmw52q,jgdrpewz,1
o1yxvv6q,kjpk70kx,4d799r31,9d8gyy6k,None,2
o1yxvv6q,kjpk70kx,4d799r31,wkpo0z82,None,2
o1yxvv6q,kjpk70kx,4d799r31,824rnnmd,None,2
o1yxvv6q,kjpk70kx,4d794og1,zd37zle2,29v2gjqd,1
o1yxvv6q,kjpk70kx,4d794og1,zd37zle2,nwl30now,1
o1yxvv6q,kjpk70kx,4d794og1,zd37zle2,69zz7xx9,2
o1yxvv6q,kjpk70kx,4d794og1,zd37zle2,ewprneyd,1
o1yxvv6q,kjpk70kx,4d794og1,zd37zle2,5wkp08vd,2
o1yxvv6q,kjpk70kx,4d794og1,zd37zle2,gdr2rge9,2
o1yxvv6q,kjpk70kx,4d794og1,zd37zle2,rdnn3r5d,1
o1yxvv6q,kjpk70kx,4d794og1,zd37zle2,o9x46k3d,1
o1yxvv6q,kjpk70kx,4d794og1,zd37zle2,owoy8lj9,2
o1yxvv6q,kjpk70kx,4d794og1,zd37zle2,5925m379,1
o1yxvv6q,kjpk70kx,4d794og1,zd37zle2,y9m80yzd,2
o1yxvv6q,kjpk70kx,4d794og1,zd37zle2,rdqlygow,2
o1yxvv6q,kjpk70kx,4d794og1,zd37zle2,kwjp030w,1
o1yxvv6q,kjpk70kx,4d794og1,zd37zle2,n93ok829,1
o1yxvv6q,kjpk70kx,4d794og1,zd37zle2,z98nper9,1
o1yxvv6q,kjpk70kx,4d794og1,zd37zle2,ldy2q27w,1
o1yxvv6q,kjpk70kx,4d794og1,zd37zle2,xd4xpx89,2
o1yxvv6q,kjpk70kx,4d794og1,zd37zle2,xd0xpxjd,4
o1yxvv6q,kjpk70kx,4d794og1,zd37zle2,rw63236w,2
o1yxvv6q,kjpk70kx,4d794og1,zd37zle2,z98npn19,3
o1yxvv6q,kjpk70kx,4d794og1,zd37zle2,rdnn3n6d,3
o1yxvv6q,kjpk70kx,4d794og1,zd37zle2,5925m569,2
o1yxvv6q,kjpk70kx,4d794og1,zd37zle2,29v2g2xd,2
o1yxvv6q,kjpk70kx,4d794og1,zd37zle2,n93okor9,4
o1yxvv6q,kjpk70kx,8nd2qd05,xwdmw52q,8ywe2lwl,3
o1yxvv6q,kjpk70kx,9dojko6p,9kvr1o2g,None,11
o1yxvv6q,kjpk70kx,w6jwx51j,jdz56m6d,None,2
o1yxvv6q,kjpk70kx,2685wy6p,rklj11rd,None,4
o1yxvv6q,kjpk70kx,4d794og1,wkpvlojk,None,2
o1yxvv6q,kjpk70kx,4d79jz17,wdmw8x2q,None,38
o1yxvv6q,kjpk70kx,k6q4w9md,rklq5nr2,None,1
o1yxvv6q,dx3n73kj,om1mx362,7kjvmgk3,None,335
o1yxvv6q,dx3n73kj,o1yxvv6q,9d8jx46k,None,32
o1yxvv6q,dx3n73kj,om1mx362,n2yp8m2o,None,36
o1yxvv6q,dx3n73kj,946wxq1r,mkeo6jd6,None,70
o1yxvv6q,dx3n73kj,nd274r10,wdmvg3dq,None,10
o1yxvv6q,x7q1ywy8,o6gxkxd2,9kvpqrjk,None,224
o1yxvv6q,x7q1ywy8,o1yxvv6q,9d8jx46k,None,31
o1yxvv6q,v8l7nljm,m9dowk1p,z27g7eo2,None,1
o1yxvv6q,v8l7nljm,qw6j21jm,9zdnw9dq,None,4
o1yxvv6q,v8l7nljm,o1yxvv6q,wk61oord,None,5
o1yxvv6q,v8l7nljm,qw6j21jm,xk90lzgk,None,2
o1yxvv6q,v8l7nljm,qw6j21jm,vdo40e62,None,8
o1yxvv6q,v8l7nljm,w6jg546j,q25x7jko,None,4
o1yxvv6q,zx73ov6j,o1yxvv6q,xk9jn84d,None,36
o1yxvv6q,pj0v239x,9dowkk1p,7kjrj323,None,9
o1yxvv6q,pj0v239x,o1yxvv6q,xk9jn84d,None,163
o1yxvv6q,pj0v239x,yo1yv1q5,4xk906k0,None,127
o1yxvv6q,pj0v239x,j1nwle1p,xk9l4vgk,None,2
o1yxvv6q,j4re6w58,om1mx362,wk6jj7qd,None,9
o1yxvv6q,j4re6w58,om1mx362,7kjvmgk3,None,44
o1yxvv6q,j4re6w58,om1mx362,7kjvmgk3,None,60
o1yxvv6q,j4re6w58,om1mx362,wkpn1jdr,None,24
o1yxvv6q,j4re6w58,om1mx362,7kjvmgk3,None,44
o1yxvv6q,j4re6w58,o1yxvv6q,xk9jn84d,None,16
o1yxvv6q,j4re6w58,om1mx362,7kjvmgk3,None,51
o1yxvv6q,j4re6w58,om1mx362,7kjvmgk3,None,40
o1yxvv6q,j4re6w58,w6j7exe6,wkp541vd,z98o8zld,2
o1yxvv6q,j4re6w58,w6j7exe6,wkp541vd,rdnmplv9,2
o1yxvv6q,j4re6w58,om1mx362,7kjvmgk3,None,41
o1yxvv6q,j4re6w58,j1nqoy1p,02qmlyyd,None,159
o1yxvv6q,j4re6w58,yd478gde,rklj86nd,None,8
o1yxvv6q,j4re6w58,w6j7exe6,wkp541vd,69zl4n4d,2
o1yxvv6q,j4re6w58,om1mx362,7kjvmgk3,None,165
o1yxvv6q,j4re6w58,o1yxvv6q,9d8jx46k,None,20
o1yxvv6q,j4re6w58,o1yxvv6q,9d8jx46k,None,45
o1yxvv6q,j4re6w58,w6j7exe6,wkp541vd,gdr0qezd,2
o1yxvv6q,j4re6w58,o1yxvv6q,xk9jn84d,None,12
o1yxvv6q,j4re6w58,om1mx362,7kjvmgk3,None,476
o1yxvv6q,j4re6w58,om1mx362,zd3qprkn,r9grjjw2,126
o1yxvv6q,j4re6w58,om1mx362,zd3qprkn,rdqg3o9x,13
o1yxvv6q,1xyrnewj,nj1nee1p,gq254vdo,None,54
o1yxvv6q,1xyrnewj,o1yxvv6q,xk9jn84d,None,4
o1yxvv6q,1xyrnewj,29d30dlp,nxd1rk8q,None,320
o1yxvv6q,1xyrnewj,yo1yv1q5,4xk906k0,None,94
o1yxvv6q,1xyrnewj,qw6j21jm,ndx8gnok,xd00rg0d,3
o1yxvv6q,pj0o2z9j,o1yxvv6q,xk9jn84d,None,83
o1yxvv6q,48g06prx,pdvzg3v6,7dgro34k,xd42k38w,1
o1yxvv6q,48g06prx,4d7mjld7,7kj634z2,owoqo43d,3
o1yxvv6q,48g06prx,o1yxvv6q,xk9jn84d,None,1
o1yxvv6q,48g06prx,nd2lev60,5dw8lend,kwjpm5zw,15
o1yxvv6q,48g06prx,o6gl8v8d,7dg46mpd,None,20
o1yxvv6q,48g06prx,yo1yv1q5,wdm8v332,z98jvr7w,2
o1yxvv6q,48g06prx,j1lvy7dg,q25q70w2,None,16
o1yxvv6q,48g06prx,yo1yv1q5,wdm8v332,495j3omw,2
o1yxvv6q,48g06prx,pd0ejl1e,5dw89eld,n934nved,19
o1yxvv6q,48g06prx,4d79vvr1,w20v18ok,kwj3y0zd,5
o1yxvv6q,48g06prx,4d79vvr1,n2y7jv12,None,3
o1yxvv6q,48g06prx,268e3e96,q257r3gd,None,15
o1yxvv6q,48g06prx,4d790zr1,02ql96pk,None,11
o1yxvv6q,48g06prx,yd4ozjw1,q257yryd,n93ove29,3
o1yxvv6q,48g06prx,yd4ozjw1,q257yryd,z98nyqr9,2
o1yxvv6q,48g06prx,yd4ozjw1,q257yryd,rdnn685d,1
o1yxvv6q,48g06prx,yd4ozjw1,q257yryd,ldy2n6pw,1
o1yxvv6q,48g06prx,yd4ozjw1,q257yryd,gdr2mle9,3
o1yxvv6q,48g06prx,yd4ozjw1,q257yryd,nwl3q1ow,1
o1yxvv6q,48g06prx,yd4ozjw1,q257yryd,ywelrgl9,1
o1yxvv6q,48g06prx,yd4ozjw1,q257yryd,69zzyjx9,1
o1yxvv6q,48g06prx,yd4ozjw1,q257yryd,r9gxe5jw,1
o1yxvv6q,48g06prx,yd4ozjw1,q257yryd,o9x48q3d,1
o1yxvv6q,48g06prx,3dx28q51,zdn1e4qk,kwjp28zw,5
o1yxvv6q,48g06prx,3dx28q51,9kvy45ok,None,5
o1yxvv6q,48g06prx,3dx28q51,9kvy45ok,None,6
o1yxvv6q,48g06prx,3dx28q51,ndx1oz52,None,4
o1yxvv6q,48g06prx,9d32v01l,xd17mn8d,None,46
o1yxvv6q,48g06prx,3dx28q51,rklj74rd,None,5
o1yxvv6q,48g06prx,3dx28q51,zdn1e4qk,kwjp28zw,7
o1yxvv6q,48g06prx,3dx28q51,9d8gmq6k,None,5
o1yxvv6q,48g06prx,lde30nj6,mkerg6xd,rdqlkxkw,1
o1yxvv6q,48g06prx,lde30nj6,mkerg6xd,5d78mogw,2
o1yxvv6q,48g06prx,lde30nj6,mkerg6xd,kwjpqnnw,2
o1yxvv6q,48g06prx,lde30nj6,mkerg6xd,owoypzo9,2
o1yxvv6q,48g06prx,nd2v0510,wdm47x4d,None,7
o1yxvv6q,48g06prx,lde30nj6,mkerg6xd,ywele6y9,3
o1yxvv6q,48g06prx,lde30nj6,mkerg6xd,69zzgkl9,5
o1yxvv6q,48g06prx,lde30nj6,mkerg6xd,r9gxgv5w,2
o1yxvv6q,48g06prx,lde30nj6,mkerg6xd,o9x4ep0d,3
o1yxvv6q,48g06prx,lde30nj6,mkerg6xd,4954170w,5
o1yxvv6q,48g06prx,nd2lev60,5dw8lend,5wkpvjqd,3
o1yxvv6q,48g06prx,pdvzr8o6,rklj8g6d,None,2
o1yxvv6q,48g06prx,y658506e,mke5px9k,None,252
o1yxvv6q,48g06prx,om1m3625,xd1em828,None,147
o1yxvv6q,48g06prx,268e5056,7kjqyq3d,kwjp6lzw,5
o1yxvv6q,48g06prx,pdvzr8o6,824romed,69zzer49,2
o1yxvv6q,48g06prx,pdvzr8o6,824romed,r9gxqz2w,2
o1yxvv6q,48g06prx,pdvzr8o6,824romed,rdql40gw,2
o1yxvv6q,48g06prx,pdvzr8o6,824romed,kwjp4y1w,2
o1yxvv6q,48g06prx,pdvzr8o6,824romed,owoy4k39,2
o1yxvv6q,48g06prx,pdvzr8o6,824romed,gdr26jk9,2
o1yxvv6q,48g06prx,pdvzr8o6,824romed,5d78q7ew,2
o1yxvv6q,48g06prx,pdvzr8o6,824romed,o9x4r27d,4
o1yxvv6q,48g06prx,pdvzr8o6,824romed,xd0x60jd,4
o1yxvv6q,48g06prx,pdvzr8o6,824romed,o9x4ojpd,11
o1yxvv6q,48g06prx,kdkzeoqd,9kvygx3k,owoy8039,9
o1yxvv6q,48g06prx,yo1yv1q5,wdm8v332,nwl6xkpw,2
o1yxvv6q,48g06prx,yo1yv1q5,wdm8v332,5wk2zk5w,2
o1yxvv6q,48g06prx,yo1yv1q5,wdm8v332,gdrj4j8w,2
o1yxvv6q,48g06prx,yo1yv1q5,wdm8v332,29vyey19,4
o1yxvv6q,48g06prx,yo1yv1q5,wdm8v332,xd00mmmd,3
o1yxvv6q,48g06prx,yo1yv1q5,wdm8v332,ewpp1myw,3
o1yxvv6q,48g06prx,yo1yv1q5,wdm8v332,rw6v8pp9,1
o1yxvv6q,48g06prx,o6g5r912,9kvjl3ok,gdrq3rk9,4
o1yxvv6q,48g06prx,j1n07edp,w2016wok,None,4
o1yxvv6q,48g06prx,j1n07edp,n2yj0312,69z3p6gd,1
o1yxvv6q,48g06prx,j1n07edp,w2016wok,None,5
o1yxvv6q,48g06prx,4d7pg3d7,wkpnxgdr,xd13g59o,1
o1yxvv6q,48g06prx,4d7pg3d7,7dgyj7d4,kwj8n79g,1
o1yxvv6q,48g06prx,4d7pg3d7,wkpnxgdr,kwj8n79g,1
o1yxvv6q,48g06prx,4d7pg3d7,zd36qnrd,None,3
o1yxvv6q,48g06prx,yo1yv1q5,wdm8v332,kwjee2z9,2
o1yxvv6q,48g06prx,o1y90426,7dg9m8gk,None,8
o1yxvv6q,48g06prx,4d790wz1,7dg9n07k,None,3
o1yxvv6q,48g06prx,4d790wz1,mker9l8d,5wkpgj2d,1
o1yxvv6q,48g06prx,4d72yr67,z27o110d,gdr2p3k9,1
o1yxvv6q,48g06prx,4d72yr67,z27o110d,nwl3gjgw,1
o1yxvv6q,48g06prx,4d72yr67,z27o110d,4954k14w,1
o1yxvv6q,48g06prx,4d72yr67,zdn188ek,gdr2p3k9,2
o1yxvv6q,48g06prx,4d72yr67,zdn188ek,nwl3gjgw,1
o1yxvv6q,48g06prx,4d72yr67,z27o110d,ldy21v7w,1
o1yxvv6q,48g06prx,4d72yr67,jdzpvjrk,None,4
o1yxvv6q,48g06prx,4d72yr67,z27o110d,rdnnov6d,1
o1yxvv6q,48g06prx,4d72yr67,zdn188ek,rdnnov6d,1
o1yxvv6q,48g06prx,4d72yr67,zdn188ek,ldy21v7w,1
o1yxvv6q,48g06prx,4d72yr67,zdn188ek,69zzpg49,1
o1yxvv6q,48g06prx,4d72yr67,zdn188ek,ywel2e49,1
o1yxvv6q,48g06prx,4d72yr67,zdn188ek,r9gxyg2w,1
o1yxvv6q,48g06prx,4d72yr67,zdn188ek,o9x41e7d,1
o1yxvv6q,48g06prx,4d72yr67,zdn188ek,4954k14w,1
o1yxvv6q,48g06prx,4d72yr67,zdn188ek,rdqlzkgw,1
o1yxvv6q,48g06prx,4d72yr67,jdzpvjrk,None,1
o1yxvv6q,48g06prx,4d72yr67,z27o110d,r9gxyg2w,1
o1yxvv6q,48g06prx,4d72yr67,z27o110d,o9x41e7d,1
o1yxvv6q,48g06prx,4d72yr67,z27o110d,69zzpg49,1
o1yxvv6q,48g06prx,4d72yr67,7kjqqr4d,None,2
o1yxvv6q,48g06prx,4d72yr67,z27o110d,rdqlzkgw,1
o1yxvv6q,48g06prx,pdvzg3v6,wkpo4ev2,None,1
o1yxvv6q,48g06prx,pdvzg3v6,7dgro34k,rw6omn6w,1
o1yxvv6q,48g06prx,pdvzg3v6,7dgro34k,xd0q47j9,1
o1yxvv6q,48g06prx,pdvzg3v6,7dgro34k,29v7zkx9,2
o1yxvv6q,48g06prx,pdvzg3v6,7dgro34k,nwlo2lgw,1
o1yxvv6q,48g06prx,pdvzg3v6,7dgro34k,n934mgrd,1
o1yxvv6q,48g06prx,pdvzg3v6,7dgro34k,z987m81w,1
o1yxvv6q,48g06prx,pdvzg3v6,7dgro34k,rdnzqp6d,1
o1yxvv6q,48g06prx,pdvzg3v6,7dgro34k,69z28349,1
o1yxvv6q,48g06prx,pdvzg3v6,7dgro34k,ywe5q14w,1
o1yxvv6q,48g06prx,pdvzg3v6,7dgro34k,gdrxyekd,1
o1yxvv6q,48g06prx,pdvzg3v6,7dgro34k,ldyg3p7d,1
o1yxvv6q,48g06prx,9d3r7gyd,02qljnzk,None,3
o1yxvv6q,48g06prx,xv1pzd8r,vdo06odp,None,134
o1yxvv6q,48g06prx,pdvzg3v6,7dgro34k,xd1245yw,1
o1yxvv6q,48g06prx,pdvzg3v6,7dgro34k,5wk6qrx9,1
o1yxvv6q,48g06prx,pdvzg3v6,7dgro34k,y9mx2p0w,1
o1yxvv6q,48g06prx,nd2eryvd,wkpvo58k,xd42lg8w,12
o1yxvv6q,48g06prx,pdvzg3v6,ndxmxx52,owo6323w,1
o1yxvv6q,48g06prx,pdvzg3v6,7dgro34k,ewpx8q4d,1
o1yxvv6q,48g06prx,pdvzg3v6,7dgro34k,592q4o69,1
o1yxvv6q,48g06prx,9d3r7gyd,9kvyxv0k,None,2
o1yxvv6q,48g06prx,9d3r7gyd,824rp73d,None,1
o1yxvv6q,48g06prx,9d3r7gyd,9d8gvqqk,None,3
o1yxvv6q,48g06prx,y658506e,rklezor2,None,280
o1yxvv6q,48g06prx,y658506e,wk613yxd,None,64
o1yxvv6q,48g06prx,o6g5r912,9kvjl3ok,29vkrnxd,3
o1yxvv6q,48g06prx,y658506e,z2735nod,None,130
o1yxvv6q,48g06prx,4d7yqzd7,n2yjrxz2,None,5
o1yxvv6q,48g06prx,3dx2zvp1,rklqpen2,o9x7gl1d,1
o1yxvv6q,48g06prx,3dx2zvp1,rklqpen2,o9x7gl1d,1
o1yxvv6q,48g06prx,9d3r7vwd,rklqpl82,xd0q12j9,6
o1yxvv6q,48g06prx,pdvm7vdw,zd3y65v2,xd100jz9,3
o1yxvv6q,48g06prx,o1y92gk6,9kvm7w0k,592z6869,5
o1yxvv6q,48g06prx,k6q5em6g,zdnrw1e2,None,3
o1yxvv6q,48g06prx,k6q5em6g,zdnrw1e2,None,7
o1yxvv6q,48g06prx,k6q5em6g,q258o7y2,o9xl1e79,9
o1yxvv6q,48g06prx,pdvzg3v6,7dgro34k,owo6323w,5
o1yxvv6q,48g06prx,pdvzg3v6,zdn4jv9k,owo6323w,1
o1yxvv6q,48g06prx,yo1yv1q5,wdm8v332,ldye74jw,3
o1yxvv6q,48g06prx,yo1yv1q5,wdm8v332,ewppm7lw,3
o1yxvv6q,48g06prx,9doqx31p,wdm4135d,None,3
o1yxvv6q,48g06prx,76rxw7q6,9d86vmq2,5d7vx2qd,4
o1yxvv6q,48g06prx,j1ne7991,vdoo09od,69z3n5ld,2
o1yxvv6q,48g06prx,yo1yv1q5,wdm8v332,owoko1jd,3
o1yxvv6q,48g06prx,yo1yv1q5,wdm8v332,29vy44q9,2
o1yxvv6q,48g06prx,yo1yv1q5,wdm8v332,69zrom6d,1
o1yxvv6q,48g06prx,yo1yv1q5,wdm8v332,ywe4kzqd,5
o1yxvv6q,48g06prx,46wqlq6r,wkpqgqjd,29vkp2nd,1
o1yxvv6q,48g06prx,46wqlq6r,wkpqgqjd,592op5rd,1
o1yxvv6q,48g06prx,yo1yv1q5,wdm8v332,o9x2853w,5
o1yxvv6q,48g06prx,46wqlq6r,wkpqgqjd,rdnpgnv9,3
o1yxvv6q,48g06prx,268gw5dp,q25q4pj2,None,2
o1yxvv6q,48g06prx,268e3e96,q257r3gd,None,79
o1yxvv6q,48g06prx,o1y92gk6,9kvm7w0k,29v38lxw,3
o1yxvv6q,48g06prx,o1y92gk6,9kvm7w0k,rw647l69,4
o1yxvv6q,48g06prx,268gw5dp,q25q4pj2,None,1
o1yxvv6q,48g06prx,o1y92gk6,9kvm7w0k,xd0ge2jw,3
o1yxvv6q,48g06prx,o1y92gk6,9kvm7w0k,xd4j5y8d,7
o1yxvv6q,48g06prx,m1mxvyx6,xd1elw42,ewpj21kw,11
o1yxvv6q,48g06prx,m1mxvyx6,xk9gnwyd,None,15
o1yxvv6q,48g06prx,w6j7exe6,wkp541vd,ewp2qpj9,4
o1yxvv6q,48g06prx,3dx22251,jdz87nvd,None,4
o1yxvv6q,48g06prx,3dx22251,z276lvgd,None,2
o1yxvv6q,48g06prx,yo1yv1q5,wdm8v332,5d7v675d,3
o1yxvv6q,48g06prx,om1m3625,mke8vjk6,None,147
o1yxvv6q,48g06prx,268lm71p,9kvjvzjk,None,6
o1yxvv6q,48g06prx,xv1pzd8r,02qg807d,None,51
o1yxvv6q,48g06prx,om1m3625,w20p0zkn,None,1516
o1yxvv6q,48g06prx,xv1pzd8r,02qg807d,None,51
o1yxvv6q,48g06prx,yo1yv1q5,wdm8v332,rdq0p2ow,3
o1yxvv6q,48g06prx,46wqlq6r,wkpqgqjd,ldyp02zd,3
o1yxvv6q,48g06prx,46wqlq6r,wkpqgqjd,gdrq72z9,2
o1yxvv6q,48g06prx,46wqlq6r,wkpqgqjd,4958nrj9,3
o1yxvv6q,48g06prx,om1m3625,5dwv95kg,None,105
o1yxvv6q,48g06prx,46wqlq6r,wkpqgqjd,69z40zow,2
o1yxvv6q,48g06prx,yo1yv1q5,wdm8v332,nwl6qxow,5
o1yxvv6q,48g06prx,yo1yv1q5,wdm8v332,xd00mrmd,2
o1yxvv6q,48g06prx,yo1yv1q5,wdm8v332,kwjyl7rw,2
o1yxvv6q,48g06prx,yo1yv1q5,wdm8v332,r9gze0jd,2
o1yxvv6q,48g06prx,yo1yv1q5,wdm8v332,owo0gkvw,1
o1yxvv6q,48g06prx,yo1yv1q5,wdm8v332,rdn5jond,6
o1yxvv6q,48g06prx,yo1yv1q5,wdm8v332,5d77ky5d,2
o1yxvv6q,48g06prx,yo1yv1q5,wdm8v332,r9gz0zqd,3
o1yxvv6q,48g06prx,yo1yv1q5,wdm8v332,z98jvj7w,2
o1yxvv6q,48g06prx,yo1yv1q5,wdm8v332,rdn5jknd,3
o1yxvv6q,48g06prx,yo1yv1q5,wdm8v332,ldyy48rd,3
o1yxvv6q,48g06prx,j1lgm7dg,xd1er772,kwj51y19,1
o1yxvv6q,48g06prx,j1lgm7dg,rklqxqr2,None,2
o1yxvv6q,48g06prx,pd0jl26e,wdmwzz52,None,2
o1yxvv6q,48g06prx,y659je1e,jdz8q53d,None,3
o1yxvv6q,48g06prx,y659je1e,8246ypmd,None,2
o1yxvv6q,48g06prx,y659je1e,jdrxgpgd,None,3
o1yxvv6q,48g06prx,y659je1e,wk67mpqd,None,4
o1yxvv6q,48g06prx,y659je1e,9d867v62,None,4
o1yxvv6q,48g06prx,y659je1e,5dw50jed,None,3
o1yxvv6q,48g06prx,y659je1e,xd1e6m72,None,2
o1yxvv6q,48g06prx,y659je1e,wkpopjg2,None,5
o1yxvv6q,48g06prx,y659je1e,xk9gy04d,None,3
o1yxvv6q,48g06prx,o6gv0862,jdz395x2,None,5
o1yxvv6q,48g06prx,y659je1e,02qoqjjk,None,1
o1yxvv6q,48g06prx,y659je1e,n2y54qzk,None,1
o1yxvv6q,48g06prx,k6qew96g,7kjzy63d,None,23
o1yxvv6q,48g06prx,k6qew96g,n2yjw0m2,None,13
o1yxvv6q,48g06prx,46wqlq6r,wkpqgqjd,z988lnl9,3
o1yxvv6q,48g06prx,46wqlq6r,wkpqgqjd,n93g3oed,2
o1yxvv6q,48g06prx,46wqlq6r,wkpqgqjd,rw6ny37d,1
o1yxvv6q,48g06prx,46wqlq6r,wkpqgqjd,xd07ox1w,1
o1yxvv6q,48g06prx,46wqlq6r,wkpqgqjd,xd438xp9,2
o1yxvv6q,48g06prx,y65po0de,z273zpgd,None,1
o1yxvv6q,48g06prx,46wqlq6r,wkpqgqjd,69z40xow,1
o1yxvv6q,48g06prx,46wqlq6r,wkpqgqjd,rw6nyr7d,1
o1yxvv6q,48g06prx,46wqlq6r,wkpqgqjd,kwjer3z9,1
o1yxvv6q,48g06prx,46wqlq6r,wkpqgqjd,xd15166w,1
o1yxvv6q,48g06prx,46wqlq6r,wkpqgqjd,592op3rd,1
o1yxvv6q,48g06prx,46wqlq6r,wkpqgqjd,xd07ol1w,1
o1yxvv6q,48g06prx,46wqlq6r,wkpqgqjd,ywe8plrw,1
o1yxvv6q,48g06prx,o6gp2862,xd13epzk,owo2l73d,5
o1yxvv6q,48g06prx,o6gp2862,xd13epzk,ldyp25jd,7
o1yxvv6q,48g06prx,yo1yv1q5,wdm8v332,5wk2zg5w,2
o1yxvv6q,48g06prx,o6gp2862,xd13epzk,592o3j6d,3
o1yxvv6q,48g06prx,o6gp2862,xd13epzk,gdrq2889,3
o1yxvv6q,48g06prx,o6gp2862,xd13epzk,rdnpnln9,5
o1yxvv6q,48g06prx,yo1yv1q5,wdm8v332,gdrek7k9,7
o1yxvv6q,48g06prx,nd2v0510,vdoqn8ok,None,5
o1yxvv6q,48g06prx,yo1yv1q5,wdm8v332,z9888kl9,2
o1yxvv6q,48g06prx,yo1yv1q5,wdm8v332,n93ggjed,4
o1yxvv6q,48g06prx,yo1yv1q5,wdm8v332,5d733gv9,2
o1yxvv6q,48g06prx,yo1yv1q5,wdm8v332,kwjylorw,2
o1yxvv6q,48g06prx,yo1yv1q5,wdm8v332,69zryoxd,3
o1yxvv6q,48g06prx,yo1yv1q5,wdm8v332,gdrj4k8w,2
o1yxvv6q,48g06prx,yo1yv1q5,wdm8v332,owok1gvd,2
o1yxvv6q,48g06prx,yo1yv1q5,wdm8v332,nwl6xgpw,2
o1yxvv6q,48g06prx,yo1yv1q5,wdm8v332,rw6vpvn9,2
o1yxvv6q,48g06prx,yo1yv1q5,wdm8v332,69zror6d,2
o1yxvv6q,48g06prx,yo1yv1q5,wdm8v332,kwjyxl0w,2
o1yxvv6q,48g06prx,yo1yv1q5,wdm8v332,69zrop6d,2
o1yxvv6q,48g06prx,yo1yv1q5,wdm8v332,gdrj4p8w,2
o1yxvv6q,48g06prx,yo1yv1q5,wdm8v332,495jov2w,3
o1yxvv6q,48g06prx,yo1yv1q5,wdm8v332,ewpp11yw,6
o1yxvv6q,48g06prx,yo1yv1q5,wdm8v332,z98jyvrw,2
o1yxvv6q,48g06prx,2687q9dp,824mr3e2,None,2
o1yxvv6q,48g06prx,yo1yv1q5,wdm8v332,o9xllj19,2
o1yxvv6q,48g06prx,yo1yv1q5,wdm8v332,rdq11e19,2
o1yxvv6q,48g06prx,yo1yv1q5,wdm8v332,r9g33pkw,1
o1yxvv6q,48g06prx,o1yxvv6q,xk9jn84d,None,79
o1yxvv6q,48g06prx,yo1yv1q5,wdm8v332,xd10ejq9,4
o1yxvv6q,48g06prx,yo1yv1q5,wdm8v332,rdq02zmw,2
o1yxvv6q,48g06prx,yo1yv1q5,wdm8v332,rdn56j5d,1
o1yxvv6q,48g06prx,yo1yv1q5,wdm8v332,y9me7qzd,3
o1yxvv6q,48g06prx,yo1yv1q5,wdm8v332,5d77nkqd,5
o1yxvv6q,48g06prx,o1yxvv6q,7dg59472,None,6
o1yxvv6q,48g06prx,yo1yv1q5,wdm8v332,z98jv27w,4
o1yxvv6q,48g06prx,yo1yv1q5,wdm8v332,592j227w,2
o1yxvv6q,48g06prx,yo1yv1q5,wdm8v332,ldye74pw,3
o1yxvv6q,48g06prx,yo1yv1q5,wdm8v332,r9gz0kqd,4
o1yxvv6q,48g06prx,yo1yv1q5,wdm8v332,n9305079,3
o1yxvv6q,48g06prx,yo1yv1q5,wdm8v332,xd00r00d,3
o1yxvv6q,48g06prx,yo1yv1q5,wdm8v332,xd467009,3
o1yxvv6q,48g06prx,yo1yv1q5,wdm8v332,5d77k65d,6
o1yxvv6q,48g06prx,o1y8kkdq,xd1mn5zd,None,4
o1yxvv6q,48g06prx,w6j03xdj,9kvj3mek,xd078kxw,4
o1yxvv6q,48g06prx,29d30dlp,zd30m4yd,5920rlgd,1
o1yxvv6q,48g06prx,yo1yv1q5,wdm8v332,y9meqkld,3
o1yxvv6q,48g06prx,268lr51p,zd3l0vvd,None,1
o1yxvv6q,48g06prx,268lr51p,zd3l0vvd,None,1
o1yxvv6q,48g06prx,268lr51p,9kvjpq8k,None,1
o1yxvv6q,48g06prx,268lr51p,zd3l0vvd,None,1
o1yxvv6q,48g06prx,268lr51p,zd3l0vvd,None,1
o1yxvv6q,48g06prx,268lr51p,xd13r14k,None,1
o1yxvv6q,48g06prx,268lr51p,xd13r14k,None,1
o1yxvv6q,48g06prx,268lr51p,9kvjpq8k,None,1
o1yxvv6q,48g06prx,268lr51p,xd13r14k,None,1
o1yxvv6q,48g06prx,268lr51p,xd13r14k,None,1
o1yxvv6q,48g06prx,yo1yv1q5,wdm8v332,owokm6yd,3
o1yxvv6q,48g06prx,yo1yv1q5,wdm8v332,rdq0m71w,4
o1yxvv6q,48g06prx,yo1yv1q5,wdm8v332,69zrl3od,3
o1yxvv6q,48g06prx,yo1yv1q5,wdm8v332,592jg0gw,2
o1yxvv6q,48g06prx,yo1yv1q5,wdm8v332,rdn5jk5d,6
o1yxvv6q,48g06prx,yo1yv1q5,wdm8v332,ewppmklw,5
o1yxvv6q,48g06prx,yo1yv1q5,wdm8v332,ywe4k2qd,6
o1yxvv6q,48g06prx,76rnevd8,7kjrpm32,None,1
o1yxvv6q,48g06prx,76rnevd8,xk9lg3vk,None,1
o1yxvv6q,48g06prx,2687q9dp,02q8l072,None,2
o1yxvv6q,48g06prx,2687q9dp,9d8jg0wk,z988e6r9,1
o1yxvv6q,48g06prx,2687q9dp,9d8jg0wk,4958y6m9,1
o1yxvv6q,48g06prx,2687q9dp,9d8jg0wk,29vkj3qd,1
o1yxvv6q,48g06prx,2687q9dp,9d8jg0wk,rdnprp69,1
o1yxvv6q,48g06prx,2687q9dp,9d8jg0wk,r9g3r2jw,1
o1yxvv6q,48g06prx,2687q9dp,9d8jg0wk,n93g842d,1
o1yxvv6q,48g06prx,2687q9dp,9d8jg0wk,xd43njq9,1
o1yxvv6q,48g06prx,2687q9dp,9d8jg0wk,xd43n389,1
o1yxvv6q,48g06prx,76rnevd8,xk9lg3vk,None,1
o1yxvv6q,48g06prx,2687q9dp,9d8jg0wk,ewpqejy9,1
o1yxvv6q,48g06prx,yo1yv1q5,wdm8v332,29vyem19,3
o1yxvv6q,48g06prx,yo1yv1q5,wdm8v332,ldye71jw,3
o1yxvv6q,48g06prx,yo1yv1q5,wdm8v332,xd10kez9,11
o1yxvv6q,48g06prx,76rnevd8,w201ye5k,None,1
o1yxvv6q,48g06prx,yo1yv1q5,wdm8v332,5d77j4vd,3
o1yxvv6q,48g06prx,yo1yv1q5,wdm8v332,49588ej9,3
o1yxvv6q,48g06prx,yo1yv1q5,wdm8v332,xd467609,6
o1yxvv6q,48g06prx,yo1yv1q5,wdm8v332,z98jv2rw,9
o1yxvv6q,48g06prx,yo1yv1q5,wdm8v332,n9305229,4
o1yxvv6q,48g06prx,yo1yv1q5,wdm8v332,o9x2526w,4
o1yxvv6q,qjoryeej,o1yxvv6q,xk9jn84d,None,115
o1yxvv6q,j92g93w8,o6gxkxd2,9kvpqrjk,None,82
o1yxvv6q,j92g93w8,29d30dlp,nxd1rk8q,None,17
o1yxvv6q,j92g93w8,29d30dlp,zd30m4yd,ewp7oylw,15
o1yxvv6q,j92g93w8,o1yxvv6q,7kjzq1nd,None,15
o1yxvv6q,j92g93w8,29d30dlp,zd30m4yd,ywe4e04d,3
o1yxvv6q,8rpdyl3j,o1yxvv6q,xk9jn84d,None,62
o1yxvv6q,18vzll2j,o1yxvv6q,n2yj37z2,None,2
o1yxvv6q,v8lnn1lx,j1llrpz1,zd3w3e8k,None,3
o1yxvv6q,v8lnn1lx,o1yxvv6q,xk9jn84d,None,57
o1yxvv6q,pj0mny4x,268xm51p,mkevojn2,ywexq4q9,3
o1yxvv6q,pj0mny4x,o1y9olo6,zd3x81nd,o9xk7q1w,3
o1yxvv6q,pj0mny4x,j1n4jx6p,jdr97nd6,None,10
o1yxvv6q,pj0mny4x,268xm51p,n2y33r1d,None,16
o1yxvv6q,pj0mny4x,o1yxvv6q,xk9jn84d,None,125
o1yxvv6q,81qe3drj,o1yxvv6q,9d8jx46k,None,67
o1yxvv6q,81qe3drj,om1mx362,rklzx7n2,None,10
o1yxvv6q,81qe3drj,o1yxvv6q,jdr17vg2,None,2
o1yxvv6q,81qe3drj,nj1nee1p,ndx8jxjk,nwlgqo09,2
o1yxvv6q,81qe3drj,nj1nee1p,ndx8jxjk,69zpy2lw,1
o1yxvv6q,81qe3drj,nj1nee1p,ndx8jxjk,ywe2r5yw,2
o1yxvv6q,81qe3drj,nj1nee1p,gq254vdo,None,2
o1yxvv6q,81qe3drj,nj1nee1p,ndx8jxjk,ywe0rxl9,7
o1yxvv6q,81qe3drj,nj1nee1p,ndx8jxjk,r9g6eqjw,5
o1yxvv6q,81qe3drj,nj1nee1p,ndx8jxjk,69z7yexw,7
o1yxvv6q,81qe3drj,o1yxvv6q,jdr17vg2,None,1
o1yxvv6q,81qe3drj,n268e96p,7wkp02rm,None,32
o1yxvv6q,81qe3drj,nj1nee1p,gq254vdo,None,27
o1yxvv6q,18qn2nd8,o1yxvv6q,jdr17vg2,None,2
o1yxvv6q,5j544y68,29d30dlp,zd30m4yd,z98r5q7d,9
o1yxvv6q,5j544y68,29d30dlp,9zdne7dq,None,26
o1yxvv6q,5j544y68,29d30dlp,z2771020,None,20
o1yxvv6q,5j544y68,29d30dlp,rkle7mw2,None,26
o1yxvv6q,5j544y68,29d30dlp,l9kvjkgq,None,13
o1yxvv6q,5j544y68,o1yym21q,wdm8qj42,ewpx25ld,3
o1yxvv6q,5j544y68,o1yxvv6q,n2yj37z2,None,8
o1yxvv6q,5j544y68,o1yxvv6q,n2yj37z2,None,7
o1yxvv6q,5j544y68,n4d7r172,7wk6prd1,None,95
o1yxvv6q,5j544y68,29d30dlp,zd30m4yd,y9meo60d,4
o1yxvv6q,5j544y68,29d30dlp,zd30m4yd,69zp6j6w,4
o1yxvv6q,5j544y68,29d30dlp,nxd1rk8q,None,49
o1yxvv6q,5j544y68,o1yxvv6q,7kjzq1nd,None,13
o1yxvv6q,5j544y68,29d30dlp,zd30m4yd,o9x1oq6d,8
o1yxvv6q,5j544y68,29d30dlp,zd30m4yd,r9gyn5q9,7
o1yxvv6q,5j544y68,29d30dlp,zd30m4yd,ywe23gqw,13
o1yxvv6q,5j544y68,29d30dlp,zd30m4yd,rw6v6269,3
o1yxvv6q,86npe6wx,o1yxvv6q,xk9jn84d,None,112
o1yxvv6q,pj0nvl48,yo1yv1q5,4xk906k0,None,73
o1yxvv6q,pj0nvl48,yo1yv1q5,wdm8v332,69zplrgw,7
o1yxvv6q,pj0nvl48,yo1yv1q5,wdm8v332,ldy1l6jd,6
o1yxvv6q,pj0nvl48,yo1yv1q5,xk9l5yk0,None,69
o1yxvv6q,pj0nvl48,yo1yv1q5,xk9g1w6d,None,50
o1yxvv6q,pj0nvl48,29d3ny1l,5dwjrgkg,None,11
o1yxvv6q,pj0nvl48,nj1nee1p,gq254vdo,None,45
o1yxvv6q,pj0nvl48,o1yxvv6q,xk9jn84d,None,3
o1yxvv6q,pj0nvl48,yo1yv1q5,wz27gz20,None,24
o1yxvv6q,pj0nvl48,o1ynvrdq,mkeoyxxd,None,3
o1yxvv6q,pj0nvl48,o1ynvrdq,n2yqnvmk,None,1
o1yxvv6q,pj0nvl48,om1mx362,7kjvmgk3,None,284
o1yxvv6q,pj0nvl48,n4d7r172,7wk6prd1,None,210
o1yxvv6q,pj0nvl48,yo1yv1q5,vdo0nzod,None,20
o1yxvv6q,pj0nvl48,j1nqoy1p,mke9x59d,None,9
o1yxvv6q,pj0nvl48,j1nqoy1p,mke9x59d,None,9
o1yxvv6q,pj0nvl48,ok6qvxdg,rklgz8dn,None,11
o1yxvv6q,pj0nvl48,29d30dlp,nxd1rk8q,None,326
o1yxvv6q,pj0nvl48,n4d7r172,7wk6prd1,None,173
o1yxvv6q,pj0nvl48,om1mx362,wkpn1jdr,None,70
o1yxvv6q,pj0nvl48,yo1yv1q5,9kvx6x02,None,8
o1yxvv6q,pj0nvl48,j1nqoy1p,mke9x59d,None,10
o1yxvv6q,pj0nvl48,j1nqoy1p,mke9x59d,None,13
o1yxvv6q,pj0nvl48,o1ynvrdq,n2yqnvmk,None,4
o1yxvv6q,pj0nvl48,o1ynvrdq,mkeoyxxd,None,6
o1yxvv6q,18qg15qx,o1yxvv6q,xk9jn84d,None,158
o1yxvv6q,qj25n4pj,o1yxvv6q,xk9jn84d,None,136
o1yxvv6q,18qek2d8,om1mx362,rklzx7n2,None,3
o1yxvv6q,18qek2d8,om1mx362,wkpn1jdr,None,21
o1yxvv6q,18qek2d8,yo1yv1q5,wz27gz20,None,18
o1yxvv6q,18qek2d8,om1mx362,5dw1rqnk,None,2
o1yxvv6q,18qek2d8,o1yxvv6q,xk9jn84d,None,14
o1yxvv6q,18qek2d8,om1mx362,7kjvmgk3,None,27
o1yxvv6q,18qek2d8,om1mx362,wkpn1jdr,None,20
o1yxvv6q,18qek2d8,om1mx362,7kjvmgk3,None,11
o1yxvv6q,18qek2d8,om1mx362,xk9436d0,None,9
o1yxvv6q,18qek2d8,om1mx362,wkpn1jdr,None,9
o1yxvv6q,18qek2d8,om1mx362,zd3qprkn,495yymwp,6
o1yxvv6q,18qek2d8,om1mx362,9d8vge6k,None,20
o1yxvv6q,18qek2d8,om1mx362,xk9436d0,None,5
o1yxvv6q,18qek2d8,om1mx362,n2yp8m2o,None,17
o1yxvv6q,18qek2d8,om1mx362,zd3qprkn,nwlnpodv,2
o1yxvv6q,18qek2d8,om1mx362,vdoplzy2,nwlnpodv,2
o1yxvv6q,18qek2d8,om1mx362,zd3qprkn,rdqzmmod,1
o1yxvv6q,18qek2d8,om1mx362,zd3qprkn,r9gr1jw2,6
o1yxvv6q,18qek2d8,om1mx362,zd3qprkn,xd0l2mdq,4
o1yxvv6q,18qek2d8,om1mx362,zd3qprkn,z98xn6ld,1
o1yxvv6q,zx7g21vx,m1zn9m10,vdovq92p,None,1
o1yxvv6q,zx7g21vx,m1zn9m10,vdovq92p,None,2
o1yxvv6q,zx7g21vx,m1zn9m10,824m78e2,None,1
o1yxvv6q,zx7g21vx,om1mx362,7kjvmgk3,None,346
o1yxvv6q,zx7g21vx,3dx2ll51,xd1lly8k,rw6r34nw,3
o1yxvv6q,zx7g21vx,m1mm7x12,xk90gyxk,592mqrw6,25
o1yxvv6q,zx7g21vx,m1mm7x12,xk90gyxk,xd1p75do,56
o1yxvv6q,zx7g21vx,m1zn9m10,5dwe50dg,None,2
o1yxvv6q,zx7g21vx,o1yxvv6q,xk9jn84d,None,188
o1yxvv6q,zx7g21vx,pd02ew1e,9kv3eo2g,None,4
o1yxvv6q,zx7g21vx,pdvjl9dw,zd3ljqyd,xd4j7nrd,3
o1yxvv6q,zx7g21vx,m1zn9m10,wkplq82r,None,1
o1yxvv6q,5j5w756j,nj1nee1p,gq254vdo,None,39
o1yxvv6q,5j5w756j,o1yxvv6q,jdr17vg2,None,5
o1yxvv6q,5j5w756j,xlde3j63,4xk9l6k0,None,39
o1yxvv6q,98r16ndj,y65rw31e,wk634rk1,None,7
o1yxvv6q,98r16ndj,yo1yv1q5,xk9g1w6d,None,78
o1yxvv6q,98r16ndj,29d30dlp,jzd3y2nq,None,37
o1yxvv6q,98r16ndj,o1yxvv6q,xk9jn84d,None,131
o1yxvv6q,98r16ndj,29d30dlp,nxd1rk8q,None,112
o1yxvv6q,98r16ndj,9d35391l,zdnwwlqd,None,6
o1yxvv6q,98r16ndj,o1yxvv6q,7kjzq1nd,None,19
o1yxvv6q,98r16ndj,29d30dlp,9d8v6j7k,None,19
o1yxvv6q,kjp4onyj,o1y0946q,mke4ly62,None,4
o1yxvv6q,kjp4onyj,v1p7n818,5dwjr0ek,None,2
o1yxvv6q,kjp4onyj,46w35xn1,jdzvg86k,59243x6w,3
o1yxvv6q,kjp4onyj,46w35xn1,ndx1omv2,59243x6w,1
o1yxvv6q,kjp4onyj,m1mnvkxd,02q7n09d,None,2
o1yxvv6q,kjp4onyj,om1mx362,wkpn1jdr,None,59
o1yxvv6q,kjp4onyj,xlde3j63,z279e9gd,None,3
o1yxvv6q,kjp4onyj,xlde3j63,4xk9l6k0,None,19
o1yxvv6q,kjp4onyj,m1mnvkxd,5dw94v52,None,3
o1yxvv6q,kjp4onyj,k6q4gqmd,5dw48z5k,None,3
o1yxvv6q,kjp4onyj,m1zkgxx1,jdrwzjxk,None,2
o1yxvv6q,kjp4onyj,w6j7exe6,vdo598ok,gdr0q2zd,1
o1yxvv6q,kjp4onyj,w6j7exe6,vdo598ok,69zl4xod,2
o1yxvv6q,kjp4onyj,w6j7exe6,vdo598ok,r9gm34k9,1
o1yxvv6q,kjp4onyj,w6j7exe6,vdo598ok,5wkmr2pd,2
o1yxvv6q,kjp4onyj,w6j7exe6,vdo598ok,r9gm33p9,1
o1yxvv6q,kjp4onyj,46w2y4n6,xd1j9n4d,None,10
o1yxvv6q,kjp4onyj,n4d7r172,xn2yqmko,None,22
o1yxvv6q,kjp4onyj,nj1nee1p,jdz8m6dv,None,1
o1yxvv6q,kjp4onyj,yo1yv1q5,4xk906k0,None,12
o1yxvv6q,kjp4onyj,om1mx362,7kjvmgk3,None,32
o1yxvv6q,kjp4onyj,3695l8dl,n2yq45zk,None,30
o1yxvv6q,kjp4onyj,y655lg06,9kv8vw3d,None,2
o1yxvv6q,kjp4onyj,y655lg06,xd1jy6wd,None,14
o1yxvv6q,kjp4onyj,o1yj0pr1,n2yv8112,None,6
o1yxvv6q,kjp4onyj,w6j7exe6,02q4nq9d,None,5
o1yxvv6q,kjp4onyj,76r39056,rkl53o62,None,16
o1yxvv6q,kjp4onyj,qw6j21jm,9zdnw9dq,None,7
o1yxvv6q,kjp4onyj,lde333j6,7kjp16nk,None,8
o1yxvv6q,kjp4onyj,o1yxvv6q,xk98gj42,None,3
o1yxvv6q,kjp4onyj,m9dowk1p,p7kjr423,None,6
o1yxvv6q,kjp4onyj,ok6q4mdg,rkl3p4nk,None,5
o1yxvv6q,kjp4onyj,yd4np56e,ndx8j9rk,None,5
o1yxvv6q,kjp4onyj,yd4np56e,xd11jxwd,None,2
o1yxvv6q,kjp4onyj,m1mx7pp6,zdn1mynk,None,13
o1yxvv6q,kjp4onyj,y654qx3d,wk6vmyed,None,2
o1yxvv6q,kjp4onyj,j1nqoy1p,mke9x59d,None,2
o1yxvv6q,kjp4onyj,om1mx362,7kjvmgk3,None,145
o1yxvv6q,kjp4onyj,j1nqoy1p,mke9x59d,None,27
o1yxvv6q,kjp4onyj,j1nqoy1p,mke9x59d,None,15
o1yxvv6q,kjp4onyj,m1zjz536,7kj85jnd,None,4
o1yxvv6q,kjp4onyj,4d79knr1,zd3605rd,None,4
o1yxvv6q,kjp4onyj,76rxljl6,wdm8owe2,None,4
o1yxvv6q,kjp4onyj,j1neeqy1,xk9grzgd,None,15
o1yxvv6q,kjp4onyj,kdke3gdm,zd31zn2n,None,10
o1yxvv6q,kjp4onyj,76rxljl6,wdm8owe2,None,14
o1yxvv6q,kjp4onyj,76rxljl6,vdo3g36d,None,9
o1yxvv6q,kjp4onyj,76rxljl6,wkpvevjk,None,7
o1yxvv6q,kjp4onyj,n4d7oz17,w20g0xjk,None,3
o1yxvv6q,kjp4onyj,v1ppq818,ndxn1okq,rw6lq7w7,4
o1yxvv6q,kjp4onyj,v1ppq818,n2yn37ko,rw6lq7w7,6
o1yxvv6q,kjp4onyj,369pke21,zd3xp8rd,None,2
o1yxvv6q,kjp4onyj,nj1nee1p,jdz8m6dv,None,9
o1yxvv6q,kjp4onyj,nj1nee1p,824ppyw2,None,8
o1yxvv6q,kjp4onyj,9dowkk1p,mke37jd6,None,6
o1yxvv6q,kjp4onyj,k6q4k40d,q253jyjk,None,2
o1yxvv6q,kjp4onyj,n4d7oz17,vdo0yvdp,None,3
o1yxvv6q,kjp4onyj,n4d7oz17,7kj94423,None,2
o1yxvv6q,kjp4onyj,n4d7oz17,wdm8ll52,None,1
o1yxvv6q,kjp4onyj,n4d7oz17,wdmzro2q,None,4
o1yxvv6q,kjp4onyj,n4d7oz17,mkerqq8d,None,1
o1yxvv6q,kjp4onyj,46w35xn1,9d8x4qw2,None,37
o1yxvv6q,kjp4onyj,n268e96p,7wkp02rm,None,34
o1yxvv6q,kjp4onyj,ok6qvxdg,824x1rwd,None,3
o1yxvv6q,kjp4onyj,nj1nee1p,gq254vdo,None,15
o1yxvv6q,kjp4onyj,nj1nee1p,9zdnq9dq,None,6
o1yxvv6q,kjp4onyj,w6j7exe6,02q4nq9d,None,5
o1yxvv6q,kjp4onyj,o1yxvv6q,xk9jn84d,None,14
o1yxvv6q,kjp4onyj,pd0q231e,xd177mrd,None,6
o1yxvv6q,kjp4onyj,8nd23r60,9kvyz3kg,None,3
o1yxvv6q,kjp4onyj,8nd23r60,ndxjnr2q,None,2
o1yxvv6q,kjp4onyj,8nd23r60,zd37er2n,None,2
o1yxvv6q,kjp4onyj,8nd23r60,xd17pwd8,None,2
o1yxvv6q,kjp4onyj,29d30dlp,l9kvjkgq,None,34
o1yxvv6q,kjp4onyj,8nd2qd05,xwdmw52q,jgdrpewz,8
o1yxvv6q,kjp4onyj,j1nqoy1p,mke9x59d,None,7
o1yxvv6q,kjp4onyj,j1nqoy1p,mke9x59d,None,6
o1yxvv6q,kjp4onyj,m1znz310,zd3l9rnd,None,3
o1yxvv6q,kjp4onyj,ok6q4mdg,gq25ovko,None,8
o1yxvv6q,kjp4onyj,29d30dlp,nxd1rk8q,None,101
o1yxvv6q,kjp4onyj,29d30dlp,jzd3y2nq,None,52
o1yxvv6q,kjp4onyj,o1yxvv6q,xk9jn84d,None,39
o1yxvv6q,kjp4onyj,n4d7oz17,7kj94423,None,5
o1yxvv6q,kjp4onyj,yo1yv1q5,wdm8v332,xd00rk0d,5
o1yxvv6q,kjp4onyj,yo1yv1q5,wdm8v332,ewp72pjw,11
o1yxvv6q,kjp4onyj,n4d7r172,7wk6prd1,None,38
o1yxvv6q,kjp4onyj,o1yxvv6q,n2yj37z2,None,9
o1yxvv6q,kjp4onyj,o1yxvv6q,n2yj37z2,None,6
o1yxvv6q,kjp4onyj,o1yxvv6q,n2yj37z2,None,6
o1yxvv6q,kjp4onyj,ok6qvxdg,rklgz8dn,None,6
o1yxvv6q,kjp4onyj,o1yxvv6q,n2yj37z2,None,3
o1yxvv6q,kjp4onyj,j1nqoy1p,mke9x59d,None,7
o1yxvv6q,kjp4onyj,o1yxvv6q,xk9jn84d,None,13
o1yxvv6q,kjp4onyj,29d3qe1l,wkpjnwkr,None,7
o1yxvv6q,kjp4onyj,kdkrx26m,7kjvpp4k,None,10
o1yxvv6q,kjp4onyj,j1nqoy1p,zd30e6vd,r9gzye2d,2
o1yxvv6q,kjp4onyj,n4d7r172,wkpjll0k,29vm0r39,4
o1yxvv6q,kjp4onyj,29d3qe1l,9d8v8lkn,None,11
o1yxvv6q,kjp4onyj,k6q9px1g,q257o78d,None,2
o1yxvv6q,kjp4onyj,v1ppq818,02q8xzj2,None,59
o1yxvv6q,kjp4onyj,o1yxvv6q,wk61oord,None,9
o1yxvv6q,kjp4onyj,qw6j21jm,9zdnw9dq,None,14
o1yxvv6q,kjp4onyj,n4d7r172,q254wgdo,None,31
o1yxvv6q,kjp4onyj,o1yxvv6q,n2yj37z2,None,6
o1yxvv6q,kjp4onyj,yo1yv1q5,xk9g1w6d,None,40
o1yxvv6q,kjp4onyj,o1yxvv6q,7kjzq1nd,None,3
o1yxvv6q,kjp4onyj,qw6j21jm,ndx8gnok,o9x1ylpd,2
o1yxvv6q,kjp4onyj,yo1yv1q5,wdm8v332,xd0ke049,4
o1yxvv6q,kjp4onyj,yo1yv1q5,wdm8v332,rw6q7vgd,7
o1yxvv6q,kjp4onyj,nj1nee1p,ndx8jxjk,z98ryj7d,3
o1yxvv6q,kjp4onyj,n4d7r172,wkpjll0k,69zr1m6d,2
o1yxvv6q,kjp4onyj,29d30dlp,zd30m4yd,gdrek1l9,2
o1yxvv6q,kjp4onyj,j1nqoy1p,xd1memrd,z98jry1w,4
o1yxvv6q,kjp4onyj,j1nqoy1p,xd1memrd,5d7ypngd,4
o1yxvv6q,kjp4onyj,j1nqoy1p,xd1memrd,29vmvzn9,6
o1yxvv6q,kjp4onyj,yo1yv1q5,wdm8v332,z98rojpd,7
o1yxvv6q,kjp4onyj,yo1yv1q5,wdm8v332,ewpp1myw,6
o1yxvv6q,kjp4onyj,j1nqoy1p,mke9x59d,None,55
o1yxvv6q,kjp4onyj,29d30dlp,zd30m4yd,kwjyq01w,5
o1yxvv6q,kjp4onyj,29d30dlp,zd30m4yd,kwjyq01w,5
o1yxvv6q,kjp4onyj,nj1nee1p,ndx8jxjk,nwlgqo09,4
o1yxvv6q,kjp4onyj,nj1nee1p,ndx8jxjk,ywe2r5yw,4
o1yxvv6q,kjp4onyj,nj1nee1p,ndx8jxjk,69zpy2lw,5
o1yxvv6q,kjp4onyj,yo1yv1q5,wdm8v332,n9305079,4
o1yxvv6q,kjp4onyj,yo1yv1q5,wdm8v332,592jg0gw,4
o1yxvv6q,kjp4onyj,yo1yv1q5,wdm8v332,gdrj4j8w,4
o1yxvv6q,kjp4onyj,yo1yv1q5,wdm8v332,ewppm7lw,7
o1yxvv6q,kjp4onyj,yo1yv1q5,wdm8v332,z98jv2rw,9
o1yxvv6q,kjp4onyj,yo1yv1q5,wdm8v332,xd467609,9
o1yxvv6q,kjp4onyj,yo1yv1q5,wdm8v332,o9x2516w,8
o1yxvv6q,kjp4onyj,yo1yv1q5,wdm8v332,kwjylorw,6
o1yxvv6q,kjp4onyj,yo1yv1q5,wdm8v332,rdq026mw,5
o1yxvv6q,kjp4onyj,yo1yv1q5,wdm8v332,5d77nkqd,6
o1yxvv6q,kjp4onyj,n4d7r172,wkpjll0k,n930jr29,7
o1yxvv6q,kjp4onyj,n4d7r172,wkpjll0k,kwjyqq0w,10
o1yxvv6q,kjp4onyj,n4d7r172,wkpjll0k,xd10qqz9,6
o1yxvv6q,kjp4onyj,29d30dlp,zd30m4yd,kwjyqg1w,20
o1yxvv6q,kjp4onyj,29d30dlp,zd30m4yd,592j7m6w,7
o1yxvv6q,kjp4onyj,29d30dlp,zd30m4yd,xd10qpy9,5
o1yxvv6q,kjp4onyj,29d30dlp,zd30m4yd,rw6v6269,8
o1yxvv6q,kjp4onyj,29d30dlp,zd30m4yd,5wk270xw,8
o1yxvv6q,kjp4onyj,29d30dlp,zd30m4yd,owokp83d,7
o1yxvv6q,kjp4onyj,29d30dlp,zd30m4yd,y9meo00d,7
o1yxvv6q,kjp4onyj,29d30dlp,zd30m4yd,495j350w,2
o1yxvv6q,kjp4onyj,29d30dlp,zd30m4yd,495j350w,16
o1yxvv6q,kjp4onyj,n4d7r172,wkpjll0k,nwl6j8ow,2
o1yxvv6q,kjp4onyj,om1mx362,zd3qprkn,5d7yjjqd,12
o1yxvv6q,kjp4onyj,om1mx362,zd3qprkn,ewp7yjjw,13
o1yxvv6q,kjp4onyj,om1mx362,xd1mrrrd,5d7yjjqd,6
o1yxvv6q,kjp4onyj,om1mx362,zd3qprkn,z98x7gdl,12
o1yxvv6q,kjp4onyj,om1mx362,zd3qprkn,rdqe6mdx,13
o1yxvv6q,kjp4onyj,om1mx362,zd3qprkn,ldyogk93,15
o1yxvv6q,kjp4onyj,om1mx362,zd3qprkn,rdnyzq9m,13
o1yxvv6q,kjp4onyj,om1mx362,xd1mrrrd,ewp7yjjw,6
o1yxvv6q,kjp4onyj,om1mx362,zd3qprkn,xd4nrqwm,13
o1yxvv6q,kjp4onyj,om1mx362,xd1mrrrd,xd4nrqwm,8
o1yxvv6q,kjp4onyj,k6qlmz1g,02qjw5pd,None,43
o1yxvv6q,kjp4onyj,ldeq9nd3,ndx3gw5d,None,9
o1yxvv6q,kjp4onyj,m9dowk1p,824x063d,5wkkr02w,5
o1yxvv6q,kjp4onyj,m1mq0xd2,q2545gwd,None,3
o1yxvv6q,kjp4onyj,om1mx362,zd3qprkn,y9m5mold,6
o1yxvv6q,kjp4onyj,om1mx362,zd3qprkn,ywenmlwl,39
o1yxvv6q,kjp4onyj,om1mx362,xd1mrrrd,ywenmlwl,17
o1yxvv6q,kjp4onyj,om1mx362,zd3qprkn,gdrp0v8w,9
o1yxvv6q,kjp4onyj,om1mx362,xd1mrrrd,gdrp0v8w,6
o1yxvv6q,kjp4onyj,om1mx362,zd3qprkn,owo7mxj9,2
o1yxvv6q,qxk0k5k8,o1yxvv6q,xk9jn84d,None,32
o1yxvv6q,qxk0k5k8,o1yxvv6q,xk9jn84d,None,1
o1yxvv6q,qxk0k5k8,yo1yv1q5,wdm8v332,rw6v88p9,13
o1yxvv6q,qxk0k5k8,29d30dlp,rkle7mw2,None,22
o1yxvv6q,qxk0k5k8,yo1yv1q5,xk9l5yk0,None,70
o1yxvv6q,qjnr0e4x,n4d7r172,7wk6prd1,None,126
o1yxvv6q,qjnr0e4x,n4d7r172,7wk6prd1,None,143
o1yxvv6q,qjnr0e4x,yo1yv1q5,xk9l5yk0,None,23
o1yxvv6q,qjnr0e4x,o1yxvv6q,7kjzq1nd,None,20
o1yxvv6q,qjnr0e4x,29d30dlp,nxd1rk8q,None,84
o1yxvv6q,qjnr0e4x,v1pokj46,n2ygyee2,None,39
o1yxvv6q,qjnr0e4x,yo1yv1q5,xk9g1w6d,None,51
o1yxvv6q,qjnr0e4x,yo1yv1q5,4xk906k0,None,43
o1yxvv6q,qjnr0e4x,29d30dlp,z2771020,None,15
o1yxvv6q,qjnr0e4x,om1mx362,7kjvmgk3,None,389
o1yxvv6q,x7momm6x,o1yxvv6q,jdr17vg2,None,3
o1yxvv6q,x7momm6x,y655zq46,jdrr7rnd,None,3
o1yxvv6q,kj9r17nj,nj1nee1p,gq254vdo,None,5
o1yxvv6q,kj9r17nj,nj1nee1p,wk6jmoqd,None,1
o1yxvv6q,kj9r17nj,nj1nee1p,jdz8m6dv,None,1
o1yxvv6q,kj9r17nj,ok6q4mdg,7kj15n4k,None,1
o1yxvv6q,kj9r17nj,nj1nee1p,824ppyw2,None,1
o1yxvv6q,kj9r17nj,n4d7r172,q254wgdo,None,2
o1yxvv6q,kj9r17nj,qw6j21jm,9zdnw9dq,None,3
o1yxvv6q,kj9r17nj,ok6q4mdg,gq25ovko,None,7
o1yxvv6q,kj9r17nj,o1yxvv6q,wk61oord,None,4
o1yxvv6q,kj9r17nj,qw6j21jm,vdo40e62,None,2
o1yxvv6q,kj9r17nj,xlde3j63,vdom8n92,None,1
o1yxvv6q,kj9r17nj,29d30dlp,l9kvjkgq,None,37
o1yxvv6q,kj9r17nj,o1yxvv6q,7kjzq1nd,None,11
o1yxvv6q,kj9r17nj,yo1yv1q5,5dwp84ek,None,9
o1yxvv6q,kj9r17nj,om1mx362,9d8vge6k,None,13
o1yxvv6q,kj9r17nj,yo1yv1q5,xk9g1w6d,None,14
o1yxvv6q,kj9r17nj,xlde3j63,02qgeg9d,None,3
o1yxvv6q,kj9r17nj,xlde3j63,4xk9l6k0,None,9
o1yxvv6q,kj9r17nj,yo1yv1q5,vdo46qy2,None,7
o1yxvv6q,kj9r17nj,yo1yv1q5,vdo0nzod,None,10
o1yxvv6q,kj9r17nj,n4d7r172,7wk6prd1,None,56
o1yxvv6q,kj9r17nj,yo1yv1q5,4xk906k0,None,26
o1yxvv6q,kj9r17nj,29d30dlp,nxd1rk8q,None,51
o1yxvv6q,kj9r17nj,yo1yv1q5,wz27gz20,None,6
o1yxvv6q,kj9r17nj,o1yxvv6q,xk9jn84d,None,38
o1yxvv6q,kj9r17nj,yo1yv1q5,wdm8v332,xd4056r9,1
o1yxvv6q,zxzyq60j,o1yxvv6q,xk9jn84d,None,123
o1yxvv6q,dx32ggej,l3dxqp1y,jdzwx3rd,None,1
o1yxvv6q,dx32ggej,l3dxqp1y,q25mzojd,None,1
o1yxvv6q,dx32ggej,l3dxqp1y,jdrlyqnd,None,1
o1yxvv6q,dx32ggej,l3dxqp1y,4xk93xk0,None,2
o1yxvv6q,dx32ggej,l3dxqp1y,jdzv01vk,None,1
o1yxvv6q,dx32ggej,3dx2g7g1,zdnley72,None,1
o1yxvv6q,dx32ggej,76r43l18,mkezgrnk,None,13
o1yxvv6q,dx32ggej,yo1yv1q5,4xk906k0,None,17
o1yxvv6q,dx32ggej,76r4wl18,rklxxeqk,None,3
o1yxvv6q,dx32ggej,j1nqpw1p,9d8pe1lk,None,5
o1yxvv6q,dx32ggej,76r4wl18,rklxxeqk,None,3
o1yxvv6q,dx32ggej,o1yxvv6q,xk9jn84d,None,162
o1yxvv6q,dx32ggej,576r25d8,q25o18ko,None,5
o1yxvv6q,dx32ggej,j1ne44e1,mkezpqjk,None,2
o1yxvv6q,xz104oej,o1yxvv6q,n2yj37z2,None,18
o1yxvv6q,7j44v6dj,o1yxvv6q,xk9jn84d,None,84
o1yxvv6q,x3qrln2j,o1yxvv6q,xk9jn84d,None,200
o1yxvv6q,dx3ykge8,9d3jke6l,wdmxew3k,r9gzn2kd,2
o1yxvv6q,dx3ykge8,946wy7dr,mke4xw62,r9g73oj9,17
o1yxvv6q,dx3ykge8,o1yxvv6q,9d8jx46k,None,26
o1yxvv6q,dx3ykge8,om1mx362,7kjvmgk3,None,559
o1yxvv6q,kjp5pykx,o1yxvv6q,xk9jn84d,None,45
o1yxvv6q,68wwm6z8,29d30dlp,nxd1rk8q,None,59
o1yxvv6q,68wwm6z8,29d30dlp,z2771020,None,70
o1yxvv6q,68wwm6z8,29d30dlp,zd30m4yd,z98jkp1w,4
o1yxvv6q,68wwm6z8,o1yxvv6q,xk9jn84d,None,78
o1yxvv6q,68wwm6z8,w6j8p71j,wk6jp5ed,None,5
o1yxvv6q,68wwm6z8,w6j8p71j,n2y7yw82,None,10
o1yxvv6q,68wwm6z8,w6j8p71j,7kjrveg2,None,5
o1yxvv6q,68wwm6z8,yo1yv1q5,wdm8v332,ewpp1myw,8
o1yxvv6q,68wwm6z8,yo1yv1q5,wdm8v332,y9me77zd,4
o1yxvv6q,68wwm6z8,yo1yv1q5,wdm8v332,owok17vd,17
o1yxvv6q,68wwm6z8,29d30dlp,zd30m4yd,xd005pjd,7
o1yxvv6q,68wwm6z8,o1yxvv6q,7kjzq1nd,None,27
o1yxvv6q,xko3ql28,29d30dlp,z2771020,None,4
o1yxvv6q,xko3ql28,o1yxvv6q,7kjzq1nd,None,4
o1yxvv6q,xko3ql28,29d30dlp,zd30m4yd,ewp7oylw,9
o1yxvv6q,xko3ql28,29d30dlp,zd30m4yd,495j350w,4
o1yxvv6q,xko3ql28,29d30dlp,zd30m4yd,rdqzormd,6
o1yxvv6q,8rpmmq6j,yo1yv1q5,wdm8v332,rdn5jond,2
o1yxvv6q,8rpmmq6j,yo1yv1q5,wdm8v332,5d7zx4qw,3
o1yxvv6q,8rpmmq6j,yo1yv1q5,wdm8v332,rdq5o7od,3
o1yxvv6q,8rpmmq6j,yo1yv1q5,wdm8v332,5d77ky5d,1
o1yxvv6q,8rpmmq6j,yo1yv1q5,wdm8v332,ewpp11yw,1
o1yxvv6q,8rpmmq6j,m1mxy9x6,wdmvpr5d,None,1
o1yxvv6q,8rpmmq6j,m1mxy9x6,zdnlgye2,69z6ygld,1
o1yxvv6q,8rpmmq6j,m1mxy9x6,wdmvpr5d,None,4
o1yxvv6q,8rpmmq6j,yo1yv1q5,wdm8v332,ldyy48rd,1
o1yxvv6q,8rpmmq6j,m1mxy9x6,wdmvpr5d,None,2
o1yxvv6q,8rpmmq6j,o1yxvv6q,xk9jn84d,None,4
o1yxvv6q,8rpmmq6j,o1yxvv6q,ndx1oyr2,None,3
o1yxvv6q,8rpmmq6j,m9dowk1p,p7kjr423,None,10
o1yxvv6q,8rpmmq6j,m1mxy9x6,wkp0wng2,None,3
o1yxvv6q,8rpmmq6j,yo1yv1q5,wdm8v332,ewp72pjw,15
o1yxvv6q,8rpmmq6j,o1yxvv6q,7dg59472,None,5
o1yxvv6q,8rpmmq6j,yo1yv1q5,wdm8v332,rw6v88p9,4
o1yxvv6q,8rpmmq6j,yo1yv1q5,wdm8v332,495jov2w,2
o1yxvv6q,8rpmmq6j,o1yxvv6q,xk98gj42,None,4
o1yxvv6q,8rpmmq6j,o1yxvv6q,wk61oord,None,5
o1yxvv6q,8rpmmq6j,o1yxvv6q,xk9jn84d,None,2
o1yxvv6q,8rpmmq6j,o1yxvv6q,7kjzq1nd,None,11
o1yxvv6q,8rpmmq6j,o1yxvv6q,jdr17vg2,None,4
o1yxvv6q,8rpmmq6j,o1yxvv6q,jdr17vg2,None,4
o1yxvv6q,8rpmmq6j,o1yxvv6q,824gzem2,None,2
o1yxvv6q,8rpmmq6j,o1yxvv6q,824gzem2,None,2
o1yxvv6q,8q34l0wj,n4d7r172,xn2yqmko,None,36
o1yxvv6q,8q34l0wj,n4d7r172,7wk6prd1,None,178
o1yxvv6q,8q34l0wj,o1yxvv6q,n2yj37z2,None,32
o1yxvv6q,8q34l0wj,yo1yv1q5,xk9l5yk0,None,86
o1yxvv6q,8q34l0wj,o1yxvv6q,n2yj37z2,None,15
o1yxvv6q,8q34l0wj,o1yxvv6q,n2yj37z2,None,9
o1yxvv6q,8q34l0wj,o1yxvv6q,7kjzq1nd,None,28
o1yxvv6q,8q34l0wj,ok6q4mdg,7kj15n4k,None,14
o1yxvv6q,8q34l0wj,29d30dlp,9zdne7dq,None,28
o1yxvv6q,8q34l0wj,m9dowk1p,p7kjr423,None,59
o1yxvv6q,8q34l0wj,29d30dlp,z2771020,None,64
o1yxvv6q,8q34l0wj,n4d7r172,q254wgdo,None,36
o1yxvv6q,98rkp3qx,o1yxvv6q,7kjzq1nd,None,21
o1yxvv6q,98rkp3qx,ok6q4mdg,wdm83eo2,None,3
o1yxvv6q,98rkp3qx,29d30dlp,nxd1rk8q,None,236
o1yxvv6q,98rkp3qx,ok6q4mdg,7kj15n4k,None,11
o1yxvv6q,98rkp3qx,o1yxvv6q,ndx1oyr2,None,1
o1yxvv6q,98rkp3qx,o1yxvv6q,ndx1oyr2,None,2
o1yxvv6q,98rkp3qx,qw6j21jm,824r8lwd,None,4
o1yxvv6q,98rkp3qx,o1yxvv6q,7kjzq1nd,None,25
o1yxvv6q,98rkp3qx,ok6q4mdg,ndx1elr2,None,4
o1yxvv6q,98rkp3qx,o1yxvv6q,n2yj37z2,None,27
o1yxvv6q,98rkp3qx,3dx0jgdy,xd1xzrk8,None,7
o1yxvv6q,x7q773v8,29d30dlp,nxd1rk8q,None,31
o1yxvv6q,x7q773v8,29d30dlp,9d8v6j7k,None,7
o1yxvv6q,x7q773v8,yd487k6e,02qjevzd,None,49
o1yxvv6q,x7q773v8,29d30dlp,jzd3y2nq,None,38
o1yxvv6q,x7q773v8,29d30dlp,zd30m4yd,ywe23gqw,7
o1yxvv6q,x7q773v8,29d30dlp,zd30m4yd,rdqzormd,6
o1yxvv6q,x7q773v8,29d30dlp,zd30m4yd,o9x1oq6d,4
o1yxvv6q,x7q773v8,29d30dlp,zd30m4yd,495kzg29,4
o1yxvv6q,x7q773v8,29d30dlp,zd30m4yd,69zp6j6w,4
o1yxvv6q,x7q773v8,29d30dlp,zd30m4yd,r9gyn5q9,4
o1yxvv6q,x7q773v8,o1yxvv6q,7kjzq1nd,None,24
o1yxvv6q,gpj0mxwr,o1yj0pr1,xk9w3lg2,None,2
o1yxvv6q,gpj0mxwr,nj1noldp,mkeo4lxd,ldy1pvzd,2
o1yxvv6q,gpj0mxwr,nj1noldp,mkeo4lxd,z98r80ld,1
o1yxvv6q,gpj0mxwr,nj1noldp,mkeo4lxd,rdnopvvw,1
o1yxvv6q,gpj0mxwr,nj1noldp,mkeo4lxd,5920o13d,3
o1yxvv6q,gpj0mxwr,nj1noldp,mkeo4lxd,xd403mr9,3
o1yxvv6q,gpj0mxwr,nj1noldp,mkeo4lxd,ewp7qvjw,3
o1yxvv6q,gpj0mxwr,nj1noldp,mkeo4lxd,n93qg3zw,6
o1yxvv6q,gpj0mxwr,nj1noldp,mkeo4lxd,rdnopv7w,4
o1yxvv6q,gpj0mxwr,nj1noldp,mkeo4lxd,xd0k7j49,2
o1yxvv6q,gpj0mxwr,nj1noldp,mkeo4lxd,y9m5pvxd,3
o1yxvv6q,gpj0mxwr,pd0933de,jdz3me62,None,4
o1yxvv6q,gpj0mxwr,9j1lk46g,wk6p4pd1,None,49
o1yxvv6q,gpj0mxwr,n4d7r172,p7kjv4k3,None,17
o1yxvv6q,gpj0mxwr,4pdvv4dw,xd1rerk8,None,11
o1yxvv6q,gpj0mxwr,268pjodp,w20pzjzk,None,6
o1yxvv6q,gpj0mxwr,nj1nowdp,5dwp6ekg,rdno87wm,1
o1yxvv6q,gpj0mxwr,nj1nowdp,5dwp6ekg,495kx09p,2
o1yxvv6q,gpj0mxwr,xldev513,zdnqledq,rdno37wm,5
o1yxvv6q,gpj0mxwr,xldev513,zdnqledq,rdqz82dx,4
o1yxvv6q,gpj0mxwr,nj1nowdp,5dwp6ekg,r9gyq592,1
o1yxvv6q,gpj0mxwr,nj1nowdp,5dwp6ekg,gdrpllwz,2
o1yxvv6q,gpj0mxwr,nj1nowdp,5dwp6ekg,nwlg409v,3
o1yxvv6q,gpj0mxwr,nj1nowdp,5dwp6ekg,5wkk42w4,4
o1yxvv6q,gpj0mxwr,xldev513,zdnqledq,5d7yj6dy,6
o1yxvv6q,gpj0mxwr,xldev513,zdnqledq,rdno3qwm,5
o1yxvv6q,gpj0mxwr,xldev513,rklg3rdn,None,2
o1yxvv6q,gpj0mxwr,xldev513,zdnqledq,rw6q2rd7,4
o1yxvv6q,gpj0mxwr,xldev513,zdnqledq,ldy1qrd3,7
o1yxvv6q,gpj0mxwr,xldev513,zdnqledq,5wkk02w4,6
o1yxvv6q,gpj0mxwr,xldev513,zdnqledq,xd40p29m,4
o1yxvv6q,gpj0mxwr,nj1nowdp,zd3yo82n,None,4
o1yxvv6q,gpj0mxwr,w6j9wedj,9d8lvl2n,None,3
o1yxvv6q,gpj0mxwr,kdkm421m,rkll5rkn,nwl6jqpw,3
o1yxvv6q,gpj0mxwr,nj1nowdp,5dwp6ekg,z98rqpdl,2
o1yxvv6q,gpj0mxwr,nj1nowdp,7dgg07d4,n93qezw0,3
o1yxvv6q,gpj0mxwr,nj1nowdp,7dgg07d4,rw6q5rd7,3
o1yxvv6q,gpj0mxwr,nj1nowdp,5dwp6ekg,z98r5gdl,7
o1yxvv6q,gpj0mxwr,29d30dlp,nxd1rk8q,None,261
o1yxvv6q,gpj0mxwr,4pdvv4dw,xd1rerk8,None,25
o1yxvv6q,gpj0mxwr,4pdvv4dw,wdmzwx2q,None,7
o1yxvv6q,gpj0mxwr,n4d7r172,xn2yqmko,None,18
o1yxvv6q,gpj0mxwr,4pdvv4dw,rklxqqkn,None,4
o1yxvv6q,gpj0mxwr,29d30dlp,jzd3y2nq,None,60
o1yxvv6q,gpj0mxwr,o1yxvv6q,n2yj37z2,None,5
o1yxvv6q,gpj0mxwr,n4d7r172,7wk6prd1,None,64
o1yxvv6q,gpj0mxwr,ok6qvxdg,rklgz8dn,None,29
o1yxvv6q,gpj0mxwr,kdkm421m,rkll5rkn,gdrj3m8w,6
o1yxvv6q,gpj0mxwr,yd4ozmx1,5dw8wwed,None,7
o1yxvv6q,gpj0mxwr,j1nk091p,xk9lw8xk,None,17
o1yxvv6q,gpj0mxwr,kdkm421m,rkll5rkn,o9x2e86w,4
o1yxvv6q,gpj0mxwr,kdkm421m,rkll5rkn,nwl6jqpw,6
o1yxvv6q,gpj0mxwr,n4d7zg67,p7kjox23,None,17
o1yxvv6q,gpj0mxwr,kdkzlgdm,7kjplxk3,None,165
o1yxvv6q,x7myypvx,o1yxvv6q,xk9jn84d,None,43
o1yxvv6q,8qzqy3w8,n4d7r172,q254wgdo,None,25
o1yxvv6q,8qzqy3w8,n4d7r172,7wk6prd1,None,121
o1yxvv6q,8qzqy3w8,n4d7r172,z27g8520,None,12
o1yxvv6q,8qzqy3w8,yo1yv1q5,7kjr19x2,None,9
o1yxvv6q,8qzqy3w8,yo1yv1q5,xk9l5yk0,None,27
o1yxvv6q,8qzqy3w8,yo1yv1q5,9kvx6x02,None,3
o1yxvv6q,8qzqy3w8,o1yxvv6q,xk9jn84d,None,54
o1yxvv6q,8qzqy3w8,yo1yv1q5,zdnq1pqd,None,8
o1yxvv6q,8qzqy3w8,yo1yv1q5,vdo46qy2,None,11
o1yxvv6q,81qzvyqj,ldelvl63,n2yj0o12,None,64
o1yxvv6q,81qzvyqj,ldelvl63,824rrjgd,None,81
o1yxvv6q,81qzvyqj,ldelvl63,824rrjgd,None,35
o1yxvv6q,81qzvyqj,ldelvl63,824rrjgd,None,37
o1yxvv6q,81qzvyqj,o1yxvv6q,xk9jn84d,None,48
o1yxvv6q,jpod3728,ok6q4mdg,gq25ovko,None,4
o1yxvv6q,jpod3728,qw6j21jm,02qm1mzd,None,9
o1yxvv6q,jpod3728,y655lg06,zd3j9pe2,None,2
o1yxvv6q,jpod3728,o1yj0pr1,n2yv8112,None,1
o1yxvv6q,jpod3728,y655lg06,wkpn8wwd,29vp1zq9,1
o1yxvv6q,jpod3728,o1yj0pr1,jdzl1562,n93x8v79,1
o1yxvv6q,jpod3728,qw6j21jm,5dwjw40k,ldye7gkw,2
o1yxvv6q,jpod3728,y655lg06,wkpn8wwd,xd0ovnmd,1
o1yxvv6q,jpod3728,y655lg06,wkpn8wwd,29vp10q9,2
o1yxvv6q,jpod3728,y655lg06,wkpn8wwd,xd48vrqw,2
o1yxvv6q,jpod3728,o1yxvv6q,n2yj37z2,None,12
o1yxvv6q,jpod3728,y655lg06,wkpn8wwd,rdngk459,1
o1yxvv6q,jpod3728,qw6j21jm,ndx8gnok,rw6vp4n9,4
o1yxvv6q,jpod3728,qw6j21jm,ndx8gnok,kwjyl5nw,2
o1yxvv6q,jpod3728,y655lg06,wkpn8wwd,5wklgqv9,1
o1yxvv6q,jpod3728,y655lg06,wkpn8wwd,592pv47w,1
o1yxvv6q,jpod3728,y655lg06,wkpn8wwd,nwlek2od,1
o1yxvv6q,jpod3728,y655lg06,wkpn8wwd,gdr7koew,1
o1yxvv6q,jpod3728,w6j7exe6,wkp541vd,69zlgr4d,2
o1yxvv6q,jpod3728,y655lg06,wkpn8wwd,ywepz3ld,2
o1yxvv6q,jpod3728,w6j7exe6,wkp541vd,kwjkey79,2
o1yxvv6q,jpod3728,y655lg06,rkl56w62,None,3
o1yxvv6q,jpod3728,29d30dlp,zd30m4yd,ywe4e04d,22
o1yxvv6q,jpod3728,y655lg06,wkpn8wwd,ldy04lp9,1
o1yxvv6q,jpod3728,m9dowk1p,p7kjr423,None,10
o1yxvv6q,jpod3728,y655lg06,wkpn8wwd,495nvlm9,3
o1yxvv6q,jpod3728,y655lg06,wkpn8wwd,owoxg3jw,1
o1yxvv6q,jpod3728,y655lg06,wkpn8wwd,rdngkq59,3
o1yxvv6q,jpod3728,y655lg06,wkpn8wwd,z98l2mrd,2
o1yxvv6q,jpod3728,y655lg06,wkpn8wwd,xd48vkqw,2
o1yxvv6q,jpod3728,w6j7exe6,wkp541vd,5d7j3zed,2
o1yxvv6q,jpod3728,y655lg06,xd1jy6wd,None,4
o1yxvv6q,18vq0o2j,v1pojq86,n2y337zd,None,14
o1yxvv6q,18vq0o2j,v1pojq86,zdn11xek,None,8
o1yxvv6q,18vq0o2j,j1llyjv1,vdomo612,None,11
o1yxvv6q,18vq0o2j,369p7el1,wdm8wpe2,None,14
o1yxvv6q,18vq0o2j,369p7el1,7dg9lq7k,None,4
o1yxvv6q,18vq0o2j,4d722r67,jdr1x0l2,None,231
o1yxvv6q,18vq0o2j,4d722r67,w20y7o8k,None,41
o1yxvv6q,18vq0o2j,369p7el1,7dg9lq7k,None,4
o1yxvv6q,18vq0o2j,369p7el1,7dg9lq7k,None,3
o1yxvv6q,18vq0o2j,y65x541e,wdml5w4k,None,3
o1yxvv6q,18vq0o2j,y65x541e,rklel182,None,48
o1yxvv6q,18vq0o2j,y65x541e,9d8xwn62,None,14
o1yxvv6q,18vq0o2j,o1yxvv6q,7kjzq1nd,None,32
o1yxvv6q,18vq0o2j,w6jl725d,02qoyzyk,None,54
o1yxvv6q,18vq0o2j,w6j7exe6,wkp541vd,rw67nvg9,7
o1yxvv6q,18vq0o2j,w6j7exe6,wkp541vd,z98o88pd,6
o1yxvv6q,18vq0o2j,w6j7exe6,wkp541vd,nwlm7nr9,9
o1yxvv6q,18vq0o2j,w6j7exe6,wkp541vd,y9mmpr19,6
o1yxvv6q,v81g42r8,kdkpol1m,xd1l9ewk,None,4
o1yxvv6q,v81g42r8,kdkpol1m,mker4y6d,None,2
o1yxvv6q,v81g42r8,o1yxvv6q,9d8jx46k,None,54
o1yxvv6q,v81g42r8,pdvzpko6,9kv76e3k,None,7
o1yxvv6q,jpmqg60j,om1mx362,w205pr5d,None,11
o1yxvv6q,jpmqg60j,om1mx362,zd3qprkn,xd4nnqwm,1
o1yxvv6q,jpmqg60j,om1mx362,zd3qprkn,5wk8nvw4,1
o1yxvv6q,jpmqg60j,om1mx362,zd3qprkn,kwj330dg,2
o1yxvv6q,jpmqg60j,om1mx362,zd3qprkn,n938y2w0,2
o1yxvv6q,jpmqg60j,om1mx362,zd3qprkn,29vj5q9v,1
o1yxvv6q,jpmqg60j,om1mx362,zd3qprkn,69zxxxd1,2
o1yxvv6q,jpmqg60j,om1mx362,zd3qprkn,ewpeey9n,1
o1yxvv6q,jpmqg60j,om1mx362,zd3qprkn,495yymwp,2
o1yxvv6q,jpmqg60j,om1mx362,zd3qprkn,owolejw6,1
o1yxvv6q,jpmqg60j,om1mx362,zd3qprkn,rdqggo9x,2
o1yxvv6q,jpmqg60j,om1mx362,zd3qprkn,r9grrjw2,1
o1yxvv6q,jpmqg60j,om1mx362,n2yp8m2o,None,14
o1yxvv6q,jpmqg60j,om1mx362,zd3qprkn,xd1jzoqd,2
o1yxvv6q,jpmqg60j,om1mx362,7kjvmgk3,None,61
o1yxvv6q,jpmqg60j,om1mx362,7kjvmgk3,None,22
o1yxvv6q,jpmqg60j,om1mx362,vdoplzy2,r9grrjw2,2
o1yxvv6q,jpmqg60j,om1mx362,zd3qprkn,rw6rrpw7,8
o1yxvv6q,jpmqg60j,om1mx362,vdoplzy2,rw6rrpw7,2
o1yxvv6q,jpmqg60j,om1mx362,zd3qprkn,xd08xg19,3
o1yxvv6q,jpmqg60j,om1mx362,zd3qprkn,r9grjjw2,6
o1yxvv6q,jpmqg60j,om1mx362,xd1mrrrd,owolqjw6,3
o1yxvv6q,jpmqg60j,om1mx362,zdn0mp72,None,6
o1yxvv6q,jpmqg60j,om1mx362,zd3qprkn,xd0l2mdq,5
o1yxvv6q,jpmqg60j,om1mx362,zd3qprkn,rdnomv5w,4
o1yxvv6q,jpmqg60j,om1mx362,vdoplzy2,n938n2w0,1
o1yxvv6q,jpmqg60j,om1mx362,zd3qprkn,495ylmwp,2
o1yxvv6q,jpmqg60j,om1mx362,7kjvmgk3,None,17
o1yxvv6q,jpmqg60j,om1mx362,7kjvmgk3,None,43
o1yxvv6q,jpmqg60j,om1mx362,zd3qprkn,ldyj8pd3,4
o1yxvv6q,jpmqg60j,om1mx362,zd3qprkn,495yrmwp,2
o1yxvv6q,jpmqg60j,om1mx362,xd1mrrrd,5wk88vw4,2
o1yxvv6q,jpmqg60j,om1mx362,zd3qprkn,nwlnpodv,3
o1yxvv6q,jpmqg60j,om1mx362,wkpgx9gk,5wk88vw4,1
o1yxvv6q,jpmqg60j,om1mx362,vdoplzy2,69zxxxd1,2
o1yxvv6q,jpmqg60j,om1mx362,zd3qprkn,ywennlwl,54
o1yxvv6q,jpmqg60j,om1mx362,xd1mrrrd,ywennlwl,17
o1yxvv6q,jpmqg60j,om1mx362,zd3qprkn,5wk88vw4,2
o1yxvv6q,jpmqg60j,om1mx362,zd3qprkn,xd166z9o,5
o1yxvv6q,jpmqg60j,om1mx362,xd1mrrrd,xd166z9o,3
o1yxvv6q,jpmqg60j,om1mx362,zd3qprkn,rw6rlpw7,3
o1yxvv6q,jpmqg60j,om1mx362,7kjvmgk3,None,37
o1yxvv6q,jpmqg60j,om1mx362,zd3qprkn,495kqqm9,3
o1yxvv6q,jpmqg60j,om1mx362,vdoplzy2,495kqqm9,1
o1yxvv6q,jpmqg60j,om1mx362,zd3qprkn,ldyj5pd3,4
o1yxvv6q,jpmqg60j,om1mx362,vdoplzy2,ldyj5pd3,1
o1yxvv6q,jpmqg60j,om1mx362,vdoplzy2,592337d6,1
o1yxvv6q,jpmqg60j,om1mx362,zd3qprkn,gdrg1ewz,2
o1yxvv6q,jpmqg60j,om1mx362,xd1mrrrd,gdrg1ewz,1
o1yxvv6q,jpmqg60j,om1mx362,vdoplzy2,495ylmwp,1
o1yxvv6q,jpmqg60j,om1mx362,vdoplzy2,owolejw6,1
o1yxvv6q,jpmqg60j,om1mx362,zd3qprkn,29vjjq9v,5
o1yxvv6q,jpmqg60j,om1mx362,vdoplzy2,29vjjq9v,2
o1yxvv6q,jpmqg60j,om1mx362,xd1mrrrd,ewpeey9n,1
o1yxvv6q,jpmqg60j,om1mx362,wkpgx9gk,ewpeey9n,1
o1yxvv6q,jpmqg60j,om1mx362,vdoplzy2,ewpeey9n,1
o1yxvv6q,jpmqg60j,om1mx362,7kjvmgk3,None,133
o1yxvv6q,jpmqg60j,om1mx362,zd3qprkn,5d7llq9y,10
o1yxvv6q,jpmqg60j,om1mx362,zd3qprkn,5d7lzq9y,3
o1yxvv6q,jpmqg60j,om1mx362,zd3qprkn,592337d6,3
o1yxvv6q,jpmqg60j,om1mx362,vdoplzy2,5d7lzq9y,1
o1yxvv6q,jpmqg60j,om1mx362,7kjvmgk3,None,21
o1yxvv6q,jpmqg60j,om1mx362,vdoplzy2,kwj310dg,1
o1yxvv6q,jpmqg60j,om1mx362,zd3qprkn,owolqjw6,2
o1yxvv6q,jpmqg60j,om1mx362,vdoplzy2,owolqjw6,1
o1yxvv6q,jpmqg60j,om1mx362,zd3qprkn,r9gr1jw2,2
o1yxvv6q,jpmqg60j,om1mx362,xd1mrrrd,r9gr1jw2,2
o1yxvv6q,jpmqg60j,om1mx362,zd3qprkn,rdnr25wm,2
o1yxvv6q,jpmqg60j,om1mx362,vdoplzy2,rdnr25wm,2
o1yxvv6q,jpmqg60j,om1mx362,vdoplzy2,5wk88vw4,2
o1yxvv6q,jpmqg60j,om1mx362,zd3qprkn,y9m53jxd,4
o1yxvv6q,jpmqg60j,om1mx362,zd3qprkn,nwlnyodv,6
o1yxvv6q,jpmqg60j,om1mx362,vdoplzy2,495yymwp,1
o1yxvv6q,jpmqg60j,om1mx362,zd3qprkn,ldyogk93,10
o1yxvv6q,jpmqg60j,om1mx362,zd3qprkn,kwj310dg,5
o1yxvv6q,jpmqg60j,om1mx362,zd3qprkn,ewpezy9n,3
o1yxvv6q,jpmqg60j,om1mx362,zd3qprkn,rdqg5o9x,3
o1yxvv6q,jpmqg60j,om1mx362,xd1mrrrd,xd4nnqwm,2
o1yxvv6q,jpmqg60j,om1mx362,vdoplzy2,xd4nnqwm,2
o1yxvv6q,jpmqg60j,om1mx362,wkpgx9gk,xd4nnqwm,2
o1yxvv6q,jpmqg60j,om1mx362,xd1mrrrd,rdqggo9x,3
o1yxvv6q,jpmqg60j,om1mx362,wkpgx9gk,rdqggo9x,2
o1yxvv6q,jpmqg60j,om1mx362,vdoplzy2,rdqggo9x,2
o1yxvv6q,jpmqg60j,om1mx362,xd1mrrrd,592337d6,3
o1yxvv6q,jpmqg60j,om1mx362,xd1mrrrd,ldyj8pd3,1
o1yxvv6q,jpmqg60j,om1mx362,xd1mrrrd,rdnrl5wm,1
o1yxvv6q,jpmqg60j,om1mx362,zd3qprkn,rdnrl5wm,6
o1yxvv6q,jpmqg60j,om1mx362,vdoplzy2,rdnrl5wm,1
o1yxvv6q,jpmqg60j,om1mx362,xd1mrrrd,r9grrjw2,2
o1yxvv6q,jpmqg60j,o1yxvv6q,9d8jx46k,None,27
o1yxvv6q,jpmqg60j,om1mx362,vdoplzy2,29vj5q9v,3
o1yxvv6q,jpmqg60j,om1mx362,xd1mrrrd,5d7llq9y,4
o1yxvv6q,jpmqg60j,om1mx362,wkpgx9gk,5d7llq9y,1
o1yxvv6q,jpmqg60j,om1mx362,xd1mrrrd,nwlnpodv,1
o1yxvv6q,jpmqg60j,om1mx362,7kjvmgk3,None,33
o1yxvv6q,jpmqg60j,om1mx362,zd3qprkn,z98ro0rd,8
o1yxvv6q,jpmqg60j,om1mx362,zd3qprkn,ewpe0y9n,2
o1yxvv6q,jpmqg60j,om1mx362,xd1mrrrd,5wkk562w,2
o1yxvv6q,jpmqg60j,om1mx362,zd3qprkn,5wkk562w,4
o1yxvv6q,jpmqg60j,om1mx362,xd1mrrrd,o9xk33wl,3
o1yxvv6q,jpmqg60j,om1mx362,zd3qprkn,o9xk33wl,7
o1yxvv6q,jpmqg60j,om1mx362,xd1mrrrd,z98egr9l,2
o1yxvv6q,jpmqg60j,om1mx362,xd1mrrrd,nwlnyodv,1
o1yxvv6q,jpmqg60j,om1mx362,zd3qprkn,ldy1rvjd,2
o1yxvv6q,jpmqg60j,om1mx362,zd3qprkn,z98egr9l,3
o1yxvv6q,jpmqg60j,om1mx362,xd1mrrrd,5wk8nvw4,1
o1yxvv6q,jpmqg60j,om1mx362,zd3qprkn,xd0ke509,5
o1yxvv6q,jpmqg60j,om1mx362,xd1mrrrd,xd0ke509,5
o1yxvv6q,jpmqg60j,om1mx362,xd1mrrrd,z98ro07d,2
o1yxvv6q,jpmqg60j,om1mx362,xd1mrrrd,rw6rlpw7,4
o1yxvv6q,jpmqg60j,om1mx362,zd3qprkn,rdnyzq9m,8
o1yxvv6q,jpmqg60j,om1mx362,zd3qprkn,ywenmlwl,6
o1yxvv6q,jpmqg60j,om1mx362,zd3qprkn,rdqnrz1d,6
o1yxvv6q,jpmqg60j,om1mx362,wkpgx9gk,rdqnrz1d,1
o1yxvv6q,jpmqg60j,om1mx362,xd1mrrrd,rdqnrz1d,1
o1yxvv6q,jpmqg60j,om1mx362,zd3qprkn,rw6q76nd,3
o1yxvv6q,jpmqg60j,om1mx362,zd3qprkn,z98ezr9l,7
o1yxvv6q,8e9zr6oj,o1yxvv6q,xk9jn84d,None,147
o1yxvv6q,814e97q8,o1yxvv6q,jdr17vg2,None,3
o1yxvv6q,814e97q8,om1mx362,7kjvmgk3,None,226
o1yxvv6q,48gkwkpj,o1y9okr6,zd3xmmvd,None,510
o1yxvv6q,48gkwkpj,n4d78z67,824xond5,None,9
o1yxvv6q,48gkwkpj,yo1yv1q5,xk9g1w6d,None,32
o1yxvv6q,48gkwkpj,o1yxvv6q,n2yj37z2,None,1
o1yxvv6q,48gkwkpj,yo1yv1q5,4xk906k0,None,19
o1yxvv6q,48gkwkpj,n4d7r172,7wk6prd1,None,45
o1yxvv6q,48gkwkpj,o1yxvv6q,xk9jn84d,None,1
o1yxvv6q,48gkwkpj,29d30dlp,nxd1rk8q,None,97
o1yxvv6q,48gkwkpj,o1yxvv6q,xk9jn84d,None,9
o1yxvv6q,48gkwkpj,29d30dlp,z2771020,None,30
o1yxvv6q,48gkwkpj,ok6qvxdg,rklgz8dn,None,7
o1yxvv6q,48gkwkpj,j1ll8jv1,rkljox8d,None,201
o1yxvv6q,48gkwkpj,ldeenld3,02qjo3jd,None,11
o1yxvv6q,48gkwkpj,ldellj63,9kvj530k,None,2
o1yxvv6q,48gkwkpj,9dor97dp,zd3e8rkn,None,11
o1yxvv6q,y8dmep98,46wjgqdr,xd1m9gwd,None,14
o1yxvv6q,y8dmep98,yd4r4x1e,q255og2o,None,55
o1yxvv6q,y8dmep98,w6j7exe6,wkp541vd,69zl4pgd,1
o1yxvv6q,y8dmep98,o1yxvv6q,xk9jn84d,None,53
o1yxvv6q,8dg3z4l8,o6gxkxd2,9kvpqrjk,None,233
o1yxvv6q,8dg3z4l8,yo1yv1q5,xk9g1w6d,None,93
o1yxvv6q,8dg3z4l8,o1yxvv6q,n2yj37z2,None,17
o1yxvv6q,8dg3z4l8,o1yxvv6q,n2yj37z2,None,42
o1yxvv6q,8dg3z4l8,o6glpzod,zd3xmped,None,1
o1yxvv6q,8dg3z4l8,k6q474zd,8240o13d,None,676
o1yxvv6q,8dg3z4l8,n4d7r172,7wk6prd1,None,218
o1yxvv6q,j92n9vo8,o1yxvv6q,7kjzq1nd,None,40
o1yxvv6q,j92n9vo8,o1yxvv6q,xk9jn84d,None,48
o1yxvv6q,5j56m7gx,o1yxvv6q,xk9jn84d,None,124
o1yxvv6q,8rp71k3j,kdk9rg6m,jdz5nz3d,None,1
o1yxvv6q,8rp71k3j,kdk9rg6m,jdz5nz3d,None,1
o1yxvv6q,8rp71k3j,kdk9rg6m,zdnqyvqd,xd46eeq9,1
o1yxvv6q,8rp71k3j,kdk9rg6m,zdnqyvqd,gdrjo6ew,1
o1yxvv6q,8rp71k3j,kdk9rg6m,zdnqyvqd,nwl6z4ow,1
o1yxvv6q,8rp71k3j,kdk9rg6m,jdz5nz3d,None,1
o1yxvv6q,8rp71k3j,kdk9rg6m,zdnqyvqd,xd00nnmd,1
o1yxvv6q,8rp71k3j,kdk9rg6m,z27w300k,None,4
o1yxvv6q,8rp71k3j,m1zjp326,7dg6v94k,None,1
o1yxvv6q,8rp71k3j,m1zkk3z1,w20857od,None,3
o1yxvv6q,8rp71k3j,k6q4wmxd,9kvm8m0k,None,4
o1yxvv6q,8rp71k3j,k6q4wmxd,zd38xpnk,None,4
o1yxvv6q,8rp71k3j,46w23k96,wk604nrk,None,1
o1yxvv6q,8rp71k3j,46w23k96,5dw9x4n2,None,1
o1yxvv6q,8rp71k3j,46w23k96,5dw9x4n2,None,1
o1yxvv6q,8rp71k3j,46w23k96,5dw9x4n2,None,1
o1yxvv6q,8rp71k3j,46w23k96,5dw9x4n2,None,1
o1yxvv6q,8rp71k3j,46w23k96,wkp9gv02,None,1
o1yxvv6q,8rp71k3j,m1zjp326,7kjoopn2,None,1
o1yxvv6q,8rp71k3j,pdvzmrr6,wdmxvv5k,None,6
o1yxvv6q,8rp71k3j,m1zjp326,zdnl8re2,None,1
o1yxvv6q,8rp71k3j,m1zjp326,wdm6px4k,None,2
o1yxvv6q,8rp71k3j,pdvzmrr6,vdoy5412,o9x3x6p9,4
o1yxvv6q,8rp71k3j,pdvzmrr6,vdoy5412,495lmp3d,3
o1yxvv6q,8rp71k3j,o1yxvv6q,n2yj37z2,None,4
o1yxvv6q,8rp71k3j,n4d7r172,7wk6prd1,None,124
o1yxvv6q,8rp71k3j,pdvzmrr6,vdoy5412,xd0y65jw,8
o1yxvv6q,8rp71k3j,yd43op1e,824g8we2,None,1
o1yxvv6q,8rp71k3j,yd43op1e,xd1v3g4d,None,1
o1yxvv6q,8rp71k3j,j1n29w1p,7kj36qn2,None,1
o1yxvv6q,8rp71k3j,j1n29w1p,5dw496ek,None,1
o1yxvv6q,8rp71k3j,29d30dlp,nxd1rk8q,None,141
o1yxvv6q,8rp71k3j,pdvzmrr6,vdoy5412,r9g176p9,4
o1yxvv6q,8rp71k3j,j1n29w1p,7kj36qn2,None,1
o1yxvv6q,8rp71k3j,j1n29w1p,7kj36qn2,None,2
o1yxvv6q,8rp71k3j,pdvzmrr6,02qreepk,None,2
o1yxvv6q,8rp71k3j,j1n29w1p,zdn09l72,None,4
o1yxvv6q,8rp71k3j,o1yxvv6q,7kjzq1nd,None,38
o1yxvv6q,8rp71k3j,yd43op1e,xd1g50zd,None,1
o1yxvv6q,8rp71k3j,yd43op1e,n2yqlwzk,None,1
o1yxvv6q,8rp71k3j,yd43op1e,824plem2,None,2
o1yxvv6q,8rp71k3j,yd43op1e,z2774no2,None,2
o1yxvv6q,8rp71k3j,j1n29w1p,zdn09l72,None,4
o1yxvv6q,8rp71k3j,j1n29w1p,zdnr7wx2,None,5
o1yxvv6q,8rp71k3j,j1n29w1p,zdn09l72,None,2
o1yxvv6q,8rp71k3j,j1n29w1p,zdnr7wx2,None,7
o1yxvv6q,8rp71k3j,j1n29w1p,zdn09l72,None,4
o1yxvv6q,8rp71k3j,j1n29w1p,zdn09l72,None,4
o1yxvv6q,8rp71k3j,v1poq576,9kvoego2,None,1
o1yxvv6q,8rp71k3j,j1n29w1p,5dw496ek,None,1
o1yxvv6q,8rp71k3j,j1n29w1p,zdn09l72,None,2
o1yxvv6q,8rp71k3j,yd43op1e,xk9leqgk,None,2
o1yxvv6q,8rp71k3j,j1n29w1p,zdn09l72,None,3
o1yxvv6q,8rp71k3j,j1n29w1p,zdn09l72,None,3
o1yxvv6q,8rp71k3j,j1n29w1p,zdn09l72,None,3
o1yxvv6q,8rp71k3j,29d30dlp,rkle7mw2,None,12
o1yxvv6q,8rp71k3j,j1n29w1p,5dw496ek,None,2
o1yxvv6q,8rp71k3j,j1n29w1p,xd1g1yzd,None,2
o1yxvv6q,8rp71k3j,j1n29w1p,zdnr7wx2,None,2
o1yxvv6q,8rp71k3j,j1n29w1p,zdnr7wx2,None,4
o1yxvv6q,8rp71k3j,j1n29w1p,zdn09l72,None,4
o1yxvv6q,8rp71k3j,j1n29w1p,5dw496ek,None,2
o1yxvv6q,8rp71k3j,j1n29w1p,7kj36qn2,None,5
o1yxvv6q,8rp71k3j,j1n29w1p,7kj36qn2,None,3
o1yxvv6q,8rp71k3j,j1n29w1p,7kj36qn2,None,2
o1yxvv6q,8rp71k3j,j1n29w1p,vdoq9o9k,None,2
o1yxvv6q,8rp71k3j,j1n29w1p,vdoq9o9k,None,1
o1yxvv6q,8rp71k3j,j1n29w1p,vdoq9o9k,None,1
o1yxvv6q,8rp71k3j,o6g989d2,9d8j9jlk,None,1
o1yxvv6q,8rp71k3j,j1n29w1p,vdoq9o9k,None,1
o1yxvv6q,8rp71k3j,j1n29w1p,vdoq9o9k,None,1
o1yxvv6q,8rp71k3j,o6g989d2,9kvm7n8k,None,3
o1yxvv6q,8rp71k3j,o6g989d2,824m4mn2,None,3
o1yxvv6q,8rp71k3j,j1n29w1p,vdoq9o9k,None,1
o1yxvv6q,8rp71k3j,k6q4wn0d,5dw5veed,None,4
o1yxvv6q,8rp71k3j,j1n29w1p,zdnr7wx2,None,8
o1yxvv6q,8rp71k3j,yd43op1e,7kjv0xnk,None,1
o1yxvv6q,8rp71k3j,yd43op1e,9d8vol6k,None,2
o1yxvv6q,8rp71k3j,j1n29w1p,5dw496ek,None,2
o1yxvv6q,8rp71k3j,j1n29w1p,5dw496ek,None,3
o1yxvv6q,8rp71k3j,j1n29w1p,7kj36qn2,None,4
o1yxvv6q,8rp71k3j,j1n29w1p,7kj36qn2,None,3
o1yxvv6q,8rp71k3j,j1n29w1p,5dw496ek,None,1
o1yxvv6q,qxk33n28,o1yxvv6q,n2yj37z2,None,1
o1yxvv6q,qxk33n28,jy6578de,7dgg1pd4,None,17
o1yxvv6q,qxk33n28,y654z7de,wk6jzod1,None,3
o1yxvv6q,qxk33n28,jy6578de,wdmqrze2,495jmo3w,3
o1yxvv6q,qxk33n28,576rq4d8,z277oz20,None,21
o1yxvv6q,qxk33n28,3695l8dl,n2yq45zk,None,3
o1yxvv6q,qxk33n28,3695l8dl,9d8jwvlk,xd1q85wo,1
o1yxvv6q,qxk33n28,3695l8dl,jdzp456k,owopqk96,3
o1yxvv6q,qxk33n28,3695l8dl,824mopn2,owopqk96,7
o1yxvv6q,qxk33n28,3695l8dl,jdzp456k,xd4orr9m,1
o1yxvv6q,qxk33n28,n4d7r172,q254wgdo,None,12
o1yxvv6q,qxk33n28,n4d7r172,7wk6prd1,None,24
o1yxvv6q,qxk33n28,76r3v946,z27v85z2,None,3
o1yxvv6q,qxk33n28,yd4k79x6,xd1jv0rd,None,1
o1yxvv6q,qxk33n28,j1llw0z1,wkp9py82,None,4
o1yxvv6q,qxk33n28,268p89dp,w20n48dn,None,22
o1yxvv6q,qxk33n28,j1n5rw1p,5dw5g30d,None,2
o1yxvv6q,qxk33n28,lde35ze6,wk68wqp2,None,1
o1yxvv6q,qxk33n28,3695l8dl,9d8jwvlk,xd4orr9m,4
o1yxvv6q,qxk33n28,3695l8dl,jdzp456k,xd1q85wo,2
o1yxvv6q,qxk33n28,k6q4mk0d,zd36lwvd,None,2
o1yxvv6q,qxk33n28,k6q4mk0d,9kvmjo8k,r9g2qjjd,3
o1yxvv6q,qxk33n28,3695l8dl,zd3lo58d,None,2
o1yxvv6q,qxk33n28,3695l8dl,9d8jwvlk,xd4orr9m,4
o1yxvv6q,qxk33n28,3695l8dl,824mopn2,xd1q85wo,1
o1yxvv6q,qxk33n28,3695l8dl,824mopn2,y9mo1xw5,2
o1yxvv6q,qxk33n28,3695l8dl,02q8xj92,y9mo1xw5,1
o1yxvv6q,qxk33n28,3695l8dl,9d8jwvlk,5927n3w6,1
o1yxvv6q,qxk33n28,3695l8dl,jdzp456k,5927n3w6,1
o1yxvv6q,qxk33n28,3695l8dl,02q8xj92,owopqk96,3
o1yxvv6q,qxk33n28,3695l8dl,jdzp456k,y9mo1xw5,4
o1yxvv6q,qxk33n28,3695l8dl,02q8xj92,5927n3w6,1
o1yxvv6q,qxk33n28,3695l8dl,824mopn2,5927n3w6,1
o1yxvv6q,vqxk3m80,j1nqoy1p,vdo3nw9d,None,1
o1yxvv6q,vqxk3m80,j1nqoy1p,xd1memrd,592oynrd,1
o1yxvv6q,vqxk3m80,j1nqoy1p,xd1memrd,ldypo5rd,1
o1yxvv6q,vqxk3m80,j1nqoy1p,xd1memrd,xd078l4w,1
o1yxvv6q,vqxk3m80,j1nqoy1p,xd1memrd,n93gryed,1
o1yxvv6q,vqxk3m80,j1nqoy1p,xd1memrd,29vkq5nd,1
o1yxvv6q,vqxk3m80,j1nqoy1p,xd1memrd,xd43lrp9,1
o1yxvv6q,vqxk3m80,o1yxvv6q,7dg4n7ld,None,1
o1yxvv6q,vqxk3m80,j1nqoy1p,xd1memrd,xd07831w,1
o1yxvv6q,vqxk3m80,j1nqoy1p,xd1memrd,rw6nze7d,1
o1yxvv6q,vqxk3m80,j1nqoy1p,xd1memrd,n93grned,1
o1yxvv6q,vqxk3m80,j1nqoy1p,xd1memrd,592oynrd,2
o1yxvv6q,vqxk3m80,j1nqoy1p,xd1memrd,rw6nze7d,2
o1yxvv6q,vqxk3m80,j1nqoy1p,xd1memrd,n93gryed,2
o1yxvv6q,vqxk3m80,j1nqoy1p,xd1memrd,n93grned,2
o1yxvv6q,vqxk3m80,j1nqoy1p,xd1memrd,ldypo5rd,2
o1yxvv6q,vqxk3m80,j1nqoy1p,xd1memrd,xd078l4w,2
o1yxvv6q,vqxk3m80,j1nqoy1p,mke9x59d,None,11
o1yxvv6q,8wkkqyq8,o1yxvv6q,xk9jn84d,None,127
o1yxvv6q,j4rovv58,o1yxvv6q,xk9jn84d,None,202
o1yxvv6q,v813q0lx,46w3vzq1,zdnxzvx2,None,6
o1yxvv6q,v813q0lx,46w3vzq1,824qq3ek,None,2
o1yxvv6q,v813q0lx,yo1yv1q5,4xk906k0,None,5
o1yxvv6q,v813q0lx,o1yxvv6q,xk9jn84d,None,2
o1yxvv6q,v813q0lx,46w3vzq1,02qee072,None,2
o1yxvv6q,v813q0lx,n268x51p,7wk68x21,None,79
o1yxvv6q,v813q0lx,yo1yv1q5,xk9g1w6d,None,11
o1yxvv6q,v813q0lx,o1yxvv6q,n2yj37z2,None,5
o1yxvv6q,v813q0lx,n4d7r172,7wk6prd1,None,16
o1yxvv6q,v813q0lx,o1yxvv6q,xk9jn84d,None,8
o1yxvv6q,v813q0lx,yo1yv1q5,vdo0nzod,None,6
o1yxvv6q,v813q0lx,29d30dlp,nxd1rk8q,None,27
o1yxvv6q,v813q0lx,yo1yv1q5,wdm8v332,ewp72pjw,6
o1yxvv6q,v813q0lx,yo1yv1q5,wdm8v332,xd10kez9,7
o1yxvv6q,j969o4oj,o1yxvv6q,7kjzq1nd,None,10
o1yxvv6q,j969o4oj,29d30dlp,9zdne7dq,None,9
o1yxvv6q,j969o4oj,29d30dlp,nxd1rk8q,None,27
o1yxvv6q,lv8l328m,kdkq52dm,vdoz36kp,None,1
o1yxvv6q,lv8l328m,j1nqoy1p,vdo3nw9d,None,1
o1yxvv6q,lv8l328m,j1nqoy1p,xd1memrd,592oynrd,1
o1yxvv6q,lv8l328m,j1nqoy1p,xd1memrd,ldypo5rd,1
o1yxvv6q,lv8l328m,j1nqoy1p,xd1memrd,xd078l4w,1
o1yxvv6q,lv8l328m,j1nqoy1p,xd1memrd,n93gryed,1
o1yxvv6q,lv8l328m,j1nqoy1p,xd1memrd,xd43lrp9,1
o1yxvv6q,lv8l328m,j1nqoy1p,xd1memrd,29vkq5nd,1
o1yxvv6q,lv8l328m,o1yxvv6q,7dg4n7ld,None,1
o1yxvv6q,lv8l328m,j1nqoy1p,xd1memrd,xd07831w,1
o1yxvv6q,lv8l328m,j1nqoy1p,xd1memrd,rw6nze7d,1
o1yxvv6q,lv8l328m,j1nqoy1p,xd1memrd,n93grned,1
o1yxvv6q,lv8l328m,j1nqoy1p,zd30e6vd,n93grned,1
o1yxvv6q,lv8l328m,w6jlpxdj,ndxmvv2q,None,3
o1yxvv6q,lv8l328m,yo1yv1q5,4xk906k0,None,76
o1yxvv6q,lv8l328m,j1nqoy1p,zd30e6vd,z98jry1w,1
o1yxvv6q,lv8l328m,j1nqoy1p,zd30e6vd,z98jry1w,1
o1yxvv6q,lv8l328m,j1nqoy1p,zd30e6vd,5wk2k5xw,2
o1yxvv6q,lv8l328m,j1nqoy1p,mke9x59d,None,9
o1yxvv6q,lv8l328m,j1nqoy1p,mke9x59d,None,9
o1yxvv6q,lv8l328m,j1nqoy1p,mke9x59d,None,12
o1yxvv6q,lv8l328m,kdkrpq6m,jdrqpylk,None,2
o1yxvv6q,lv8l328m,ok6q991g,9d8x7el2,None,104
o1yxvv6q,lv8l328m,n4d7r172,7wk6prd1,None,76
o1yxvv6q,xy566rm8,o1yxvv6q,xk9jn84d,None,135
o1yxvv6q,j0nwwqw8,m1mx3nx6,zdnxlx92,None,7
o1yxvv6q,j0nwwqw8,o1yxvv6q,xk9jn84d,None,122
o1yxvv6q,j96yw4rj,qw6j21jm,02qm1mzd,None,6
o1yxvv6q,j96yw4rj,n4d7r172,xn2yqmko,None,47
o1yxvv6q,j96yw4rj,n268e96p,7wkp02rm,None,52
o1yxvv6q,j96yw4rj,76rx4z46,xk9g4vvd,None,1
o1yxvv6q,j96yw4rj,29d30dlp,jzd3y2nq,None,62
o1yxvv6q,j96yw4rj,ok6q4mdg,gq25ovko,None,5
o1yxvv6q,j96yw4rj,m1mnj54d,z27v9yo2,None,1
o1yxvv6q,j96yw4rj,yo1yv1q5,vdo0nzod,None,35
o1yxvv6q,j96yw4rj,om1mx362,7kjvmgk3,None,58
o1yxvv6q,j96yw4rj,om1mx362,7kjvmgk3,None,171
o1yxvv6q,j96yw4rj,o1yxvv6q,xk98gj42,None,7
o1yxvv6q,j96yw4rj,o1yxvv6q,xk98gj42,None,4
o1yxvv6q,j96yw4rj,m9dowk1p,p7kjr423,None,49
o1yxvv6q,j96yw4rj,o1yxvv6q,xk98gj42,None,11
o1yxvv6q,j96yw4rj,76rx4z46,n2y50g7k,None,1
o1yxvv6q,j96yw4rj,29d30dlp,nxd1rk8q,None,303
o1yxvv6q,j96yw4rj,29d30dlp,z2771020,None,71
o1yxvv6q,j96yw4rj,o1yxvv6q,wk61oord,None,13
o1yxvv6q,j96yw4rj,o1yxvv6q,n2yj37z2,None,9
o1yxvv6q,j96yw4rj,m1mnj54d,z27v9yo2,None,7
o1yxvv6q,j96yw4rj,j1nqoy1p,mke9x59d,None,75
o1yxvv6q,j96yw4rj,m1mnj54d,z27v9yo2,None,8
o1yxvv6q,j96yw4rj,9d385vg1,zd3qjvvk,None,106
o1yxvv6q,j96yw4rj,9d385vg1,9d8lo0q2,None,62
o1yxvv6q,j96yw4rj,ok6q4mdg,ndx1elr2,None,11
o1yxvv6q,j96yw4rj,j1nqoy1p,n2y7yne2,None,5
o1yxvv6q,j96yw4rj,o1yxvv6q,xk98gj42,None,11
o1yxvv6q,zxzgw64j,m9dowk1p,7dg8y7x2,None,1
o1yxvv6q,zxzgw64j,kdkm5ol1,ndx0vzod,None,47
o1yxvv6q,zxzgw64j,k6qwl3z6,w2055nod,None,1
o1yxvv6q,zxzgw64j,pdv2qoo6,xk9951gk,None,2
o1yxvv6q,zxzgw64j,m9dowk1p,7dg8y7x2,None,1
o1yxvv6q,zxzgw64j,j1nev591,wk68xyq2,None,6
o1yxvv6q,zxzgw64j,m9dowk1p,wdmz69x2,None,1
o1yxvv6q,zxzgw64j,3692k0dl,xk90w3yk,29vmj1n9,1
o1yxvv6q,zxzgw64j,3692k0dl,02qg41pd,29vmj1n9,1
o1yxvv6q,zxzgw64j,3692k0dl,7kjo79x2,29vmj1n9,1
o1yxvv6q,zxzgw64j,3692k0dl,xk9p95yd,29vmj1n9,1
o1yxvv6q,zxzgw64j,3692k0dl,ndxn80jk,29vmj1n9,1
o1yxvv6q,zxzgw64j,3692k0dl,7kjz19xd,29vmj1n9,1
o1yxvv6q,zxzgw64j,m9dowk1p,824x063d,495j8m0w,1
o1yxvv6q,zxzgw64j,m9dowk1p,824x063d,ywe28y7w,1
o1yxvv6q,zxzgw64j,m9dowk1p,824x063d,xd0k71x9,1
o1yxvv6q,zxzgw64j,m9dowk1p,824x063d,ldy1pxrd,1
o1yxvv6q,zxzgw64j,76rxj546,z27oreod,None,2
o1yxvv6q,zxzgw64j,76rxj546,z27oreod,None,2
o1yxvv6q,zxzgw64j,76rxj546,z27oreod,None,3
o1yxvv6q,zxzgw64j,76rxj546,zd37wmr2,None,3
o1yxvv6q,zxzgw64j,76rxj546,z27oreod,None,4
o1yxvv6q,zxzgw64j,76rxj546,z27oreod,None,2
o1yxvv6q,zxzgw64j,m9dowk1p,824x063d,5d7y3pgd,1
o1yxvv6q,zxzgw64j,m9dowk1p,824x063d,495k8239,1
o1yxvv6q,zxzgw64j,m9dowk1p,824x063d,gdrpqr6w,1
o1yxvv6q,zxzgw64j,m9dowk1p,824x063d,y9m5p65d,1
o1yxvv6q,zxzgw64j,m9dowk1p,824x063d,ldy1pxkd,1
o1yxvv6q,zxzgw64j,m9dowk1p,824x063d,29vmk639,1
o1yxvv6q,zxzgw64j,m9dowk1p,824x063d,n93qg1zw,1
o1yxvv6q,zxzgw64j,m9dowk1p,824x063d,nwlg7009,1
o1yxvv6q,zxzgw64j,m9dowk1p,824x063d,rdnop4qw,1
o1yxvv6q,zxzgw64j,m9dowk1p,824x063d,ldy1pqkd,1
o1yxvv6q,zxzgw64j,m9dowk1p,824x063d,rw6qn5rd,1
o1yxvv6q,zxzgw64j,j1n4jx6p,9d8oezw2,ywe0z1r9,1
o1yxvv6q,zxzgw64j,j1n4jx6p,9d8oezw2,5wk0g6q9,2
o1yxvv6q,zxzgw64j,j1n4jx6p,xk9prxd0,None,1
o1yxvv6q,zxzgw64j,o1yxvv6q,02q8l3j2,None,1
o1yxvv6q,zxzgw64j,j1n4jx6p,jdr97nd6,None,1
o1yxvv6q,zxzgw64j,m1znz310,zdnrlye2,xd07p5xw,1
o1yxvv6q,zxzgw64j,m1zjzn26,vdox656d,rdnqyq5d,1
o1yxvv6q,zxzgw64j,m1zjzn26,vdox656d,kwjv260w,2
o1yxvv6q,zxzgw64j,j1n8zq91,mkey98j2,None,21
o1yxvv6q,zxzgw64j,m9dowk1p,wdmz69x2,None,2
o1yxvv6q,zxzgw64j,m1znz310,q258e1y2,592om7od,1
o1yxvv6q,zxzgw64j,j1n8zq91,8248geek,None,2
o1yxvv6q,zxzgw64j,46w382n1,w203ewz2,None,28
o1yxvv6q,zxzgw64j,46w382n1,mkel4q8d,None,2
o1yxvv6q,zxzgw64j,m1znz310,q258e1y2,29vkgr3d,1
o1yxvv6q,zxzgw64j,m1znz310,zdnrlye2,592om7od,1
o1yxvv6q,zxzgw64j,m1znz310,zdnrlye2,rw6n26rd,4
o1yxvv6q,zxzgw64j,m1znz310,q258e1y2,rw6n26rd,2
o1yxvv6q,zxzgw64j,pd02ew1e,mkejj8n2,rdq1j6g9,2
o1yxvv6q,zxzgw64j,m1znz310,zdnrlye2,29vkgr3d,1
o1yxvv6q,zxzgw64j,m1zn9m10,ndxmp152,592zeor9,3
o1yxvv6q,zxzgw64j,m9dowk1p,824x063d,nwlg7409,1
o1yxvv6q,zxzgw64j,m9dowk1p,824x063d,rdqz14kd,1
o1yxvv6q,zxzgw64j,m9dowk1p,824x063d,y9mepg5d,1
o1yxvv6q,zxzgw64j,m1znz310,q258e1y2,nwl70j09,1
o1yxvv6q,zxzgw64j,y65px8de,q258lyy2,n937262d,7
o1yxvv6q,zxzgw64j,y65px8de,q258lyy2,z98621rd,49
o1yxvv6q,zxzgw64j,m9dowk1p,p7kjr423,None,2
o1yxvv6q,zxzgw64j,yd4ojyk1,9kvo05o2,495lzn3d,3
o1yxvv6q,zxzgw64j,m9dowk1p,824x063d,xd0k7px9,1
o1yxvv6q,zxzgw64j,m9dowk1p,824x063d,5wkkrx2w,1
o1yxvv6q,zxzgw64j,m9dowk1p,824x063d,29vmkg39,1
o1yxvv6q,zxzgw64j,m9dowk1p,824x063d,xd1054e9,1
o1yxvv6q,zxzgw64j,m9dowk1p,824x063d,owok23od,1
o1yxvv6q,zxzgw64j,m9dowk1p,824x063d,kwjyevnw,1
o1yxvv6q,zxzgw64j,pd02ew1e,7dg553l2,z9888v19,4
o1yxvv6q,zxzgw64j,46wkwq6r,xd13p7wk,None,3
o1yxvv6q,zxzgw64j,j1n4jx6p,9d8oezw2,495pv5jw,2
o1yxvv6q,zxzgw64j,j1n4jx6p,9d8oezw2,n93k27ew,3
o1yxvv6q,zxzgw64j,j1n4jx6p,9d8oezw2,o9x6m719,1
o1yxvv6q,zxzgw64j,j1n4jx6p,9d8oezw2,rw62k47d,3
o1yxvv6q,zxzgw64j,lde3wrn6,5dwgjmnk,kwjpv27w,2
o1yxvv6q,zxzgw64j,pd02ew1e,9kv3eo2g,None,5
o1yxvv6q,zxzgw64j,m9dowk1p,824x063d,69zp4elw,1
o1yxvv6q,zxzgw64j,nj1nee1p,jdz8m6dv,None,21
o1yxvv6q,zxzgw64j,m9dowk1p,824x063d,ywe28xyw,1
o1yxvv6q,zxzgw64j,m9dowk1p,824x063d,495k8x09,1
o1yxvv6q,zxzgw64j,yd4r4x1e,zdn8ljnd,None,4
o1yxvv6q,zxzgw64j,k6q4lv9d,q259rygk,None,50
o1yxvv6q,zxzgw64j,m9dowk1p,9d833362,None,1
o1yxvv6q,zxzgw64j,m9dowk1p,9d833362,None,1
o1yxvv6q,zxzgw64j,o1yxvv6q,02q8l3j2,None,1
o1yxvv6q,zxzgw64j,m9dowk1p,824x063d,kwj7e4nw,1
o1yxvv6q,zxzgw64j,m9dowk1p,824x063d,5wk2re2w,1
o1yxvv6q,zxzgw64j,lde0pn63,7kjrm0g2,o9x28g1w,3
o1yxvv6q,zxzgw64j,m9dowk1p,7dg8y7x2,None,1
o1yxvv6q,zxzgw64j,m9dowk1p,824x063d,5wk2rq2w,1
o1yxvv6q,zxzgw64j,m9dowk1p,824x063d,r9gy3q59,1
o1yxvv6q,zxzgw64j,m9dowk1p,824x063d,o9x1lr0d,1
o1yxvv6q,zxzgw64j,m9dowk1p,824x063d,xd1j5led,1
o1yxvv6q,zxzgw64j,m9dowk1p,824x063d,ewp7qnkw,1
o1yxvv6q,zxzgw64j,m9dowk1p,824x063d,y9m5p05d,1
o1yxvv6q,zxzgw64j,m9dowk1p,824x063d,5wkkr02w,1
o1yxvv6q,zxzgw64j,m9dowk1p,824x063d,5920omod,1
o1yxvv6q,zxzgw64j,m9dowk1p,824x063d,rw6qn2rd,1
o1yxvv6q,zxzgw64j,m9dowk1p,824x063d,n93qgknw,1
o1yxvv6q,zxzgw64j,m9dowk1p,824x063d,z98r83gd,1
o1yxvv6q,zxzgw64j,m9dowk1p,824x063d,z98r8pgd,1
o1yxvv6q,zxzgw64j,m9dowk1p,824x063d,rdnop3qw,1
o1yxvv6q,zxzgw64j,m9dowk1p,824x063d,xd403129,1
o1yxvv6q,zxzgw64j,m9dowk1p,824x063d,xd1j5ped,1
o1yxvv6q,zxzgw64j,m9dowk1p,824x063d,69zp47lw,1
o1yxvv6q,zxzgw64j,m9dowk1p,824x063d,ywe280yw,1
o1yxvv6q,zxzgw64j,m9dowk1p,824x063d,o9x1l60d,1
o1yxvv6q,zxzgw64j,m9dowk1p,824x063d,rdnop7qw,1
o1yxvv6q,zxzgw64j,m9dowk1p,824x063d,5920okod,1
o1yxvv6q,zxzgw64j,m9dowk1p,824x063d,rw6qn1rd,1
o1yxvv6q,zxzgw64j,m9dowk1p,824x063d,r9gy3659,1
o1yxvv6q,zxzgw64j,m9dowk1p,824x063d,495k8p09,1
o1yxvv6q,zxzgw64j,m9dowk1p,824x063d,n93qg1nw,1
o1yxvv6q,zxzgw64j,m9dowk1p,824x063d,gdrpq66w,1
o1yxvv6q,zxzgw64j,m9dowk1p,824x063d,69zp45gw,1
o1yxvv6q,zxzgw64j,m9dowk1p,824x063d,rdqz182d,1
o1yxvv6q,zxzgw64j,m9dowk1p,824x063d,z98r84gd,1
o1yxvv6q,zxzgw64j,m9dowk1p,824x063d,ldy1plkd,1
o1yxvv6q,zxzgw64j,m9dowk1p,824x063d,rdq01nkw,1
o1yxvv6q,zxzgw64j,m9dowk1p,824x063d,592jorow,1
o1yxvv6q,zxzgw64j,m9dowk1p,824x063d,ewppqokw,1
o1yxvv6q,zxzgw64j,lde0pn63,7kjrm0g2,xd00mp1d,1
o1yxvv6q,zxzgw64j,lde0pn63,7kjrm0g2,n930vke9,2
o1yxvv6q,zxzgw64j,m9dowk1p,824x063d,o9x1lgpd,1
o1yxvv6q,zxzgw64j,m9dowk1p,824x063d,r9gy3lp9,1
o1yxvv6q,zxzgw64j,m9dowk1p,824x063d,nwlg75e9,1
o1yxvv6q,zxzgw64j,m9dowk1p,824x063d,gdrpqnlw,1
o1yxvv6q,zxzgw64j,m9dowk1p,824x063d,xd46z2r9,1
o1yxvv6q,zxzgw64j,m9dowk1p,824x063d,29vyx7l9,1
o1yxvv6q,zxzgw64j,m9dowk1p,824x063d,nwl67z0w,1
o1yxvv6q,zxzgw64j,m9dowk1p,824x063d,gdrjqo6w,1
o1yxvv6q,zxzgw64j,m9dowk1p,824x063d,rdn5pqqd,1
o1yxvv6q,zxzgw64j,m9dowk1p,824x063d,ldyep3kw,1
o1yxvv6q,zxzgw64j,m9dowk1p,824x063d,gdrjqy6w,1
o1yxvv6q,zxzgw64j,m9dowk1p,824x063d,nwl6720w,1
o1yxvv6q,zxzgw64j,n4d7r172,wkpjll0k,29vyrqq9,5
o1yxvv6q,zxzgw64j,o1yj0pr1,jdzl1562,r9gmr0q9,2
o1yxvv6q,zxzgw64j,m9dowk1p,824x063d,z98j8mgw,1
o1yxvv6q,zxzgw64j,m9dowk1p,824x063d,5d7732gd,1
o1yxvv6q,zxzgw64j,m9dowk1p,824x063d,n930gmn9,1
o1yxvv6q,zxzgw64j,m9dowk1p,824x063d,rw6vngr9,1
o1yxvv6q,zxzgw64j,m9dowk1p,824x063d,rw6vnmr9,1
o1yxvv6q,zxzgw64j,m9dowk1p,824x063d,xd0074xd,1
o1yxvv6q,zxzgw64j,m9dowk1p,824x063d,xd463k29,1
o1yxvv6q,zxzgw64j,m9dowk1p,824x063d,29vyk039,1
o1yxvv6q,zxzgw64j,m9dowk1p,824x063d,592jo4ow,1
o1yxvv6q,zxzgw64j,m9dowk1p,824x063d,29vykz39,1
o1yxvv6q,zxzgw64j,m9dowk1p,824x063d,n930gln9,1
o1yxvv6q,zxzgw64j,m9dowk1p,824x063d,n93qgznw,1
o1yxvv6q,zxzgw64j,m9dowk1p,824x063d,z98r83pd,1
o1yxvv6q,zxzgw64j,m9dowk1p,824x063d,rdnop77w,1
o1yxvv6q,zxzgw64j,m9dowk1p,824x063d,owo728o9,1
o1yxvv6q,zxzgw64j,w6jl725d,02qoyzyk,None,10
o1yxvv6q,zxzgw64j,m9dowk1p,824x063d,o9x2lx0w,1
o1yxvv6q,zxzgw64j,m9dowk1p,824x063d,r9gz375d,1
o1yxvv6q,zxzgw64j,m9dowk1p,824x063d,69zr48ld,1
o1yxvv6q,zxzgw64j,m9dowk1p,824x063d,ywe48qyd,1
o1yxvv6q,zxzgw64j,m9dowk1p,824x063d,ldyepkkw,1
o1yxvv6q,zxzgw64j,m9dowk1p,824x063d,rdn5pxqd,1
o1yxvv6q,zxzgw64j,m9dowk1p,824x063d,z98j85gw,1
o1yxvv6q,zxzgw64j,m9dowk1p,824x063d,kwj7e0nw,1
o1yxvv6q,zxzgw64j,m9dowk1p,824x063d,5d7y3qgd,1
o1yxvv6q,zxzgw64j,m9dowk1p,824x063d,xd403p29,1
o1yxvv6q,zxzgw64j,m9dowk1p,824x063d,owo724o9,1
o1yxvv6q,zxzgw64j,o1yxvv6q,wk61oord,None,11
o1yxvv6q,zxzgw64j,m9dowk1p,824x063d,xd463e29,1
o1yxvv6q,zxzgw64j,m9dowk1p,824x063d,xd007nxd,1
o1yxvv6q,zxzgw64j,m9dowk1p,824x063d,rdqz1ykd,1
o1yxvv6q,zxzgw64j,m9dowk1p,824x063d,ewp7q3kw,1
o1yxvv6q,zxzgw64j,lde0pn63,ndxjpm12,None,17
o1yxvv6q,qxk3kr28,xlde3j63,z279e9gd,None,4
o1yxvv6q,qxk3kr28,o1y9wo6q,n2y55mko,None,619
o1yxvv6q,qxk3kr28,o1ymwk1q,7kjrxx42,None,1078
o1yxvv6q,qxk3kr28,y65420de,xd13zwk8,None,99
o1yxvv6q,qxk3kr28,y65420de,02qp8ljd,None,27
o1yxvv6q,qxk3kr28,y65420de,8241mrm2,None,15
o1yxvv6q,qxk3kr28,y65420de,9d8xjg62,None,13
o1yxvv6q,qxk3kr28,y65420de,z276yr5d,None,124
o1yxvv6q,qxk3kr28,n4d7oz17,7kj94423,None,4
o1yxvv6q,qxk3kr28,lde32n63,wk61ypd1,None,1
o1yxvv6q,qxk3kr28,o1yxvv6q,7kjzq1nd,None,19
o1yxvv6q,qxk3kr28,29d30dlp,nxd1rk8q,None,90
o1yxvv6q,qxk3kr28,o1y9wo6q,n2y55mko,None,3441
o1yxvv6q,qxk3kr28,y655lg06,vdoyrev2,kwjro80d,2
o1yxvv6q,qxk3kr28,y655lg06,vdoyrev2,rdqq63od,2
o1yxvv6q,qxk3kr28,y655lg06,vdoyrev2,rdqq65od,1
o1yxvv6q,qxk3kr28,y655lg06,vdoyrev2,owoxgqjw,1
o1yxvv6q,qxk3kr28,y655lg06,vdoyrev2,xd11v8zd,1
o1yxvv6q,qxk3kr28,y655lg06,vdoyrev2,5d7r6eq9,1
o1yxvv6q,qxk3kr28,y655lg06,vdoyrev2,rw6ykep9,1
o1yxvv6q,qxk3kr28,y655lg06,vdoyrev2,ldy045p9,1
o1yxvv6q,qxk3kr28,y655lg06,vdoyrev2,o9x0mz39,1
o1yxvv6q,qxk3kr28,y655lg06,vdoyrev2,kwjro60d,1
o1yxvv6q,qxk3kr28,y655lg06,vdoyrev2,rdqq6ood,1
o1yxvv6q,qxk3kr28,y655lg06,vdoyrev2,5d7r6xq9,2
o1yxvv6q,qxk3kr28,y655lg06,vdoyrev2,owoxg5jw,1
o1yxvv6q,qxk3kr28,y655lg06,vdoyrev2,ewp5k0y9,1
o1yxvv6q,qxk3kr28,y655lg06,vdoyrev2,69z0mnxd,2
o1yxvv6q,qxk3kr28,y655lg06,vdoyrev2,o9x0m339,2
o1yxvv6q,qxk3kr28,y655lg06,vdoyrev2,xd0ov3md,2
o1yxvv6q,qxk3kr28,y655lg06,vdoyrev2,xd48vrqw,2
o1yxvv6q,qxk3kr28,qw6j21jm,9zdnw9dq,None,5
o1yxvv6q,qxk3kr28,y655lg06,9kv8vwed,None,1
o1yxvv6q,qxk3kr28,n268e96p,7wkp02rm,None,49
o1yxvv6q,qxk3kr28,o1yj0pr1,zdnzeqxd,None,6
o1yxvv6q,qxk3kr28,n4d7r172,q254wgdo,None,20
o1yxvv6q,qxk3kr28,qw6j21jm,9zdnw9dq,None,10
o1yxvv6q,qxk3kr28,o1yxvv6q,wk61oord,None,8
o1yxvv6q,qxk3kr28,o1yxvv6q,wk61oord,None,10
o1yxvv6q,qxk3kr28,o1yj0pr1,zdnzeqxd,None,2
o1yxvv6q,qxk3kr28,m9dowk1p,p7kjr423,None,14
o1yxvv6q,qxk3kr28,y655lg06,vdoyrev2,ywepzmld,2
o1yxvv6q,qxk3kr28,y655lg06,vdoyrev2,gdr7k1ew,2
o1yxvv6q,qxk3kr28,y655lg06,vdoyrev2,owoxgejw,2
o1yxvv6q,qxk3kr28,ok6q4mdg,7dgx40lk,None,1
o1yxvv6q,qxk3kr28,ok6q4mdg,7kj15n4k,None,10
o1yxvv6q,qxk3kr28,ok6q4mdg,wdm83eo2,None,6
o1yxvv6q,qxk3kr28,ok6q4mdg,9d86gp72,rdqzml1d,2
o1yxvv6q,qxk3kr28,ok6q4mdg,9d86gp72,o9x1y41d,1
o1yxvv6q,qxk3kr28,ok6q4mdg,9d86gp72,y9m5m81d,2
o1yxvv6q,qxk3kr28,ok6q4mdg,9d86gp72,xd1jzx6d,1
o1yxvv6q,qxk3kr28,ok6q4mdg,9d86gp72,5d7yj8vd,2
o1yxvv6q,qxk3kr28,ok6q4mdg,ndx1elr2,None,6
o1yxvv6q,qxk3kr28,y655lg06,wkpn8wwd,ywepzxqd,2
o1yxvv6q,qxk3kr28,y655lg06,wkpn8wwd,n9332n29,1
o1yxvv6q,qxk3kr28,y655lg06,wkpn8wwd,ewp5k0y9,2
o1yxvv6q,qxk3kr28,y655lg06,wkpn8wwd,xd11v8zd,2
o1yxvv6q,qxk3kr28,y655lg06,wkpn8wwd,owoxgqjw,2
o1yxvv6q,qxk3kr28,y655lg06,wkpn8wwd,rdqq65od,2
o1yxvv6q,qxk3kr28,y655lg06,wkpn8wwd,ldy045p9,2
o1yxvv6q,qxk3kr28,y655lg06,wkpn8wwd,o9x0mz39,2
o1yxvv6q,qxk3kr28,y655lg06,wkpn8wwd,xd0ov3md,4
o1yxvv6q,qxk3kr28,y655lg06,wkpn8wwd,kwjro80d,4
o1yxvv6q,qxk3kr28,y655lg06,wkpn8wwd,rw6ykep9,2
o1yxvv6q,qxk3kr28,y655lg06,wkpn8wwd,rdqq63od,3
o1yxvv6q,qxk3kr28,y655lg06,wkpn8wwd,5d7r6eq9,3
o1yxvv6q,qxk3kr28,qw6j21jm,ndx8gnok,r9gz025d,2
o1yxvv6q,qxk3kr28,ok6q4mdg,rkl3p4nk,None,2
o1yxvv6q,qxk3kr28,o1yxvv6q,xk98gj42,None,1
o1yxvv6q,qxk3kr28,o1yxvv6q,xk98gj42,None,4
o1yxvv6q,qxk3kr28,o1yxvv6q,xk98gj42,None,2
o1yxvv6q,qxk3kr28,29d30dlp,02q75pdy,None,9
o1yxvv6q,qxk3kr28,29d30dlp,z2771020,None,72
o1yxvv6q,qxk3kr28,y655lg06,xd1jy6wd,None,9
o1yxvv6q,qxk3kr28,y655lg06,vdoyrev2,o9x0mx39,1
o1yxvv6q,qxk3kr28,y655lg06,vdoyrev2,69z0m8xd,2
o1yxvv6q,qxk3kr28,y655lg06,vdoyrev2,495nvmm9,1
o1yxvv6q,qxk3kr28,y655lg06,vdoyrev2,5d7r62q9,1
o1yxvv6q,qxk3kr28,y655lg06,vdoyrev2,ywepzqld,1
o1yxvv6q,qxk3kr28,y655lg06,vdoyrev2,z98l2mrd,2
o1yxvv6q,qxk3kr28,y655lg06,vdoyrev2,rdngkq59,1
o1yxvv6q,qxk3kr28,y655lg06,vdoyrev2,ldy043p9,1
o1yxvv6q,qxk3kr28,y655lg06,vdoyrev2,gdr7kyew,2
o1yxvv6q,qxk3kr28,y655lg06,vdoyrev2,nwlek2od,1
o1yxvv6q,qxk3kr28,y655lg06,vdoyrev2,r9g8k7jd,1
o1yxvv6q,qxk3kr28,y655lg06,vdoyrev2,kwjrov0d,1
o1yxvv6q,qxk3kr28,y655lg06,vdoyrev2,xd0ov4md,1
o1yxvv6q,qxk3kr28,y655lg06,vdoyrev2,rdngkx59,1
o1yxvv6q,qxk3kr28,y655lg06,vdoyrev2,gdr7koew,2
o1yxvv6q,qxk3kr28,y655lg06,vdoyrev2,n9332l29,1
o1yxvv6q,qxk3kr28,y655lg06,zd3j9pr2,None,4
o1yxvv6q,qxk3kr28,y655lg06,vdoyrev2,ldy04kp9,1
o1yxvv6q,qxk3kr28,y655lg06,vdoyrev2,rw6ykmp9,1
o1yxvv6q,qxk3kr28,y655lg06,zd3j9pe2,None,3
o1yxvv6q,qxk3kr28,y655lg06,rkl56w62,None,3
o1yxvv6q,qxk3kr28,y655lg06,9kv8vwed,None,2
